13
34 423350.600 423350.550 423350.350 423350.300 423351.270 423351.380 423351.470 423351.580 423351.700 423351.830 423351.980 423352.130 423352.290 423352.470 423352.650 423352.850 423353.050 423353.270 423353.490 423353.720 423354.140 423354.390 423354.650 423354.920 423355.190 423355.470 423355.750 423356.040 423353.560 423352.400 423352.350 423352.450 423352.505 423350.600 564720.099 564720.250 564721.450 564722.050 564734.140 564734.520 564734.810 564735.100 564735.380 564735.660 564735.930 564736.190 564736.450 564736.710 564736.950 564737.190 564737.420 564737.640 564737.850 564738.050 564738.380 564738.560 564738.730 564738.880 564739.030 564739.160 564739.270 564739.370 564736.060 564721.900 564721.200 564720.300 564720.099 564720.099
7 423288.450 423287.650 423288.400 423289.100 423290.450 423289.900 423288.450 564730.100 564730.150 564738.460 564738.300 564737.000 564731.350 564730.100
7 423290.050 423289.200 423289.700 423290.550 423291.650 423291.400 423290.050 564747.800 564747.900 564753.400 564753.350 564751.550 564749.000 564747.800
18 423340.003 423340.190 423340.810 423341.460 423342.090 423342.750 423343.250 423343.360 423343.990 423344.610 423345.230 423345.336 423347.617 423345.420 423345.010 423344.200 423342.227 423340.003 564720.099 564722.160 564728.950 564736.040 564743.000 564750.250 564755.700 564756.940 564763.950 564770.900 564777.800 564779.001 564779.001 564755.150 564750.660 564741.900 564720.099 564720.099
18 423340.003 423340.190 423340.810 423341.460 423342.090 423342.750 423343.250 423343.360 423343.990 423344.610 423345.230 423345.336 423347.617 423345.420 423345.010 423344.200 423342.227 423340.003 564720.099 564722.160 564728.950 564736.040 564743.000 564750.250 564755.700 564756.940 564763.950 564770.900 564777.800 564779.001 564779.001 564755.150 564750.660 564741.900 564720.099 564720.099
19 423295.031 423297.950 423295.800 423296.100 423299.200 423300.183 423302.365 423302.150 423301.750 423301.110 423300.500 423299.880 423299.240 423299.000 423298.650 423298.050 423297.470 423297.180 423295.031 564720.099 564753.050 564761.450 564765.150 564767.600 564779.001 564779.001 564776.550 564772.100 564765.060 564758.310 564751.460 564744.320 564741.700 564737.500 564730.450 564723.550 564720.099 564720.099
19 423295.031 423297.950 423295.800 423296.100 423299.200 423300.183 423302.365 423302.150 423301.750 423301.110 423300.500 423299.880 423299.240 423299.000 423298.650 423298.050 423297.470 423297.180 423295.031 564720.099 564753.050 564761.450 564765.150 564767.600 564779.001 564779.001 564776.550 564772.100 564765.060 564758.310 564751.460 564744.320 564741.700 564737.500 564730.450 564723.550 564720.099 564720.099
19 423295.031 423297.950 423295.800 423296.100 423299.200 423300.183 423302.365 423302.150 423301.750 423301.110 423300.500 423299.880 423299.240 423299.000 423298.650 423298.050 423297.470 423297.180 423295.031 564720.099 564753.050 564761.450 564765.150 564767.600 564779.001 564779.001 564776.550 564772.100 564765.060 564758.310 564751.460 564744.320 564741.700 564737.500 564730.450 564723.550 564720.099 564720.099
27 423284.581 423284.600 423285.050 423285.334 423285.550 423286.500 423286.500 423286.700 423287.320 423287.950 423288.560 423289.190 423289.750 423289.790 423289.936 423292.050 423290.950 423290.450 423292.250 423291.950 423290.100 423289.300 423291.000 423290.450 423288.300 423287.494 423284.581 564720.099 564720.320 564724.750 564727.223 564729.100 564739.600 564740.060 564742.820 564749.750 564756.700 564763.600 564770.600 564776.950 564777.350 564779.001 564779.001 564765.750 564760.100 564752.300 564748.450 564747.000 564739.000 564737.150 564730.800 564729.150 564720.099 564720.099
27 423284.581 423284.600 423285.050 423285.334 423285.550 423286.500 423286.500 423286.700 423287.320 423287.950 423288.560 423289.190 423289.750 423289.790 423289.936 423292.050 423290.950 423290.450 423292.250 423291.950 423290.100 423289.300 423291.000 423290.450 423288.300 423287.494 423284.581 564720.099 564720.320 564724.750 564727.223 564729.100 564739.600 564740.060 564742.820 564749.750 564756.700 564763.600 564770.600 564776.950 564777.350 564779.001 564779.001 564765.750 564760.100 564752.300 564748.450 564747.000 564739.000 564737.150 564730.800 564729.150 564720.099 564720.099
7 423298.650 423297.550 423296.350 423296.650 423298.250 423299.150 423298.650 564759.950 564760.050 564761.700 564764.750 564766.300 564766.200 564759.950
52 423357.475 423355.370 423355.120 423357.490 423356.830 423356.610 423356.390 423356.180 423355.980 423355.780 423355.580 423355.390 423355.210 423355.040 423354.870 423354.580 423352.270 423352.160 423352.060 423351.970 423351.870 423351.780 423351.690 423351.600 423351.510 423351.430 423351.350 423351.280 423351.200 423351.130 423351.070 423350.980 423350.930 423350.880 423350.830 423350.790 423350.750 423350.710 423350.680 423350.660 423350.640 423350.620 423350.610 423350.600 423350.600 423350.600 423350.710 423351.120 423351.920 423354.140 423355.248 423357.475 564779.001 564755.880 564752.190 564750.670 564744.400 564744.500 564744.610 564744.730 564744.850 564744.990 564745.130 564745.280 564745.440 564745.610 564745.780 564746.110 564746.380 564746.420 564746.470 564746.520 564746.580 564746.640 564746.700 564746.770 564746.840 564746.910 564746.990 564747.070 564747.150 564747.240 564747.330 564747.460 564747.560 564747.660 564747.760 564747.860 564747.960 564748.070 564748.170 564748.280 564748.390 564748.500 564748.610 564748.720 564748.830 564748.940 564750.140 564754.620 564763.280 564766.590 564779.001 564779.001
52 423357.475 423355.370 423355.120 423357.490 423356.830 423356.610 423356.390 423356.180 423355.980 423355.780 423355.580 423355.390 423355.210 423355.040 423354.870 423354.580 423352.270 423352.160 423352.060 423351.970 423351.870 423351.780 423351.690 423351.600 423351.510 423351.430 423351.350 423351.280 423351.200 423351.130 423351.070 423350.980 423350.930 423350.880 423350.830 423350.790 423350.750 423350.710 423350.680 423350.660 423350.640 423350.620 423350.610 423350.600 423350.600 423350.600 423350.710 423351.120 423351.920 423354.140 423355.248 423357.475 564779.001 564755.880 564752.190 564750.670 564744.400 564744.500 564744.610 564744.730 564744.850 564744.990 564745.130 564745.280 564745.440 564745.610 564745.780 564746.110 564746.380 564746.420 564746.470 564746.520 564746.580 564746.640 564746.700 564746.770 564746.840 564746.910 564746.990 564747.070 564747.150 564747.240 564747.330 564747.460 564747.560 564747.660 564747.760 564747.860 564747.960 564748.070 564748.170 564748.280 564748.390 564748.500 564748.610 564748.720 564748.830 564748.940 564750.140 564754.620 564763.280 564766.590 564779.001 564779.001
