22
5 424073.832 424074.329 424074.889 424075.373 424073.832 564492.722 564493.073 564493.469 564492.784 564492.722
25 424072.283 424065.954 424063.143 424060.646 424056.129 424056.493 424056.942 424057.626 424057.798 424058.592 424059.859 424061.025 424062.512 424067.102 424069.050 424070.503 424071.195 424071.934 424072.729 424072.811 424073.746 424074.889 424074.329 424073.832 424072.283 564492.660 564492.660 564494.331 564495.127 564495.517 564496.119 564496.861 564497.573 564497.694 564498.257 564498.783 564498.985 564499.028 564498.606 564498.248 564497.685 564497.417 564496.952 564496.286 564496.189 564495.086 564493.469 564493.073 564492.722 564492.660
31 423994.297 423994.328 423995.261 423995.753 423995.915 423996.253 423997.332 423997.538 423998.238 423999.256 424000.000 424009.100 424021.280 424032.600 424044.183 424044.184 424044.267 424045.557 424046.927 424047.453 424047.708 424048.086 424048.769 424049.216 424049.385 424049.392 424043.978 424002.310 424000.000 423994.297 423994.297 564505.131 564505.127 564504.818 564504.593 564504.519 564504.365 564503.855 564503.732 564503.313 564502.663 564502.600 564501.870 564500.900 564500.000 564498.911 564498.934 564500.357 564500.193 564499.621 564499.261 564499.046 564498.575 564497.723 564496.783 564496.124 564496.099 564496.566 564500.000 564500.190 564500.663 564505.131
31 423994.297 423994.328 423995.261 423995.753 423995.915 423996.253 423997.332 423997.538 423998.238 423999.256 424000.000 424009.100 424021.280 424032.600 424044.183 424044.184 424044.267 424045.557 424046.927 424047.453 424047.708 424048.086 424048.769 424049.216 424049.385 424049.392 424043.978 424002.310 424000.000 423994.297 423994.297 564505.131 564505.127 564504.818 564504.593 564504.519 564504.365 564503.855 564503.732 564503.313 564502.663 564502.600 564501.870 564500.900 564500.000 564498.911 564498.934 564500.357 564500.193 564499.621 564499.261 564499.046 564498.575 564497.723 564496.783 564496.124 564496.099 564496.566 564500.000 564500.190 564500.663 564505.131
26 424054.636 424055.969 424055.969 424055.642 424054.855 424054.201 424054.102 424053.248 424052.150 424044.943 424036.700 424035.950 424035.600 424035.200 424034.900 424034.700 424034.550 424041.520 424044.746 424046.454 424047.668 424049.106 424049.397 424051.233 424053.055 424054.636 564510.354 564510.347 564506.615 564506.644 564506.853 564507.226 564507.304 564508.434 564508.600 564509.090 564509.650 564509.700 564509.850 564510.050 564510.400 564510.800 564511.930 564511.450 564511.009 564510.775 564510.695 564510.601 564510.594 564510.548 564510.362 564510.354
6 424055.969 424055.969 424054.636 424053.055 424053.148 424055.969 564514.303 564510.347 564510.354 564510.362 564510.488 564514.303
6 424055.969 424055.969 424056.579 424058.837 424057.902 424055.969 564510.347 564514.303 564515.128 564511.319 564510.336 564510.347
21 424058.837 424056.579 424055.969 424055.969 424058.650 424062.179 424062.598 424062.811 424062.810 424062.791 424062.536 424062.210 424062.095 424061.428 424060.634 424059.901 424059.260 424055.969 424055.969 424057.902 424058.837 564511.319 564515.128 564515.959 564519.212 564515.500 564511.117 564510.415 564509.582 564509.530 564508.720 564507.900 564507.380 564507.245 564506.699 564506.364 564506.267 564506.324 564506.615 564510.347 564510.336 564511.319
10 424083.352 424077.954 424077.259 424077.194 424077.291 424077.643 424078.602 424079.698 424083.352 424083.352 564506.631 564507.042 564507.972 564508.290 564509.180 564509.958 564509.236 564509.072 564508.523 564506.631
27 424008.300 424009.730 424015.540 424020.700 424031.780 424031.650 424031.350 424031.050 424030.650 424030.200 424025.650 424025.400 424025.200 424024.700 424024.450 424023.700 424022.750 424022.450 424021.900 424021.500 424021.100 424020.650 424020.400 424020.000 424019.100 424018.800 424008.300 564533.900 564534.680 564523.170 564512.950 564512.140 564511.550 564510.850 564510.550 564510.400 564510.350 564510.650 564510.250 564510.000 564509.600 564509.450 564509.200 564509.200 564509.250 564509.350 564509.450 564509.600 564509.900 564510.100 564510.600 564512.500 564513.000 564533.900
7 424050.523 424050.244 424047.534 424048.440 424051.059 424050.944 424050.523 564522.525 564522.302 564526.038 564526.693 564522.955 564522.863 564522.525
17 424055.969 424055.969 424069.600 424068.450 424073.670 424073.810 424072.700 424072.150 424071.650 424071.550 424071.000 424070.550 424070.150 424069.800 424069.550 424064.450 424055.969 564533.472 564540.055 564521.150 564520.250 564513.040 564512.850 564512.850 564512.900 564513.100 564513.150 564513.400 564513.700 564514.050 564514.500 564515.000 564521.900 564533.472
42 423994.297 423997.890 423999.150 424000.000 424007.200 424008.700 424001.470 424002.890 424009.050 424009.400 424009.600 424009.750 424009.850 424010.000 424009.950 424009.860 424009.710 424009.500 424009.480 424009.190 424008.810 424008.380 424007.880 424007.320 424006.710 424006.170 424005.610 424005.050 424004.490 424003.960 424003.580 424003.220 424002.870 424002.570 424002.340 424002.180 424002.120 424002.200 424000.000 423998.950 423994.297 423994.297 564514.719 564514.330 564514.200 564514.300 564514.000 564516.700 564530.270 564531.080 564519.800 564518.850 564518.200 564517.550 564516.850 564515.600 564514.900 564514.220 564513.550 564512.940 564512.890 564512.270 564511.700 564511.220 564510.790 564510.450 564510.220 564510.080 564509.970 564509.920 564509.940 564510.060 564510.210 564510.380 564510.590 564510.850 564511.160 564511.540 564511.960 564512.350 564512.400 564512.450 564512.873 564514.719
42 423994.297 423997.890 423999.150 424000.000 424007.200 424008.700 424001.470 424002.890 424009.050 424009.400 424009.600 424009.750 424009.850 424010.000 424009.950 424009.860 424009.710 424009.500 424009.480 424009.190 424008.810 424008.380 424007.880 424007.320 424006.710 424006.170 424005.610 424005.050 424004.490 424003.960 424003.580 424003.220 424002.870 424002.570 424002.340 424002.180 424002.120 424002.200 424000.000 423998.950 423994.297 423994.297 564514.719 564514.330 564514.200 564514.300 564514.000 564516.700 564530.270 564531.080 564519.800 564518.850 564518.200 564517.550 564516.850 564515.600 564514.900 564514.220 564513.550 564512.940 564512.890 564512.270 564511.700 564511.220 564510.790 564510.450 564510.220 564510.080 564509.970 564509.920 564509.940 564510.060 564510.210 564510.380 564510.590 564510.850 564511.160 564511.540 564511.960 564512.350 564512.400 564512.450 564512.873 564514.719
42 423994.297 423997.890 423999.150 424000.000 424007.200 424008.700 424001.470 424002.890 424009.050 424009.400 424009.600 424009.750 424009.850 424010.000 424009.950 424009.860 424009.710 424009.500 424009.480 424009.190 424008.810 424008.380 424007.880 424007.320 424006.710 424006.170 424005.610 424005.050 424004.490 424003.960 424003.580 424003.220 424002.870 424002.570 424002.340 424002.180 424002.120 424002.200 424000.000 423998.950 423994.297 423994.297 564514.719 564514.330 564514.200 564514.300 564514.000 564516.700 564530.270 564531.080 564519.800 564518.850 564518.200 564517.550 564516.850 564515.600 564514.900 564514.220 564513.550 564512.940 564512.890 564512.270 564511.700 564511.220 564510.790 564510.450 564510.220 564510.080 564509.970 564509.920 564509.940 564510.060 564510.210 564510.380 564510.590 564510.850 564511.160 564511.540 564511.960 564512.350 564512.400 564512.450 564512.873 564514.719
12 424041.100 424043.424 424042.552 424040.405 424036.364 424035.358 424033.450 424034.485 424035.444 424036.600 424037.100 424041.100 564536.550 564533.516 564532.903 564535.862 564540.224 564539.510 564542.150 564542.983 564543.045 564542.600 564542.000 564536.550
6 424055.969 424055.969 424052.650 424048.794 424053.561 424055.969 564540.055 564533.472 564538.000 564543.395 564543.395 564540.055
6 424055.969 424055.969 424052.650 424048.794 424053.561 424055.969 564540.055 564533.472 564538.000 564543.395 564543.395 564540.055
21 424051.059 424048.440 424047.280 424045.569 424043.424 424041.100 424037.100 424036.600 424035.444 424034.485 424033.450 424032.590 424032.463 424038.509 424040.450 424055.969 424055.969 424055.677 424055.637 424055.484 424051.059 564522.955 564526.693 564528.348 564530.715 564533.516 564536.550 564542.000 564542.600 564543.045 564542.983 564542.150 564543.220 564543.395 564543.395 564540.700 564519.212 564515.959 564516.356 564516.454 564516.826 564522.955
21 424051.059 424048.440 424047.280 424045.569 424043.424 424041.100 424037.100 424036.600 424035.444 424034.485 424033.450 424032.590 424032.463 424038.509 424040.450 424055.969 424055.969 424055.677 424055.637 424055.484 424051.059 564522.955 564526.693 564528.348 564530.715 564533.516 564536.550 564542.000 564542.600 564543.045 564542.983 564542.150 564543.220 564543.395 564543.395 564540.700 564519.212 564515.959 564516.356 564516.454 564516.826 564522.955
21 424051.059 424048.440 424047.280 424045.569 424043.424 424041.100 424037.100 424036.600 424035.444 424034.485 424033.450 424032.590 424032.463 424038.509 424040.450 424055.969 424055.969 424055.677 424055.637 424055.484 424051.059 564522.955 564526.693 564528.348 564530.715 564533.516 564536.550 564542.000 564542.600 564543.045 564542.983 564542.150 564543.220 564543.395 564543.395 564540.700 564519.212 564515.959 564516.356 564516.454 564516.826 564522.955
21 424051.059 424048.440 424047.280 424045.569 424043.424 424041.100 424037.100 424036.600 424035.444 424034.485 424033.450 424032.590 424032.463 424038.509 424040.450 424055.969 424055.969 424055.677 424055.637 424055.484 424051.059 564522.955 564526.693 564528.348 564530.715 564533.516 564536.550 564542.000 564542.600 564543.045 564542.983 564542.150 564543.220 564543.395 564543.395 564540.700 564519.212 564515.959 564516.356 564516.454 564516.826 564522.955
