24
4 423982.397 423982.500 423982.650 423982.397 564543.395 564543.590 564543.395 564543.395
37 423971.150 423976.850 423978.350 423979.950 423983.450 423985.465 423982.650 423982.500 423982.397 423981.014 423981.750 423977.750 423977.386 423976.037 423976.450 423975.350 423972.473 423971.935 423974.980 423971.950 423969.400 423968.150 423964.900 423961.500 423964.000 423966.682 423965.284 423960.420 423958.740 423957.950 423958.350 423958.800 423959.050 423959.530 423964.750 423970.100 423971.150 564562.650 564554.950 564552.900 564550.700 564546.000 564543.395 564543.395 564543.590 564543.395 564543.395 564544.800 564550.000 564543.395 564543.395 564551.650 564551.800 564549.771 564551.368 564553.680 564557.600 564561.250 564560.350 564557.700 564554.900 564549.250 564543.395 564543.395 564554.250 564553.540 564555.300 564555.200 564555.200 564555.400 564555.750 564559.950 564564.220 564562.650
37 423971.150 423976.850 423978.350 423979.950 423983.450 423985.465 423982.650 423982.500 423982.397 423981.014 423981.750 423977.750 423977.386 423976.037 423976.450 423975.350 423972.473 423971.935 423974.980 423971.950 423969.400 423968.150 423964.900 423961.500 423964.000 423966.682 423965.284 423960.420 423958.740 423957.950 423958.350 423958.800 423959.050 423959.530 423964.750 423970.100 423971.150 564562.650 564554.950 564552.900 564550.700 564546.000 564543.395 564543.395 564543.590 564543.395 564543.395 564544.800 564550.000 564543.395 564543.395 564551.650 564551.800 564549.771 564551.368 564553.680 564557.600 564561.250 564560.350 564557.700 564554.900 564549.250 564543.395 564543.395 564554.250 564553.540 564555.300 564555.200 564555.200 564555.400 564555.750 564559.950 564564.220 564562.650
37 423971.150 423976.850 423978.350 423979.950 423983.450 423985.465 423982.650 423982.500 423982.397 423981.014 423981.750 423977.750 423977.386 423976.037 423976.450 423975.350 423972.473 423971.935 423974.980 423971.950 423969.400 423968.150 423964.900 423961.500 423964.000 423966.682 423965.284 423960.420 423958.740 423957.950 423958.350 423958.800 423959.050 423959.530 423964.750 423970.100 423971.150 564562.650 564554.950 564552.900 564550.700 564546.000 564543.395 564543.395 564543.590 564543.395 564543.395 564544.800 564550.000 564543.395 564543.395 564551.650 564551.800 564549.771 564551.368 564553.680 564557.600 564561.250 564560.350 564557.700 564554.900 564549.250 564543.395 564543.395 564554.250 564553.540 564555.300 564555.200 564555.200 564555.400 564555.750 564559.950 564564.220 564562.650
5 423977.386 423977.750 423981.750 423981.014 423977.386 564543.395 564550.000 564544.800 564543.395 564543.395
5 423977.386 423977.750 423981.750 423981.014 423977.386 564543.395 564550.000 564544.800 564543.395 564543.395
6 423974.620 423972.473 423975.350 423976.450 423976.037 423974.620 564543.395 564549.771 564551.800 564551.650 564543.395 564543.395
6 423974.620 423972.473 423975.350 423976.450 423976.037 423974.620 564543.395 564549.771 564551.800 564551.650 564543.395 564543.395
13 423905.241 423906.200 423907.800 423910.540 423917.313 423917.743 423918.106 423918.387 423917.350 423913.300 423912.318 423905.241 423905.241 564553.671 564562.300 564576.000 564598.900 564598.794 564598.258 564597.268 564595.878 564586.500 564552.050 564543.395 564543.395 564553.671
13 423905.241 423906.200 423907.800 423910.540 423917.313 423917.743 423918.106 423918.387 423917.350 423913.300 423912.318 423905.241 423905.241 564553.671 564562.300 564576.000 564598.900 564598.794 564598.258 564597.268 564595.878 564586.500 564552.050 564543.395 564543.395 564553.671
20 423905.241 423905.600 423906.550 423907.800 423908.550 423907.700 423906.750 423905.241 423905.241 423909.050 423912.350 423913.961 423914.986 423916.517 423917.313 423910.540 423907.800 423906.200 423905.241 423905.241 564569.457 564572.500 564582.150 564592.150 564598.960 564599.000 564599.000 564599.044 564601.402 564601.350 564601.350 564601.267 564600.865 564599.659 564598.794 564598.900 564576.000 564562.300 564553.671 564569.457
20 423905.241 423905.600 423906.550 423907.800 423908.550 423907.700 423906.750 423905.241 423905.241 423909.050 423912.350 423913.961 423914.986 423916.517 423917.313 423910.540 423907.800 423906.200 423905.241 423905.241 564569.457 564572.500 564582.150 564592.150 564598.960 564599.000 564599.000 564599.044 564601.402 564601.350 564601.350 564601.267 564600.865 564599.659 564598.794 564598.900 564576.000 564562.300 564553.671 564569.457
5 423994.297 423989.519 423992.771 423994.297 423994.297 564595.781 564602.296 564602.296 564600.209 564595.781
68 423951.114 423949.900 423949.250 423948.100 423947.150 423945.750 423945.200 423943.600 423941.850 423940.300 423938.950 423938.400 423937.550 423937.000 423936.500 423936.150 423935.550 423934.950 423933.950 423933.450 423932.900 423931.500 423930.650 423930.050 423929.650 423929.300 423929.100 423928.850 423928.750 423928.650 423928.450 423927.850 423927.400 423926.850 423926.350 423926.050 423925.850 423925.550 423925.450 423925.250 423924.850 423924.550 423923.950 423923.620 423923.550 423923.050 423922.983 423921.133 423921.250 423922.600 423924.500 423925.700 423926.250 423926.750 423926.807 423927.470 423927.624 423927.859 423928.144 423928.752 423929.279 423929.964 423930.548 423931.626 423932.656 423937.250 423938.383 423951.114 564602.296 564601.750 564601.550 564601.100 564601.000 564600.600 564600.450 564600.050 564599.700 564599.400 564599.150 564599.100 564599.000 564598.950 564598.800 564598.650 564598.450 564598.200 564597.750 564597.500 564597.150 564595.750 564594.800 564593.750 564593.000 564592.200 564591.650 564591.000 564590.300 564589.400 564587.950 564583.100 564578.900 564574.950 564571.700 564568.850 564566.350 564564.600 564563.300 564561.800 564559.050 564556.000 564551.700 564549.070 564548.500 564543.900 564543.395 564543.395 564544.250 564555.900 564570.050 564579.950 564584.200 564588.100 564588.602 564594.412 564595.524 564596.213 564596.885 564597.698 564598.282 564598.947 564599.373 564600.092 564600.546 564601.850 564602.296 564602.296
5 423994.297 423989.519 423992.771 423994.297 423994.297 564595.781 564602.296 564602.296 564600.209 564595.781
68 423951.114 423949.900 423949.250 423948.100 423947.150 423945.750 423945.200 423943.600 423941.850 423940.300 423938.950 423938.400 423937.550 423937.000 423936.500 423936.150 423935.550 423934.950 423933.950 423933.450 423932.900 423931.500 423930.650 423930.050 423929.650 423929.300 423929.100 423928.850 423928.750 423928.650 423928.450 423927.850 423927.400 423926.850 423926.350 423926.050 423925.850 423925.550 423925.450 423925.250 423924.850 423924.550 423923.950 423923.620 423923.550 423923.050 423922.983 423921.133 423921.250 423922.600 423924.500 423925.700 423926.250 423926.750 423926.807 423927.470 423927.624 423927.859 423928.144 423928.752 423929.279 423929.964 423930.548 423931.626 423932.656 423937.250 423938.383 423951.114 564602.296 564601.750 564601.550 564601.100 564601.000 564600.600 564600.450 564600.050 564599.700 564599.400 564599.150 564599.100 564599.000 564598.950 564598.800 564598.650 564598.450 564598.200 564597.750 564597.500 564597.150 564595.750 564594.800 564593.750 564593.000 564592.200 564591.650 564591.000 564590.300 564589.400 564587.950 564583.100 564578.900 564574.950 564571.700 564568.850 564566.350 564564.600 564563.300 564561.800 564559.050 564556.000 564551.700 564549.070 564548.500 564543.900 564543.395 564543.395 564544.250 564555.900 564570.050 564579.950 564584.200 564588.100 564588.602 564594.412 564595.524 564596.213 564596.885 564597.698 564598.282 564598.947 564599.373 564600.092 564600.546 564601.850 564602.296 564602.296
5 423994.297 423989.519 423992.771 423994.297 423994.297 564595.781 564602.296 564602.296 564600.209 564595.781
68 423951.114 423949.900 423949.250 423948.100 423947.150 423945.750 423945.200 423943.600 423941.850 423940.300 423938.950 423938.400 423937.550 423937.000 423936.500 423936.150 423935.550 423934.950 423933.950 423933.450 423932.900 423931.500 423930.650 423930.050 423929.650 423929.300 423929.100 423928.850 423928.750 423928.650 423928.450 423927.850 423927.400 423926.850 423926.350 423926.050 423925.850 423925.550 423925.450 423925.250 423924.850 423924.550 423923.950 423923.620 423923.550 423923.050 423922.983 423921.133 423921.250 423922.600 423924.500 423925.700 423926.250 423926.750 423926.807 423927.470 423927.624 423927.859 423928.144 423928.752 423929.279 423929.964 423930.548 423931.626 423932.656 423937.250 423938.383 423951.114 564602.296 564601.750 564601.550 564601.100 564601.000 564600.600 564600.450 564600.050 564599.700 564599.400 564599.150 564599.100 564599.000 564598.950 564598.800 564598.650 564598.450 564598.200 564597.750 564597.500 564597.150 564595.750 564594.800 564593.750 564593.000 564592.200 564591.650 564591.000 564590.300 564589.400 564587.950 564583.100 564578.900 564574.950 564571.700 564568.850 564566.350 564564.600 564563.300 564561.800 564559.050 564556.000 564551.700 564549.070 564548.500 564543.900 564543.395 564543.395 564544.250 564555.900 564570.050 564579.950 564584.200 564588.100 564588.602 564594.412 564595.524 564596.213 564596.885 564597.698 564598.282 564598.947 564599.373 564600.092 564600.546 564601.850 564602.296 564602.296
5 423994.297 423989.519 423992.771 423994.297 423994.297 564595.781 564602.296 564602.296 564600.209 564595.781
68 423951.114 423949.900 423949.250 423948.100 423947.150 423945.750 423945.200 423943.600 423941.850 423940.300 423938.950 423938.400 423937.550 423937.000 423936.500 423936.150 423935.550 423934.950 423933.950 423933.450 423932.900 423931.500 423930.650 423930.050 423929.650 423929.300 423929.100 423928.850 423928.750 423928.650 423928.450 423927.850 423927.400 423926.850 423926.350 423926.050 423925.850 423925.550 423925.450 423925.250 423924.850 423924.550 423923.950 423923.620 423923.550 423923.050 423922.983 423921.133 423921.250 423922.600 423924.500 423925.700 423926.250 423926.750 423926.807 423927.470 423927.624 423927.859 423928.144 423928.752 423929.279 423929.964 423930.548 423931.626 423932.656 423937.250 423938.383 423951.114 564602.296 564601.750 564601.550 564601.100 564601.000 564600.600 564600.450 564600.050 564599.700 564599.400 564599.150 564599.100 564599.000 564598.950 564598.800 564598.650 564598.450 564598.200 564597.750 564597.500 564597.150 564595.750 564594.800 564593.750 564593.000 564592.200 564591.650 564591.000 564590.300 564589.400 564587.950 564583.100 564578.900 564574.950 564571.700 564568.850 564566.350 564564.600 564563.300 564561.800 564559.050 564556.000 564551.700 564549.070 564548.500 564543.900 564543.395 564543.395 564544.250 564555.900 564570.050 564579.950 564584.200 564588.100 564588.602 564594.412 564595.524 564596.213 564596.885 564597.698 564598.282 564598.947 564599.373 564600.092 564600.546 564601.850 564602.296 564602.296
4 423994.297 423992.771 423994.297 423994.297 564600.209 564602.296 564602.296 564600.209
4 423994.297 423992.771 423994.297 423994.297 564600.209 564602.296 564602.296 564600.209
4 423994.297 423992.771 423994.297 423994.297 564600.209 564602.296 564602.296 564600.209
13 423905.241 423906.250 423906.200 423905.241 423905.241 423906.750 423907.700 423908.550 423907.800 423906.550 423905.600 423905.241 423905.241 564579.910 564588.400 564589.000 564590.334 564599.044 564599.000 564599.000 564598.960 564592.150 564582.150 564572.500 564569.457 564579.910
