9
7 423916.683 423912.610 423906.250 423905.241 423905.241 423919.888 423916.683 564720.099 564726.400 564736.500 564738.175 564744.194 564720.099 564720.099
5 423905.241 423909.672 423906.550 423905.241 423905.241 564727.162 564720.099 564720.099 564722.063 564727.162
5 423905.241 423909.672 423906.550 423905.241 423905.241 564727.162 564720.099 564720.099 564722.063 564727.162
5 423905.241 423909.672 423906.550 423905.241 423905.241 564727.162 564720.099 564720.099 564722.063 564727.162
44 423935.466 423935.010 423926.930 423920.150 423905.241 423905.241 423905.750 423906.800 423908.550 423909.700 423910.650 423911.550 423912.500 423913.450 423914.500 423915.550 423916.500 423918.100 423919.350 423920.300 423921.600 423922.150 423922.950 423923.650 423924.700 423925.800 423926.700 423927.600 423928.050 423928.450 423929.000 423929.600 423930.200 423930.950 423931.900 423932.750 423933.550 423934.300 423935.100 423936.000 423937.250 423938.550 423938.787 423935.466 564720.099 564720.730 564733.300 564743.900 564768.828 564774.207 564773.300 564771.800 564769.150 564767.100 564765.650 564764.150 564762.850 564761.250 564759.450 564757.800 564756.300 564753.750 564751.650 564750.050 564747.900 564747.000 564745.650 564744.550 564742.750 564741.050 564739.550 564738.250 564737.450 564736.600 564735.500 564734.500 564733.600 564732.350 564730.700 564729.400 564728.000 564726.700 564725.550 564724.250 564722.350 564720.450 564720.099 564720.099
44 423935.466 423935.010 423926.930 423920.150 423905.241 423905.241 423905.750 423906.800 423908.550 423909.700 423910.650 423911.550 423912.500 423913.450 423914.500 423915.550 423916.500 423918.100 423919.350 423920.300 423921.600 423922.150 423922.950 423923.650 423924.700 423925.800 423926.700 423927.600 423928.050 423928.450 423929.000 423929.600 423930.200 423930.950 423931.900 423932.750 423933.550 423934.300 423935.100 423936.000 423937.250 423938.550 423938.787 423935.466 564720.099 564720.730 564733.300 564743.900 564768.828 564774.207 564773.300 564771.800 564769.150 564767.100 564765.650 564764.150 564762.850 564761.250 564759.450 564757.800 564756.300 564753.750 564751.650 564750.050 564747.900 564747.000 564745.650 564744.550 564742.750 564741.050 564739.550 564738.250 564737.450 564736.600 564735.500 564734.500 564733.600 564732.350 564730.700 564729.400 564728.000 564726.700 564725.550 564724.250 564722.350 564720.450 564720.099 564720.099
44 423935.466 423935.010 423926.930 423920.150 423905.241 423905.241 423905.750 423906.800 423908.550 423909.700 423910.650 423911.550 423912.500 423913.450 423914.500 423915.550 423916.500 423918.100 423919.350 423920.300 423921.600 423922.150 423922.950 423923.650 423924.700 423925.800 423926.700 423927.600 423928.050 423928.450 423929.000 423929.600 423930.200 423930.950 423931.900 423932.750 423933.550 423934.300 423935.100 423936.000 423937.250 423938.550 423938.787 423935.466 564720.099 564720.730 564733.300 564743.900 564768.828 564774.207 564773.300 564771.800 564769.150 564767.100 564765.650 564764.150 564762.850 564761.250 564759.450 564757.800 564756.300 564753.750 564751.650 564750.050 564747.900 564747.000 564745.650 564744.550 564742.750 564741.050 564739.550 564738.250 564737.450 564736.600 564735.500 564734.500 564733.600 564732.350 564730.700 564729.400 564728.000 564726.700 564725.550 564724.250 564722.350 564720.450 564720.099 564720.099
44 423935.466 423935.010 423926.930 423920.150 423905.241 423905.241 423905.750 423906.800 423908.550 423909.700 423910.650 423911.550 423912.500 423913.450 423914.500 423915.550 423916.500 423918.100 423919.350 423920.300 423921.600 423922.150 423922.950 423923.650 423924.700 423925.800 423926.700 423927.600 423928.050 423928.450 423929.000 423929.600 423930.200 423930.950 423931.900 423932.750 423933.550 423934.300 423935.100 423936.000 423937.250 423938.550 423938.787 423935.466 564720.099 564720.730 564733.300 564743.900 564768.828 564774.207 564773.300 564771.800 564769.150 564767.100 564765.650 564764.150 564762.850 564761.250 564759.450 564757.800 564756.300 564753.750 564751.650 564750.050 564747.900 564747.000 564745.650 564744.550 564742.750 564741.050 564739.550 564738.250 564737.450 564736.600 564735.500 564734.500 564733.600 564732.350 564730.700 564729.400 564728.000 564726.700 564725.550 564724.250 564722.350 564720.450 564720.099 564720.099
44 423935.466 423935.010 423926.930 423920.150 423905.241 423905.241 423905.750 423906.800 423908.550 423909.700 423910.650 423911.550 423912.500 423913.450 423914.500 423915.550 423916.500 423918.100 423919.350 423920.300 423921.600 423922.150 423922.950 423923.650 423924.700 423925.800 423926.700 423927.600 423928.050 423928.450 423929.000 423929.600 423930.200 423930.950 423931.900 423932.750 423933.550 423934.300 423935.100 423936.000 423937.250 423938.550 423938.787 423935.466 564720.099 564720.730 564733.300 564743.900 564768.828 564774.207 564773.300 564771.800 564769.150 564767.100 564765.650 564764.150 564762.850 564761.250 564759.450 564757.800 564756.300 564753.750 564751.650 564750.050 564747.900 564747.000 564745.650 564744.550 564742.750 564741.050 564739.550 564738.250 564737.450 564736.600 564735.500 564734.500 564733.600 564732.350 564730.700 564729.400 564728.000 564726.700 564725.550 564724.250 564722.350 564720.450 564720.099 564720.099
