12
17 423072.134 423074.762 423074.520 423074.500 423073.900 423073.320 423072.750 423072.230 423071.660 423071.500 423071.319 423068.909 423068.940 423069.150 423069.270 423071.600 423072.134 564697.751 564697.751 564695.200 564695.000 564688.760 564682.850 564676.950 564671.200 564665.000 564663.250 564661.198 564661.198 564661.510 564663.650 564665.090 564692.200 564697.751
17 423072.134 423074.762 423074.520 423074.500 423073.900 423073.320 423072.750 423072.230 423071.660 423071.500 423071.319 423068.909 423068.940 423069.150 423069.270 423071.600 423072.134 564697.751 564697.751 564695.200 564695.000 564688.760 564682.850 564676.950 564671.200 564665.000 564663.250 564661.198 564661.198 564661.510 564663.650 564665.090 564692.200 564697.751
14 423056.990 423057.500 423058.080 423058.650 423059.230 423059.820 423060.400 423060.474 423063.161 423060.550 423060.240 423059.920 423059.815 423056.990 564661.198 564666.550 564672.800 564678.850 564684.800 564691.000 564696.950 564697.751 564697.751 564669.500 564665.980 564662.380 564661.198 564661.198
14 423056.990 423057.500 423058.080 423058.650 423059.230 423059.820 423060.400 423060.474 423063.161 423060.550 423060.240 423059.920 423059.815 423056.990 564661.198 564666.550 564672.800 564678.850 564684.800 564691.000 564696.950 564697.751 564697.751 564669.500 564665.980 564662.380 564661.198 564661.198
12 423074.762 423072.134 423072.600 423073.950 423074.150 423076.881 423076.800 423076.240 423075.650 423075.450 423075.090 423074.762 564697.751 564697.751 564702.600 564717.950 564720.099 564720.099 564719.200 564713.360 564707.110 564705.050 564701.210 564697.751
12 423074.762 423072.134 423072.600 423073.950 423074.150 423076.881 423076.800 423076.240 423075.650 423075.450 423075.090 423074.762 564697.751 564697.751 564702.600 564717.950 564720.099 564720.099 564719.200 564713.360 564707.110 564705.050 564701.210 564697.751
12 423074.762 423072.134 423072.600 423073.950 423074.150 423076.881 423076.800 423076.240 423075.650 423075.450 423075.090 423074.762 564697.751 564697.751 564702.600 564717.950 564720.099 564720.099 564719.200 564713.360 564707.110 564705.050 564701.210 564697.751
12 423074.762 423072.134 423072.600 423073.950 423074.150 423076.881 423076.800 423076.240 423075.650 423075.450 423075.090 423074.762 564697.751 564697.751 564702.600 564717.950 564720.099 564720.099 564719.200 564713.360 564707.110 564705.050 564701.210 564697.751
9 423063.161 423060.474 423060.980 423061.600 423062.200 423062.600 423065.190 423063.850 423063.161 564697.751 564697.751 564703.200 564709.950 564716.000 564720.099 564720.099 564705.200 564697.751
9 423063.161 423060.474 423060.980 423061.600 423062.200 423062.600 423065.190 423063.850 423063.161 564697.751 564697.751 564703.200 564709.950 564716.000 564720.099 564720.099 564705.200 564697.751
9 423063.161 423060.474 423060.980 423061.600 423062.200 423062.600 423065.190 423063.850 423063.161 564697.751 564697.751 564703.200 564709.950 564716.000 564720.099 564720.099 564705.200 564697.751
9 423063.161 423060.474 423060.980 423061.600 423062.200 423062.600 423065.190 423063.850 423063.161 564697.751 564697.751 564703.200 564709.950 564716.000 564720.099 564720.099 564705.200 564697.751
