17
13 424048.794 424043.500 424039.300 424038.800 424038.500 424038.900 424039.570 424042.800 424048.984 424049.850 424051.250 424053.561 424048.794 564543.395 564550.800 564556.950 564557.800 564558.600 564559.400 564560.190 564555.650 564547.053 564545.850 564546.600 564543.395 564543.395
13 424048.794 424043.500 424039.300 424038.800 424038.500 424038.900 424039.570 424042.800 424048.984 424049.850 424051.250 424053.561 424048.794 564543.395 564550.800 564556.950 564557.800 564558.600 564559.400 564560.190 564555.650 564547.053 564545.850 564546.600 564543.395 564543.395
20 424032.463 424021.890 424014.190 424005.530 424004.700 424000.000 423996.380 423994.297 423994.297 423998.250 424000.000 424006.100 424012.550 424020.900 424031.500 424033.084 424035.500 424037.632 424038.509 424032.463 564543.395 564557.940 564568.530 564580.420 564581.500 564588.000 564592.940 564595.781 564600.209 564594.800 564592.450 564584.400 564575.500 564563.750 564549.200 564547.288 564545.700 564544.613 564543.395 564543.395
20 424032.463 424021.890 424014.190 424005.530 424004.700 424000.000 423996.380 423994.297 423994.297 423998.250 424000.000 424006.100 424012.550 424020.900 424031.500 424033.084 424035.500 424037.632 424038.509 424032.463 564543.395 564557.940 564568.530 564580.420 564581.500 564588.000 564592.940 564595.781 564600.209 564594.800 564592.450 564584.400 564575.500 564563.750 564549.200 564547.288 564545.700 564544.613 564543.395 564543.395
20 424032.463 424021.890 424014.190 424005.530 424004.700 424000.000 423996.380 423994.297 423994.297 423998.250 424000.000 424006.100 424012.550 424020.900 424031.500 424033.084 424035.500 424037.632 424038.509 424032.463 564543.395 564557.940 564568.530 564580.420 564581.500 564588.000 564592.940 564595.781 564600.209 564594.800 564592.450 564584.400 564575.500 564563.750 564549.200 564547.288 564545.700 564544.613 564543.395 564543.395
20 424032.463 424021.890 424014.190 424005.530 424004.700 424000.000 423996.380 423994.297 423994.297 423998.250 424000.000 424006.100 424012.550 424020.900 424031.500 424033.084 424035.500 424037.632 424038.509 424032.463 564543.395 564557.940 564568.530 564580.420 564581.500 564588.000 564592.940 564595.781 564600.209 564594.800 564592.450 564584.400 564575.500 564563.750 564549.200 564547.288 564545.700 564544.613 564543.395 564543.395
15 424035.190 424035.800 424035.050 424034.150 424033.400 424032.600 424028.200 424023.600 424022.650 424022.550 424022.900 424023.600 424024.040 424027.800 424035.190 564566.280 564565.420 564565.050 564565.050 564565.350 564566.100 564572.050 564578.500 564580.050 564580.650 564581.450 564582.400 564581.790 564576.550 564566.280
17 424036.410 424037.632 424035.500 424033.084 424031.500 424020.900 424012.550 424006.100 424000.000 423998.250 423994.297 423994.297 423994.716 424000.000 424006.740 424024.000 424036.410 564546.310 564544.613 564545.700 564547.288 564549.200 564563.750 564575.500 564584.400 564592.450 564594.800 564600.209 564602.296 564602.296 564595.610 564587.070 564563.550 564546.310
17 424036.410 424037.632 424035.500 424033.084 424031.500 424020.900 424012.550 424006.100 424000.000 423998.250 423994.297 423994.297 423994.716 424000.000 424006.740 424024.000 424036.410 564546.310 564544.613 564545.700 564547.288 564549.200 564563.750 564575.500 564584.400 564592.450 564594.800 564600.209 564602.296 564602.296 564595.610 564587.070 564563.550 564546.310
17 424036.410 424037.632 424035.500 424033.084 424031.500 424020.900 424012.550 424006.100 424000.000 423998.250 423994.297 423994.297 423994.716 424000.000 424006.740 424024.000 424036.410 564546.310 564544.613 564545.700 564547.288 564549.200 564563.750 564575.500 564584.400 564592.450 564594.800 564600.209 564602.296 564602.296 564595.610 564587.070 564563.550 564546.310
47 424072.010 424066.800 424065.100 424064.790 424064.650 424064.540 424063.680 424062.870 424063.760 424063.820 424063.850 424063.890 424063.930 424063.970 424064.010 424064.050 424064.100 424064.150 424064.200 424064.250 424064.300 424064.350 424064.410 424064.460 424064.520 424064.600 424064.660 424064.720 424064.780 424064.840 424064.910 424064.970 424065.030 424065.090 424065.150 424065.220 424065.280 424065.340 424065.400 424065.460 424065.520 424069.150 424079.550 424083.352 424083.352 424072.350 424072.010 564588.390 564590.550 564591.350 564590.580 564590.250 564590.000 564590.370 564590.710 564592.540 564592.640 564592.690 564592.740 564592.790 564592.840 564592.890 564592.930 564592.970 564593.010 564593.050 564593.080 564593.120 564593.150 564593.180 564593.210 564593.230 564593.260 564593.280 564593.290 564593.310 564593.320 564593.320 564593.330 564593.330 564593.330 564593.330 564593.320 564593.320 564593.310 564593.290 564593.280 564593.260 564591.850 564587.300 564585.414 564582.799 564588.250 564588.390
50 424055.969 424055.969 424055.980 424056.390 424056.520 424056.660 424056.790 424056.930 424057.060 424057.190 424057.320 424057.450 424057.580 424057.710 424057.830 424057.950 424058.070 424058.190 424058.300 424058.400 424058.510 424058.610 424058.700 424058.820 424058.900 424058.980 424059.050 424059.120 424059.180 424059.240 424059.290 424059.340 424059.380 424059.420 424059.450 424059.470 424059.490 424059.510 424059.520 424059.520 424059.520 424059.510 424059.500 424059.490 424059.480 424059.430 424058.420 424058.380 424057.890 424055.969 564593.622 564599.472 564599.470 564599.390 564599.360 564599.330 564599.290 564599.250 564599.210 564599.170 564599.120 564599.070 564599.020 564598.970 564598.910 564598.840 564598.780 564598.700 564598.630 564598.550 564598.460 564598.370 564598.270 564598.130 564598.020 564597.910 564597.790 564597.670 564597.550 564597.420 564597.300 564597.170 564597.040 564596.900 564596.770 564596.630 564596.500 564596.360 564596.230 564596.090 564595.950 564595.810 564595.750 564595.680 564595.540 564595.320 564592.770 564592.690 564592.920 564593.622
18 424055.969 424055.969 424054.250 424048.460 424051.170 424051.960 424053.540 424053.740 424053.960 424054.180 424054.400 424054.630 424054.850 424055.080 424055.310 424055.530 424055.760 424055.969 564599.472 564593.622 564594.250 564596.630 564598.470 564598.850 564599.280 564599.340 564599.390 564599.440 564599.480 564599.500 564599.520 564599.530 564599.530 564599.520 564599.500 564599.472
5 424079.693 424083.352 424083.352 424073.504 424079.693 564602.296 564600.806 564598.159 564602.296 564602.296
12 424042.416 424042.310 424042.180 424042.050 424041.920 424041.790 424041.650 424041.520 424041.390 424041.260 424041.190 424042.416 564602.296 564602.280 564602.260 564602.250 564602.240 564602.240 564602.240 564602.250 564602.260 564602.280 564602.296 564602.296
13 424009.451 424015.100 424017.516 424018.690 424019.720 424018.600 424017.650 424016.750 424016.050 424013.800 424007.200 424006.262 424009.451 564602.296 564594.100 564590.856 564589.280 564587.940 564587.650 564587.600 564587.950 564588.850 564591.800 564601.000 564602.296 564602.296
13 424009.451 424015.100 424017.516 424018.690 424019.720 424018.600 424017.650 424016.750 424016.050 424013.800 424007.200 424006.262 424009.451 564602.296 564594.100 564590.856 564589.280 564587.940 564587.650 564587.600 564587.950 564588.850 564591.800 564601.000 564602.296 564602.296
