14
5 423431.297 423435.084 423440.751 423436.932 423431.297 565197.751 565197.751 565191.311 565191.311 565197.751
5 423440.751 423435.084 423448.057 423453.339 423440.751 565191.311 565197.751 565197.751 565191.311 565191.311
10 423431.670 423433.400 423445.450 423448.057 423435.084 423426.310 423426.460 423431.520 423431.530 423431.670 565213.370 565214.960 565200.930 565197.751 565197.751 565207.720 565209.070 565213.520 565213.520 565213.370
14 423410.569 423412.028 423413.154 423417.080 423425.535 423428.145 423428.410 423426.730 423429.480 423424.450 423422.930 423407.125 423410.223 423410.569 565237.368 565238.808 565237.574 565233.270 565223.711 565220.759 565220.460 565218.950 565215.750 565211.510 565211.650 565229.874 565236.628 565237.368
33 423435.084 423431.297 423391.402 423387.260 423387.350 423387.321 423390.158 423390.340 423399.504 423399.539 423404.476 423404.935 423406.143 423397.402 423401.608 423401.930 423409.226 423412.028 423410.569 423410.223 423407.125 423422.930 423424.450 423429.480 423426.730 423428.410 423433.400 423431.670 423431.530 423431.520 423426.460 423426.310 423435.084 565197.751 565197.751 565243.341 565248.370 565249.950 565250.213 565250.213 565249.230 565238.663 565238.622 565239.734 565239.837 565240.926 565250.213 565250.213 565249.880 565241.881 565238.808 565237.368 565236.628 565229.874 565211.650 565211.510 565215.750 565218.950 565220.460 565214.960 565213.370 565213.520 565213.520 565209.070 565207.720 565197.751
8 423379.229 423378.050 423373.150 423370.908 423370.908 423373.980 423374.299 423379.229 565250.213 565249.350 565245.900 565244.428 565247.968 565250.000 565250.213 565250.213
33 423435.084 423431.297 423391.402 423387.260 423387.350 423387.321 423390.158 423390.340 423399.504 423399.539 423404.476 423404.935 423406.143 423397.402 423401.608 423401.930 423409.226 423412.028 423410.569 423410.223 423407.125 423422.930 423424.450 423429.480 423426.730 423428.410 423433.400 423431.670 423431.530 423431.520 423426.460 423426.310 423435.084 565197.751 565197.751 565243.341 565248.370 565249.950 565250.213 565250.213 565249.230 565238.663 565238.622 565239.734 565239.837 565240.926 565250.213 565250.213 565249.880 565241.881 565238.808 565237.368 565236.628 565229.874 565211.650 565211.510 565215.750 565218.950 565220.460 565214.960 565213.370 565213.520 565213.520 565209.070 565207.720 565197.751
8 423379.229 423378.050 423373.150 423370.908 423370.908 423373.980 423374.299 423379.229 565250.213 565249.350 565245.900 565244.428 565247.968 565250.000 565250.213 565250.213
83 423417.245 423417.257 423418.878 423418.941 423424.674 423424.707 423424.731 423424.753 423424.774 423424.794 423424.812 423424.828 423424.843 423424.857 423424.869 423424.879 423424.888 423424.896 423424.902 423424.906 423424.909 423424.910 423424.910 423424.909 423424.906 423424.901 423424.895 423424.888 423424.879 423424.869 423424.857 423424.844 423424.829 423424.813 423424.795 423424.776 423424.756 423424.734 423424.711 423424.686 423424.660 423424.632 423424.603 423424.563 423424.531 423424.499 423424.466 423424.432 423424.397 423424.361 423424.325 423424.288 423424.251 423424.214 423424.176 423424.138 423424.100 423424.062 423424.023 423423.985 423423.947 423423.908 423423.870 423423.833 423423.796 423423.759 423423.722 423423.687 423423.652 423423.617 423423.583 423423.551 423423.519 423423.488 423423.458 423423.429 423423.401 423423.375 423423.349 423423.340 423423.326 423421.200 423417.245 565243.326 565243.336 565244.699 565244.752 565237.674 565237.639 565237.609 565237.579 565237.547 565237.515 565237.481 565237.447 565237.412 565237.377 565237.341 565237.304 565237.267 565237.229 565237.191 565237.153 565237.115 565237.077 565237.038 565237.000 565236.962 565236.923 565236.886 565236.848 565236.811 565236.774 565236.737 565236.702 565236.666 565236.632 565236.598 565236.565 565236.534 565236.503 565236.473 565236.444 565236.416 565236.390 565236.365 565236.334 565236.312 565236.292 565236.274 565236.258 565236.242 565236.229 565236.217 565236.207 565236.198 565236.191 565236.185 565236.181 565236.178 565236.177 565236.177 565236.179 565236.182 565236.187 565236.194 565236.201 565236.210 565236.221 565236.233 565236.247 565236.262 565236.278 565236.296 565236.315 565236.336 565236.358 565236.381 565236.406 565236.432 565236.459 565236.488 565236.500 565236.518 565238.899 565243.326
9 423397.402 423406.143 423404.935 423404.476 423399.539 423399.504 423390.340 423390.158 423397.402 565250.213 565240.926 565239.837 565239.734 565238.622 565238.663 565249.230 565250.213 565250.213
10 423426.865 423441.460 423459.963 423459.963 423458.030 423439.510 423430.730 423426.419 423423.238 423426.865 565250.213 565232.260 565209.285 565204.880 565207.290 565230.180 565240.990 565246.297 565250.213 565250.213
10 423426.865 423441.460 423459.963 423459.963 423458.030 423439.510 423430.730 423426.419 423423.238 423426.865 565250.213 565232.260 565209.285 565204.880 565207.290 565230.180 565240.990 565246.297 565250.213 565250.213
9 423414.518 423414.637 423418.941 423418.878 423417.257 423417.245 423414.737 423411.094 423414.518 565250.213 565250.066 565244.752 565244.699 565243.336 565243.326 565246.134 565250.213 565250.213
14 423441.486 423445.950 423459.963 423459.963 423459.650 423459.000 423458.400 423457.500 423456.650 423455.650 423454.700 423439.500 423438.516 423441.486 565250.213 565244.650 565227.283 565224.643 565224.800 565225.250 565225.750 565226.600 565227.550 565228.750 565229.950 565249.000 565250.213 565250.213
