16
50 423007.806 423008.100 423001.790 423000.000 422996.700 422996.550 422989.750 422989.750 422983.300 422970.450 422964.450 422963.834 422961.618 422961.620 422962.150 422960.400 422960.400 422960.520 422960.550 422960.800 422961.200 422961.650 422962.450 422963.050 422963.550 422964.300 422965.050 422965.420 422965.800 422966.050 422966.260 422967.950 422967.700 422980.100 422980.200 422982.421 422989.033 423000.000 423007.300 423008.100 423008.800 423009.400 423009.900 423010.500 423010.950 423011.000 423011.300 423011.450 423011.609 423007.806 564837.902 564841.550 564842.290 564842.500 564842.750 564841.320 564842.050 564843.350 564843.870 564845.220 564845.850 564837.902 564837.902 564837.930 564843.900 564844.020 564844.800 564845.470 564845.650 564846.500 564847.250 564848.000 564848.800 564849.200 564849.500 564849.750 564849.900 564849.880 564849.850 564849.850 564849.830 564849.700 564848.100 564846.900 564848.500 564848.259 564847.541 564846.350 564845.500 564845.300 564845.000 564844.600 564844.150 564843.450 564842.650 564842.550 564841.700 564840.850 564837.902 564837.902
50 423007.806 423008.100 423001.790 423000.000 422996.700 422996.550 422989.750 422989.750 422983.300 422970.450 422964.450 422963.834 422961.618 422961.620 422962.150 422960.400 422960.400 422960.520 422960.550 422960.800 422961.200 422961.650 422962.450 422963.050 422963.550 422964.300 422965.050 422965.420 422965.800 422966.050 422966.260 422967.950 422967.700 422980.100 422980.200 422982.421 422989.033 423000.000 423007.300 423008.100 423008.800 423009.400 423009.900 423010.500 423010.950 423011.000 423011.300 423011.450 423011.609 423007.806 564837.902 564841.550 564842.290 564842.500 564842.750 564841.320 564842.050 564843.350 564843.870 564845.220 564845.850 564837.902 564837.902 564837.930 564843.900 564844.020 564844.800 564845.470 564845.650 564846.500 564847.250 564848.000 564848.800 564849.200 564849.500 564849.750 564849.900 564849.880 564849.850 564849.850 564849.830 564849.700 564848.100 564846.900 564848.500 564848.259 564847.541 564846.350 564845.500 564845.300 564845.000 564844.600 564844.150 564843.450 564842.650 564842.550 564841.700 564840.850 564837.902 564837.902
50 423007.806 423008.100 423001.790 423000.000 422996.700 422996.550 422989.750 422989.750 422983.300 422970.450 422964.450 422963.834 422961.618 422961.620 422962.150 422960.400 422960.400 422960.520 422960.550 422960.800 422961.200 422961.650 422962.450 422963.050 422963.550 422964.300 422965.050 422965.420 422965.800 422966.050 422966.260 422967.950 422967.700 422980.100 422980.200 422982.421 422989.033 423000.000 423007.300 423008.100 423008.800 423009.400 423009.900 423010.500 423010.950 423011.000 423011.300 423011.450 423011.609 423007.806 564837.902 564841.550 564842.290 564842.500 564842.750 564841.320 564842.050 564843.350 564843.870 564845.220 564845.850 564837.902 564837.902 564837.930 564843.900 564844.020 564844.800 564845.470 564845.650 564846.500 564847.250 564848.000 564848.800 564849.200 564849.500 564849.750 564849.900 564849.880 564849.850 564849.850 564849.830 564849.700 564848.100 564846.900 564848.500 564848.259 564847.541 564846.350 564845.500 564845.300 564845.000 564844.600 564844.150 564843.450 564842.650 564842.550 564841.700 564840.850 564837.902 564837.902
50 423007.806 423008.100 423001.790 423000.000 422996.700 422996.550 422989.750 422989.750 422983.300 422970.450 422964.450 422963.834 422961.618 422961.620 422962.150 422960.400 422960.400 422960.520 422960.550 422960.800 422961.200 422961.650 422962.450 422963.050 422963.550 422964.300 422965.050 422965.420 422965.800 422966.050 422966.260 422967.950 422967.700 422980.100 422980.200 422982.421 422989.033 423000.000 423007.300 423008.100 423008.800 423009.400 423009.900 423010.500 423010.950 423011.000 423011.300 423011.450 423011.609 423007.806 564837.902 564841.550 564842.290 564842.500 564842.750 564841.320 564842.050 564843.350 564843.870 564845.220 564845.850 564837.902 564837.902 564837.930 564843.900 564844.020 564844.800 564845.470 564845.650 564846.500 564847.250 564848.000 564848.800 564849.200 564849.500 564849.750 564849.900 564849.880 564849.850 564849.850 564849.830 564849.700 564848.100 564846.900 564848.500 564848.259 564847.541 564846.350 564845.500 564845.300 564845.000 564844.600 564844.150 564843.450 564842.650 564842.550 564841.700 564840.850 564837.902 564837.902
50 423007.806 423008.100 423001.790 423000.000 422996.700 422996.550 422989.750 422989.750 422983.300 422970.450 422964.450 422963.834 422961.618 422961.620 422962.150 422960.400 422960.400 422960.520 422960.550 422960.800 422961.200 422961.650 422962.450 422963.050 422963.550 422964.300 422965.050 422965.420 422965.800 422966.050 422966.260 422967.950 422967.700 422980.100 422980.200 422982.421 422989.033 423000.000 423007.300 423008.100 423008.800 423009.400 423009.900 423010.500 423010.950 423011.000 423011.300 423011.450 423011.609 423007.806 564837.902 564841.550 564842.290 564842.500 564842.750 564841.320 564842.050 564843.350 564843.870 564845.220 564845.850 564837.902 564837.902 564837.930 564843.900 564844.020 564844.800 564845.470 564845.650 564846.500 564847.250 564848.000 564848.800 564849.200 564849.500 564849.750 564849.900 564849.880 564849.850 564849.850 564849.830 564849.700 564848.100 564846.900 564848.500 564848.259 564847.541 564846.350 564845.500 564845.300 564845.000 564844.600 564844.150 564843.450 564842.650 564842.550 564841.700 564840.850 564837.902 564837.902
5 422962.150 422961.620 422959.900 422960.400 422962.150 564843.900 564837.930 564838.050 564844.020 564843.900
24 422951.637 422951.700 422952.000 422952.250 422952.450 422952.700 422952.800 422952.850 422952.950 422952.950 422953.000 422953.220 422951.950 422951.266 422948.979 422949.400 422950.200 422950.230 422950.850 422950.950 422951.050 422950.950 422950.848 422951.637 564877.396 564877.050 564875.350 564873.450 564871.550 564869.750 564868.050 564866.700 564865.050 564864.150 564862.850 564861.900 564847.200 564837.902 564837.902 564842.310 564850.750 564851.090 564859.650 564861.350 564864.350 564867.400 564868.863 564877.396
24 422951.637 422951.700 422952.000 422952.250 422952.450 422952.700 422952.800 422952.850 422952.950 422952.950 422953.000 422953.220 422951.950 422951.266 422948.979 422949.400 422950.200 422950.230 422950.850 422950.950 422951.050 422950.950 422950.848 422951.637 564877.396 564877.050 564875.350 564873.450 564871.550 564869.750 564868.050 564866.700 564865.050 564864.150 564862.850 564861.900 564847.200 564837.902 564837.902 564842.310 564850.750 564851.090 564859.650 564861.350 564864.350 564867.400 564868.863 564877.396
24 422951.637 422951.700 422952.000 422952.250 422952.450 422952.700 422952.800 422952.850 422952.950 422952.950 422953.000 422953.220 422951.950 422951.266 422948.979 422949.400 422950.200 422950.230 422950.850 422950.950 422951.050 422950.950 422950.848 422951.637 564877.396 564877.050 564875.350 564873.450 564871.550 564869.750 564868.050 564866.700 564865.050 564864.150 564862.850 564861.900 564847.200 564837.902 564837.902 564842.310 564850.750 564851.090 564859.650 564861.350 564864.350 564867.400 564868.863 564877.396
24 422951.637 422951.700 422952.000 422952.250 422952.450 422952.700 422952.800 422952.850 422952.950 422952.950 422953.000 422953.220 422951.950 422951.266 422948.979 422949.400 422950.200 422950.230 422950.850 422950.950 422951.050 422950.950 422950.848 422951.637 564877.396 564877.050 564875.350 564873.450 564871.550 564869.750 564868.050 564866.700 564865.050 564864.150 564862.850 564861.900 564847.200 564837.902 564837.902 564842.310 564850.750 564851.090 564859.650 564861.350 564864.350 564867.400 564868.863 564877.396
24 422951.637 422951.700 422952.000 422952.250 422952.450 422952.700 422952.800 422952.850 422952.950 422952.950 422953.000 422953.220 422951.950 422951.266 422948.979 422949.400 422950.200 422950.230 422950.850 422950.950 422951.050 422950.950 422950.848 422951.637 564877.396 564877.050 564875.350 564873.450 564871.550 564869.750 564868.050 564866.700 564865.050 564864.150 564862.850 564861.900 564847.200 564837.902 564837.902 564842.310 564850.750 564851.090 564859.650 564861.350 564864.350 564867.400 564868.863 564877.396
38 422951.266 422951.950 422953.220 422953.950 422954.989 422955.200 422956.014 422957.788 422957.650 422957.450 422957.300 422956.350 422955.350 422955.200 422955.150 422955.200 422955.200 422955.250 422955.400 422955.600 422957.300 422957.450 422957.400 422957.350 422957.100 422956.940 422956.800 422955.850 422955.450 422955.200 422955.190 422955.100 422955.000 422954.850 422954.750 422954.500 422954.429 422951.266 564837.902 564847.200 564861.900 564870.350 564883.230 564885.850 564896.804 564896.804 564895.500 564892.200 564888.550 564878.800 564863.850 564862.050 564861.250 564860.400 564859.900 564859.400 564858.700 564858.000 564853.000 564852.750 564852.400 564852.250 564851.250 564850.780 564850.350 564847.850 564847.000 564846.150 564846.050 564845.200 564844.350 564842.800 564841.300 564838.850 564837.902 564837.902
38 422951.266 422951.950 422953.220 422953.950 422954.989 422955.200 422956.014 422957.788 422957.650 422957.450 422957.300 422956.350 422955.350 422955.200 422955.150 422955.200 422955.200 422955.250 422955.400 422955.600 422957.300 422957.450 422957.400 422957.350 422957.100 422956.940 422956.800 422955.850 422955.450 422955.200 422955.190 422955.100 422955.000 422954.850 422954.750 422954.500 422954.429 422951.266 564837.902 564847.200 564861.900 564870.350 564883.230 564885.850 564896.804 564896.804 564895.500 564892.200 564888.550 564878.800 564863.850 564862.050 564861.250 564860.400 564859.900 564859.400 564858.700 564858.000 564853.000 564852.750 564852.400 564852.250 564851.250 564850.780 564850.350 564847.850 564847.000 564846.150 564846.050 564845.200 564844.350 564842.800 564841.300 564838.850 564837.902 564837.902
38 422951.266 422951.950 422953.220 422953.950 422954.989 422955.200 422956.014 422957.788 422957.650 422957.450 422957.300 422956.350 422955.350 422955.200 422955.150 422955.200 422955.200 422955.250 422955.400 422955.600 422957.300 422957.450 422957.400 422957.350 422957.100 422956.940 422956.800 422955.850 422955.450 422955.200 422955.190 422955.100 422955.000 422954.850 422954.750 422954.500 422954.429 422951.266 564837.902 564847.200 564861.900 564870.350 564883.230 564885.850 564896.804 564896.804 564895.500 564892.200 564888.550 564878.800 564863.850 564862.050 564861.250 564860.400 564859.900 564859.400 564858.700 564858.000 564853.000 564852.750 564852.400 564852.250 564851.250 564850.780 564850.350 564847.850 564847.000 564846.150 564846.050 564845.200 564844.350 564842.800 564841.300 564838.850 564837.902 564837.902
76 422968.438 422968.300 422967.780 422967.300 422966.720 422966.200 422965.450 422971.900 422983.550 422990.050 422990.200 422992.280 422997.160 422997.000 423000.000 423003.590 423009.650 423010.700 423010.710 423011.190 423011.700 423012.200 423012.700 423013.180 423013.512 423014.685 423014.685 423014.440 423014.300 423013.950 423013.750 423013.650 423013.600 423013.600 423013.700 423013.850 423013.900 423013.850 423013.800 423013.550 423013.250 423012.800 423012.750 423012.100 423011.450 423011.050 423010.050 423009.000 423008.800 423007.700 423006.600 423006.200 423000.000 422989.580 422982.966 422980.650 422980.850 422968.650 422968.500 422965.920 422965.840 422964.150 422963.550 422962.900 422962.300 422962.050 422961.500 422961.050 422960.800 422960.500 422960.300 422960.300 422960.850 422962.650 422964.867 422968.438 564896.804 564895.050 564888.200 564881.750 564874.860 564868.650 564858.850 564858.070 564856.650 564856.100 564857.780 564857.670 564857.120 564855.510 564855.150 564854.740 564854.050 564866.000 564866.160 564871.400 564876.950 564882.450 564887.900 564893.200 564896.804 564896.804 564886.218 564883.600 564882.100 564876.900 564871.700 564865.600 564862.750 564859.850 564858.900 564857.850 564856.900 564855.900 564855.800 564855.000 564854.150 564853.400 564853.300 564852.650 564852.100 564851.800 564851.350 564851.050 564851.000 564850.850 564850.800 564850.800 564851.600 564852.704 564853.405 564853.650 564855.350 564856.500 564855.000 564855.240 564855.250 564855.400 564855.350 564855.500 564855.700 564855.850 564856.300 564856.850 564857.300 564857.950 564858.650 564860.750 564866.900 564866.850 564896.804 564896.804
76 422968.438 422968.300 422967.780 422967.300 422966.720 422966.200 422965.450 422971.900 422983.550 422990.050 422990.200 422992.280 422997.160 422997.000 423000.000 423003.590 423009.650 423010.700 423010.710 423011.190 423011.700 423012.200 423012.700 423013.180 423013.512 423014.685 423014.685 423014.440 423014.300 423013.950 423013.750 423013.650 423013.600 423013.600 423013.700 423013.850 423013.900 423013.850 423013.800 423013.550 423013.250 423012.800 423012.750 423012.100 423011.450 423011.050 423010.050 423009.000 423008.800 423007.700 423006.600 423006.200 423000.000 422989.580 422982.966 422980.650 422980.850 422968.650 422968.500 422965.920 422965.840 422964.150 422963.550 422962.900 422962.300 422962.050 422961.500 422961.050 422960.800 422960.500 422960.300 422960.300 422960.850 422962.650 422964.867 422968.438 564896.804 564895.050 564888.200 564881.750 564874.860 564868.650 564858.850 564858.070 564856.650 564856.100 564857.780 564857.670 564857.120 564855.510 564855.150 564854.740 564854.050 564866.000 564866.160 564871.400 564876.950 564882.450 564887.900 564893.200 564896.804 564896.804 564886.218 564883.600 564882.100 564876.900 564871.700 564865.600 564862.750 564859.850 564858.900 564857.850 564856.900 564855.900 564855.800 564855.000 564854.150 564853.400 564853.300 564852.650 564852.100 564851.800 564851.350 564851.050 564851.000 564850.850 564850.800 564850.800 564851.600 564852.704 564853.405 564853.650 564855.350 564856.500 564855.000 564855.240 564855.250 564855.400 564855.350 564855.500 564855.700 564855.850 564856.300 564856.850 564857.300 564857.950 564858.650 564860.750 564866.900 564866.850 564896.804 564896.804
