16
5 423101.931 423103.200 423103.741 423103.741 423101.931 565014.607 565028.400 565033.773 565014.607 565014.607
5 423101.931 423103.200 423103.741 423103.741 423101.931 565014.607 565028.400 565033.773 565014.607 565014.607
5 423101.931 423103.200 423103.741 423103.741 423101.931 565014.607 565028.400 565033.773 565014.607 565014.607
5 423101.931 423103.200 423103.741 423103.741 423101.931 565014.607 565028.400 565033.773 565014.607 565014.607
44 423090.152 423090.750 423091.020 423091.400 423091.780 423092.040 423092.650 423093.290 423094.000 423068.400 423067.850 423067.950 423068.050 423068.450 423068.650 423069.050 423069.250 423069.500 423069.800 423070.050 423070.350 423070.700 423071.000 423071.300 423083.850 423093.500 423094.050 423094.500 423094.850 423095.150 423095.450 423095.700 423095.900 423096.100 423096.200 423096.250 423096.400 423096.450 423096.450 423095.350 423094.900 423094.570 423092.671 423090.152 565014.607 565020.860 565023.710 565027.630 565031.660 565034.330 565040.700 565047.450 565054.850 565063.180 565063.450 565063.600 565063.800 565064.400 565064.600 565064.900 565065.100 565065.250 565065.350 565065.400 565065.400 565065.300 565065.200 565065.050 565060.950 565057.750 565057.650 565057.450 565057.300 565057.050 565056.750 565056.450 565056.200 565056.000 565055.800 565055.600 565055.250 565054.850 565054.250 565044.100 565039.190 565035.600 565014.607 565014.607
44 423090.152 423090.750 423091.020 423091.400 423091.780 423092.040 423092.650 423093.290 423094.000 423068.400 423067.850 423067.950 423068.050 423068.450 423068.650 423069.050 423069.250 423069.500 423069.800 423070.050 423070.350 423070.700 423071.000 423071.300 423083.850 423093.500 423094.050 423094.500 423094.850 423095.150 423095.450 423095.700 423095.900 423096.100 423096.200 423096.250 423096.400 423096.450 423096.450 423095.350 423094.900 423094.570 423092.671 423090.152 565014.607 565020.860 565023.710 565027.630 565031.660 565034.330 565040.700 565047.450 565054.850 565063.180 565063.450 565063.600 565063.800 565064.400 565064.600 565064.900 565065.100 565065.250 565065.350 565065.400 565065.400 565065.300 565065.200 565065.050 565060.950 565057.750 565057.650 565057.450 565057.300 565057.050 565056.750 565056.450 565056.200 565056.000 565055.800 565055.600 565055.250 565054.850 565054.250 565044.100 565039.190 565035.600 565014.607 565014.607
44 423090.152 423090.750 423091.020 423091.400 423091.780 423092.040 423092.650 423093.290 423094.000 423068.400 423067.850 423067.950 423068.050 423068.450 423068.650 423069.050 423069.250 423069.500 423069.800 423070.050 423070.350 423070.700 423071.000 423071.300 423083.850 423093.500 423094.050 423094.500 423094.850 423095.150 423095.450 423095.700 423095.900 423096.100 423096.200 423096.250 423096.400 423096.450 423096.450 423095.350 423094.900 423094.570 423092.671 423090.152 565014.607 565020.860 565023.710 565027.630 565031.660 565034.330 565040.700 565047.450 565054.850 565063.180 565063.450 565063.600 565063.800 565064.400 565064.600 565064.900 565065.100 565065.250 565065.350 565065.400 565065.400 565065.300 565065.200 565065.050 565060.950 565057.750 565057.650 565057.450 565057.300 565057.050 565056.750 565056.450 565056.200 565056.000 565055.800 565055.600 565055.250 565054.850 565054.250 565044.100 565039.190 565035.600 565014.607 565014.607
44 423090.152 423090.750 423091.020 423091.400 423091.780 423092.040 423092.650 423093.290 423094.000 423068.400 423067.850 423067.950 423068.050 423068.450 423068.650 423069.050 423069.250 423069.500 423069.800 423070.050 423070.350 423070.700 423071.000 423071.300 423083.850 423093.500 423094.050 423094.500 423094.850 423095.150 423095.450 423095.700 423095.900 423096.100 423096.200 423096.250 423096.400 423096.450 423096.450 423095.350 423094.900 423094.570 423092.671 423090.152 565014.607 565020.860 565023.710 565027.630 565031.660 565034.330 565040.700 565047.450 565054.850 565063.180 565063.450 565063.600 565063.800 565064.400 565064.600 565064.900 565065.100 565065.250 565065.350 565065.400 565065.400 565065.300 565065.200 565065.050 565060.950 565057.750 565057.650 565057.450 565057.300 565057.050 565056.750 565056.450 565056.200 565056.000 565055.800 565055.600 565055.250 565054.850 565054.250 565044.100 565039.190 565035.600 565014.607 565014.607
35 423055.969 423055.969 423050.560 423042.350 423041.060 423040.490 423039.940 423039.390 423038.830 423038.270 423037.710 423037.150 423036.942 423034.491 423035.230 423035.438 423033.453 423033.729 423033.845 423033.927 423035.915 423037.900 423038.992 423037.738 423037.978 423038.229 423038.445 423038.762 423039.164 423040.050 423040.250 423040.500 423040.510 423044.388 423055.969 565069.825 565067.023 565068.720 565071.300 565057.820 565051.840 565046.030 565040.240 565034.380 565028.480 565022.640 565016.810 565014.607 565014.607 565022.830 565025.455 565025.612 565028.868 565030.232 565031.200 565031.015 565052.300 565064.757 565064.867 565067.611 565069.528 565070.492 565071.358 565072.142 565073.100 565073.300 565073.500 565073.508 565073.508 565069.825
35 423055.969 423055.969 423050.560 423042.350 423041.060 423040.490 423039.940 423039.390 423038.830 423038.270 423037.710 423037.150 423036.942 423034.491 423035.230 423035.438 423033.453 423033.729 423033.845 423033.927 423035.915 423037.900 423038.992 423037.738 423037.978 423038.229 423038.445 423038.762 423039.164 423040.050 423040.250 423040.500 423040.510 423044.388 423055.969 565069.825 565067.023 565068.720 565071.300 565057.820 565051.840 565046.030 565040.240 565034.380 565028.480 565022.640 565016.810 565014.607 565014.607 565022.830 565025.455 565025.612 565028.868 565030.232 565031.200 565031.015 565052.300 565064.757 565064.867 565067.611 565069.528 565070.492 565071.358 565072.142 565073.100 565073.300 565073.500 565073.508 565073.508 565069.825
35 423055.969 423055.969 423050.560 423042.350 423041.060 423040.490 423039.940 423039.390 423038.830 423038.270 423037.710 423037.150 423036.942 423034.491 423035.230 423035.438 423033.453 423033.729 423033.845 423033.927 423035.915 423037.900 423038.992 423037.738 423037.978 423038.229 423038.445 423038.762 423039.164 423040.050 423040.250 423040.500 423040.510 423044.388 423055.969 565069.825 565067.023 565068.720 565071.300 565057.820 565051.840 565046.030 565040.240 565034.380 565028.480 565022.640 565016.810 565014.607 565014.607 565022.830 565025.455 565025.612 565028.868 565030.232 565031.200 565031.015 565052.300 565064.757 565064.867 565067.611 565069.528 565070.492 565071.358 565072.142 565073.100 565073.300 565073.500 565073.508 565073.508 565069.825
35 423055.969 423055.969 423050.560 423042.350 423041.060 423040.490 423039.940 423039.390 423038.830 423038.270 423037.710 423037.150 423036.942 423034.491 423035.230 423035.438 423033.453 423033.729 423033.845 423033.927 423035.915 423037.900 423038.992 423037.738 423037.978 423038.229 423038.445 423038.762 423039.164 423040.050 423040.250 423040.500 423040.510 423044.388 423055.969 565069.825 565067.023 565068.720 565071.300 565057.820 565051.840 565046.030 565040.240 565034.380 565028.480 565022.640 565016.810 565014.607 565014.607 565022.830 565025.455 565025.612 565028.868 565030.232 565031.200 565031.015 565052.300 565064.757 565064.867 565067.611 565069.528 565070.492 565071.358 565072.142 565073.100 565073.300 565073.500 565073.508 565073.508 565069.825
28 423024.239 423024.590 423025.110 423025.650 423026.200 423026.750 423027.290 423027.820 423028.350 423028.890 423029.778 423034.053 423034.068 423033.750 423032.962 423032.249 423031.763 423030.441 423029.195 423028.250 423028.057 423028.000 423027.930 423027.700 423027.590 423027.300 423026.686 423024.239 565014.607 565018.340 565023.790 565029.490 565035.240 565041.050 565047.000 565052.860 565058.750 565064.360 565073.508 565073.508 565072.373 565070.317 565067.165 565064.030 565060.716 565051.708 565043.216 565033.200 565030.695 565029.950 565029.040 565026.073 565024.650 565021.000 565014.607 565014.607
28 423024.239 423024.590 423025.110 423025.650 423026.200 423026.750 423027.290 423027.820 423028.350 423028.890 423029.778 423034.053 423034.068 423033.750 423032.962 423032.249 423031.763 423030.441 423029.195 423028.250 423028.057 423028.000 423027.930 423027.700 423027.590 423027.300 423026.686 423024.239 565014.607 565018.340 565023.790 565029.490 565035.240 565041.050 565047.000 565052.860 565058.750 565064.360 565073.508 565073.508 565072.373 565070.317 565067.165 565064.030 565060.716 565051.708 565043.216 565033.200 565030.695 565029.950 565029.040 565026.073 565024.650 565021.000 565014.607 565014.607
20 423055.969 423055.969 423059.350 423059.900 423060.550 423060.800 423061.050 423061.350 423061.550 423061.750 423062.050 423062.150 423062.300 423062.400 423062.450 423062.450 423062.400 423062.350 423062.320 423055.969 565067.023 565069.825 565068.750 565068.550 565068.300 565068.250 565068.150 565067.950 565067.750 565067.700 565067.400 565067.250 565067.050 565066.850 565066.600 565066.150 565065.900 565065.450 565065.030 565067.023
24 423076.678 423085.800 423089.987 423098.399 423097.600 423096.950 423096.250 423095.450 423094.600 423093.850 423093.100 423092.850 423092.000 423091.000 423090.900 423089.900 423087.900 423086.250 423084.300 423082.350 423080.450 423071.880 423069.369 423076.678 565073.508 565070.650 565073.508 565073.508 565072.000 565071.150 565070.300 565069.550 565068.850 565068.350 565067.900 565067.800 565067.550 565067.400 565067.350 565067.350 565067.650 565067.950 565068.600 565069.300 565069.900 565072.690 565073.508 565073.508
