17
22 423192.796 423191.600 423183.900 423179.300 423178.990 423177.600 423177.170 423176.817 423174.546 423175.497 423175.780 423175.942 423175.968 423176.102 423176.345 423176.465 423177.535 423179.302 423181.363 423191.623 423192.796 423192.796 564615.113 564615.000 564614.280 564613.850 564610.600 564610.650 564606.050 564602.296 564602.296 564612.509 564615.550 564616.865 564616.956 564617.423 564617.802 564617.932 564618.431 564618.613 564616.763 564617.609 564618.909 564615.113
22 423192.796 423191.600 423183.900 423179.300 423178.990 423177.600 423177.170 423176.817 423174.546 423175.497 423175.780 423175.942 423175.968 423176.102 423176.345 423176.465 423177.535 423179.302 423181.363 423191.623 423192.796 423192.796 564615.113 564615.000 564614.280 564613.850 564610.600 564610.650 564606.050 564602.296 564602.296 564612.509 564615.550 564616.865 564616.956 564617.423 564617.802 564617.932 564618.431 564618.613 564616.763 564617.609 564618.909 564615.113
38 423164.161 423164.550 423163.000 423163.400 423162.250 423157.310 423150.495 423149.200 423148.612 423148.561 423148.668 423148.768 423148.868 423148.972 423149.511 423150.140 423151.374 423153.482 423164.596 423164.801 423165.553 423166.318 423167.144 423167.197 423167.221 423167.981 423168.471 423168.696 423168.900 423169.231 423169.482 423169.419 423169.258 423169.203 423168.200 423166.250 423166.163 423164.161 564602.296 564606.350 564606.450 564610.750 564612.050 564611.390 564610.449 564610.270 564612.610 564612.813 564613.574 564613.803 564614.031 564614.194 564614.742 564615.066 564615.353 564613.614 564615.261 564615.514 564616.442 564617.386 564617.565 564617.557 564617.553 564617.433 564617.187 564617.014 564616.748 564616.318 564615.481 564614.872 564613.302 564612.771 564603.000 564603.200 564602.296 564602.296
38 423164.161 423164.550 423163.000 423163.400 423162.250 423157.310 423150.495 423149.200 423148.612 423148.561 423148.668 423148.768 423148.868 423148.972 423149.511 423150.140 423151.374 423153.482 423164.596 423164.801 423165.553 423166.318 423167.144 423167.197 423167.221 423167.981 423168.471 423168.696 423168.900 423169.231 423169.482 423169.419 423169.258 423169.203 423168.200 423166.250 423166.163 423164.161 564602.296 564606.350 564606.450 564610.750 564612.050 564611.390 564610.449 564610.270 564612.610 564612.813 564613.574 564613.803 564614.031 564614.194 564614.742 564615.066 564615.353 564613.614 564615.261 564615.514 564616.442 564617.386 564617.565 564617.557 564617.553 564617.433 564617.187 564617.014 564616.748 564616.318 564615.481 564614.872 564613.302 564612.771 564603.000 564603.200 564602.296 564602.296
49 423111.954 423111.150 423107.217 423103.741 423103.741 423113.139 423113.298 423114.267 423121.452 423128.158 423129.727 423132.024 423138.676 423140.512 423141.315 423141.941 423142.594 423142.745 423143.073 423143.380 423143.381 423143.381 423142.900 423140.430 423139.380 423128.200 423127.850 423127.550 423127.300 423127.200 423127.160 423126.730 423123.365 423123.922 423122.391 423122.046 423121.138 423120.671 423120.479 423120.480 423120.578 423120.646 423120.759 423121.038 423121.180 423121.280 423121.325 423121.308 423111.954 564602.296 564603.000 564602.296 564602.296 564603.903 564605.640 564605.957 564607.895 564609.472 564610.944 564611.290 564609.587 564610.857 564613.410 564613.517 564613.501 564613.240 564613.133 564612.796 564612.178 564611.651 564611.471 564609.220 564608.771 564608.580 564606.500 564606.350 564606.050 564605.750 564605.350 564605.110 564602.296 564602.296 564605.655 564605.476 564605.405 564605.093 564604.786 564604.563 564604.411 564604.247 564604.206 564604.138 564603.795 564603.340 564602.844 564602.486 564602.296 564602.296
49 423111.954 423111.150 423107.217 423103.741 423103.741 423113.139 423113.298 423114.267 423121.452 423128.158 423129.727 423132.024 423138.676 423140.512 423141.315 423141.941 423142.594 423142.745 423143.073 423143.380 423143.381 423143.381 423142.900 423140.430 423139.380 423128.200 423127.850 423127.550 423127.300 423127.200 423127.160 423126.730 423123.365 423123.922 423122.391 423122.046 423121.138 423120.671 423120.479 423120.480 423120.578 423120.646 423120.759 423121.038 423121.180 423121.280 423121.325 423121.308 423111.954 564602.296 564603.000 564602.296 564602.296 564603.903 564605.640 564605.957 564607.895 564609.472 564610.944 564611.290 564609.587 564610.857 564613.410 564613.517 564613.501 564613.240 564613.133 564612.796 564612.178 564611.651 564611.471 564609.220 564608.771 564608.580 564606.500 564606.350 564606.050 564605.750 564605.350 564605.110 564602.296 564602.296 564605.655 564605.476 564605.405 564605.093 564604.786 564604.563 564604.411 564604.247 564604.206 564604.138 564603.795 564603.340 564602.844 564602.486 564602.296 564602.296
5 423167.700 423166.350 423166.890 423168.200 423167.700 564603.550 564603.700 564608.950 564608.750 564603.550
28 423145.106 423144.881 423144.659 423143.856 423142.986 423140.794 423140.695 423129.919 423129.841 423128.615 423127.020 423120.645 423120.208 423112.912 423111.273 423111.163 423103.741 423103.741 423110.250 423115.150 423121.370 423130.600 423134.550 423140.250 423144.900 423145.195 423145.171 423145.106 564622.148 564621.665 564621.376 564620.829 564620.681 564622.122 564622.187 564620.004 564619.877 564617.885 564617.519 564616.054 564615.959 564614.371 564615.952 564616.058 564614.729 564617.370 564618.550 564619.500 564621.400 564622.600 564623.460 564624.700 564625.690 564623.043 564622.798 564622.148
5 423170.850 423169.400 423169.800 423171.300 423170.850 564634.850 564635.000 564640.150 564639.950 564634.850
42 423171.825 423169.800 423171.800 423170.947 423170.839 423170.791 423170.716 423170.715 423170.685 423170.523 423170.138 423169.040 423168.095 423167.868 423166.934 423166.587 423166.004 423165.926 423154.454 423154.242 423152.979 423152.347 423151.639 423151.345 423150.983 423150.687 423150.473 423150.323 423150.246 423150.720 423153.750 423165.300 423165.370 423166.800 423167.180 423167.670 423168.100 423168.120 423168.640 423169.150 423169.598 423171.825 564661.198 564640.600 564640.450 564629.724 564628.360 564627.762 564626.818 564626.799 564626.423 564625.803 564625.197 564624.537 564624.400 564624.367 564625.167 564625.464 564625.965 564626.032 564624.490 564624.182 564622.347 564622.248 564622.276 564622.373 564622.582 564622.916 564623.157 564623.588 564623.810 564626.280 564626.700 564628.300 564629.010 564629.650 564634.200 564639.950 564645.100 564645.360 564650.910 564656.450 564661.198 564661.198
42 423171.825 423169.800 423171.800 423170.947 423170.839 423170.791 423170.716 423170.715 423170.685 423170.523 423170.138 423169.040 423168.095 423167.868 423166.934 423166.587 423166.004 423165.926 423154.454 423154.242 423152.979 423152.347 423151.639 423151.345 423150.983 423150.687 423150.473 423150.323 423150.246 423150.720 423153.750 423165.300 423165.370 423166.800 423167.180 423167.670 423168.100 423168.120 423168.640 423169.150 423169.598 423171.825 564661.198 564640.600 564640.450 564629.724 564628.360 564627.762 564626.818 564626.799 564626.423 564625.803 564625.197 564624.537 564624.400 564624.367 564625.167 564625.464 564625.965 564626.032 564624.490 564624.182 564622.347 564622.248 564622.276 564622.373 564622.582 564622.916 564623.157 564623.588 564623.810 564626.280 564626.700 564628.300 564629.010 564629.650 564634.200 564639.950 564645.100 564645.360 564650.910 564656.450 564661.198 564661.198
33 423182.107 423181.700 423181.050 423180.400 423179.850 423181.260 423180.750 423181.750 423192.796 423192.796 423182.438 423182.176 423182.087 423180.939 423180.187 423179.081 423178.275 423177.810 423177.568 423177.282 423177.239 423177.154 423177.060 423177.056 423177.055 423177.040 423177.084 423177.114 423177.700 423178.450 423179.350 423179.924 423182.107 564661.198 564656.850 564649.850 564642.750 564636.450 564636.300 564630.700 564629.900 564630.614 564628.414 564627.506 564627.263 564627.181 564626.119 564625.424 564625.271 564625.410 564625.674 564625.896 564626.384 564626.457 564626.601 564627.470 564627.927 564627.996 564629.600 564630.066 564630.388 564636.650 564646.400 564654.750 564661.198 564661.198
33 423182.107 423181.700 423181.050 423180.400 423179.850 423181.260 423180.750 423181.750 423192.796 423192.796 423182.438 423182.176 423182.087 423180.939 423180.187 423179.081 423178.275 423177.810 423177.568 423177.282 423177.239 423177.154 423177.060 423177.056 423177.055 423177.040 423177.084 423177.114 423177.700 423178.450 423179.350 423179.924 423182.107 564661.198 564656.850 564649.850 564642.750 564636.450 564636.300 564630.700 564629.900 564630.614 564628.414 564627.506 564627.263 564627.181 564626.119 564625.424 564625.271 564625.410 564625.674 564625.896 564626.384 564626.457 564626.601 564627.470 564627.927 564627.996 564629.600 564630.066 564630.388 564636.650 564646.400 564654.750 564661.198 564661.198
9 423131.373 423131.230 423130.700 423130.180 423129.680 423127.200 423128.600 423129.006 423131.373 564661.198 564659.600 564653.650 564647.650 564641.870 564642.200 564656.800 564661.198 564661.198
9 423131.373 423131.230 423130.700 423130.180 423129.680 423127.200 423128.600 423129.006 423131.373 564661.198 564659.600 564653.650 564647.650 564641.870 564642.200 564656.800 564661.198 564661.198
9 423121.129 423120.150 423119.384 423117.252 423117.600 423118.240 423118.850 423118.909 423121.129 564661.198 564651.150 564642.975 564643.183 564646.700 564653.800 564660.550 564661.198 564661.198
9 423121.129 423120.150 423119.384 423117.252 423117.600 423118.240 423118.850 423118.909 423121.129 564661.198 564651.150 564642.975 564643.183 564646.700 564653.800 564660.550 564661.198 564661.198
