26
9 424172.408 424166.650 424150.459 424150.530 424166.400 424167.197 424167.520 424172.408 424172.408 564561.600 564564.000 564570.468 564570.650 564564.330 564566.484 564566.350 564564.276 564561.600
9 424172.408 424166.650 424150.459 424150.530 424166.400 424167.197 424167.520 424172.408 424172.408 564561.600 564564.000 564570.468 564570.650 564564.330 564566.484 564566.350 564564.276 564561.600
17 424170.480 424161.730 424162.300 424156.430 424154.600 424155.000 424155.200 424155.500 424156.200 424156.900 424157.200 424157.400 424162.550 424172.408 424172.408 424171.050 424170.480 564543.550 564547.300 564548.650 564551.220 564552.010 564552.650 564553.000 564553.250 564553.550 564553.650 564553.600 564553.500 564551.200 564546.643 564544.198 564544.800 564543.550
17 424170.480 424161.730 424162.300 424156.430 424154.600 424155.000 424155.200 424155.500 424156.200 424156.900 424157.200 424157.400 424162.550 424172.408 424172.408 424171.050 424170.480 564543.550 564547.300 564548.650 564551.220 564552.010 564552.650 564553.000 564553.250 564553.550 564553.650 564553.600 564553.500 564551.200 564546.643 564544.198 564544.800 564543.550
11 424172.408 424165.910 424161.130 424155.110 424151.170 424147.670 424148.317 424148.441 424164.860 424172.408 424172.408 564553.697 564556.360 564558.220 564560.370 564561.550 564562.800 564564.334 564564.629 564558.090 564554.971 564553.697
11 424172.408 424165.910 424161.130 424155.110 424151.170 424147.670 424148.317 424148.441 424164.860 424172.408 424172.408 564553.697 564556.360 564558.220 564560.370 564561.550 564562.800 564564.334 564564.629 564558.090 564554.971 564553.697
95 424172.408 424169.850 424168.270 424167.200 424166.140 424165.100 424164.080 424162.930 424162.340 424161.750 424161.170 424160.600 424160.050 424159.520 424158.970 424158.710 424158.440 424158.180 424157.930 424157.690 424157.450 424157.230 424157.020 424156.770 424156.620 424156.470 424156.340 424156.220 424156.110 424156.020 424155.930 424155.870 424155.810 424155.770 424155.740 424155.740 424155.760 424155.800 424155.850 424155.930 424156.010 424156.120 424156.250 424156.390 424158.870 424161.020 424160.810 424160.670 424160.390 424160.260 424160.140 424160.020 424159.910 424159.800 424159.700 424159.600 424159.420 424159.350 424159.270 424159.150 424159.080 424159.040 424158.980 424158.970 424158.960 424158.960 424158.970 424158.990 424159.050 424159.090 424159.140 424159.190 424159.250 424159.310 424159.380 424159.460 424159.540 424159.630 424159.830 424159.940 424160.050 424160.170 424160.290 424160.420 424160.550 424160.830 424167.170 424168.160 424168.860 424169.580 424170.320 424171.090 424171.880 424172.408 424172.408 564572.131 564573.200 564573.860 564574.280 564574.740 564575.250 564575.790 564576.480 564576.860 564577.250 564577.650 564578.060 564578.500 564578.960 564579.480 564579.750 564580.020 564580.300 564580.580 564580.870 564581.160 564581.470 564581.780 564582.220 564582.520 564582.830 564583.150 564583.460 564583.780 564584.110 564584.440 564584.770 564585.110 564585.460 564585.910 564586.350 564586.800 564587.270 564587.710 564588.150 564588.590 564589.030 564589.460 564589.880 564595.820 564594.140 564594.010 564593.910 564593.690 564593.580 564593.450 564593.330 564593.190 564593.060 564592.920 564592.770 564592.470 564592.320 564592.160 564591.840 564591.580 564591.410 564591.070 564590.900 564590.720 564590.380 564590.200 564590.030 564589.690 564589.520 564589.350 564589.190 564589.020 564588.860 564588.700 564588.550 564588.390 564588.240 564587.960 564587.820 564587.690 564587.560 564587.440 564587.320 564587.210 564587.010 564579.970 564579.000 564578.380 564577.780 564577.220 564576.690 564576.190 564575.880 564572.131
95 424172.408 424169.850 424168.270 424167.200 424166.140 424165.100 424164.080 424162.930 424162.340 424161.750 424161.170 424160.600 424160.050 424159.520 424158.970 424158.710 424158.440 424158.180 424157.930 424157.690 424157.450 424157.230 424157.020 424156.770 424156.620 424156.470 424156.340 424156.220 424156.110 424156.020 424155.930 424155.870 424155.810 424155.770 424155.740 424155.740 424155.760 424155.800 424155.850 424155.930 424156.010 424156.120 424156.250 424156.390 424158.870 424161.020 424160.810 424160.670 424160.390 424160.260 424160.140 424160.020 424159.910 424159.800 424159.700 424159.600 424159.420 424159.350 424159.270 424159.150 424159.080 424159.040 424158.980 424158.970 424158.960 424158.960 424158.970 424158.990 424159.050 424159.090 424159.140 424159.190 424159.250 424159.310 424159.380 424159.460 424159.540 424159.630 424159.830 424159.940 424160.050 424160.170 424160.290 424160.420 424160.550 424160.830 424167.170 424168.160 424168.860 424169.580 424170.320 424171.090 424171.880 424172.408 424172.408 564572.131 564573.200 564573.860 564574.280 564574.740 564575.250 564575.790 564576.480 564576.860 564577.250 564577.650 564578.060 564578.500 564578.960 564579.480 564579.750 564580.020 564580.300 564580.580 564580.870 564581.160 564581.470 564581.780 564582.220 564582.520 564582.830 564583.150 564583.460 564583.780 564584.110 564584.440 564584.770 564585.110 564585.460 564585.910 564586.350 564586.800 564587.270 564587.710 564588.150 564588.590 564589.030 564589.460 564589.880 564595.820 564594.140 564594.010 564593.910 564593.690 564593.580 564593.450 564593.330 564593.190 564593.060 564592.920 564592.770 564592.470 564592.320 564592.160 564591.840 564591.580 564591.410 564591.070 564590.900 564590.720 564590.380 564590.200 564590.030 564589.690 564589.520 564589.350 564589.190 564589.020 564588.860 564588.700 564588.550 564588.390 564588.240 564587.960 564587.820 564587.690 564587.560 564587.440 564587.320 564587.210 564587.010 564579.970 564579.000 564578.380 564577.780 564577.220 564576.690 564576.190 564575.880 564572.131
26 424125.770 424125.290 424125.930 424125.520 424125.750 424126.150 424126.450 424126.800 424127.400 424133.500 424134.200 424147.900 424148.900 424149.750 424150.350 424150.600 424150.750 424150.650 424150.380 424147.550 424147.100 424139.150 424139.700 424137.150 424130.400 424125.770 564563.790 564564.020 564565.350 564565.510 564565.650 564565.850 564565.900 564565.950 564565.950 564563.500 564563.300 564557.700 564557.250 564556.800 564556.450 564555.950 564555.300 564554.750 564553.860 564555.100 564554.000 564557.350 564558.600 564559.650 564562.050 564563.790
7 424144.344 424144.954 424145.065 424148.441 424148.317 424147.670 424144.344 564564.154 564565.693 564565.973 564564.629 564564.334 564562.800 564564.154
5 424138.033 424138.627 424144.954 424144.344 424138.033 564566.724 564568.238 564565.693 564564.154 564566.724
5 424138.627 424138.728 424145.065 424144.954 424138.627 564568.238 564568.497 564565.973 564565.693 564568.238
9 424150.530 424150.459 424147.942 424148.900 424164.130 424164.237 424167.197 424166.400 424150.530 564570.650 564570.468 564571.473 564573.800 564567.440 564567.708 564566.484 564564.330 564570.650
26 424105.410 424106.000 424106.150 424106.750 424107.000 424107.250 424107.550 424107.800 424108.400 424108.650 424108.950 424109.200 424119.200 424119.600 424120.000 424120.300 424120.400 424120.440 424108.950 424108.300 424107.850 424107.530 424105.610 424105.810 424105.310 424105.410 564571.860 564572.150 564572.400 564573.000 564573.150 564573.250 564573.350 564573.400 564573.400 564573.350 564573.250 564573.150 564569.100 564568.850 564568.450 564567.950 564567.650 564567.470 564571.890 564570.540 564570.760 564570.080 564571.010 564571.420 564571.660 564571.860
85 424148.810 424164.237 424164.130 424148.900 424147.942 424147.800 424146.140 424146.080 424146.030 424145.970 424145.920 424145.870 424145.820 424145.770 424145.720 424145.680 424145.630 424145.590 424145.550 424145.510 424145.470 424145.430 424145.400 424145.370 424145.340 424145.310 424145.280 424145.260 424145.240 424145.220 424145.200 424145.190 424145.170 424145.160 424145.150 424145.150 424145.140 424145.140 424145.150 424145.150 424145.160 424145.170 424145.180 424145.190 424145.230 424145.250 424145.280 424145.310 424145.340 424145.370 424145.410 424145.440 424145.480 424145.530 424145.570 424145.610 424145.660 424145.710 424145.760 424145.810 424145.860 424145.910 424145.970 424146.020 424146.080 424146.140 424146.190 424146.250 424146.310 424146.370 424146.430 424146.490 424146.550 424146.610 424146.670 424146.730 424146.780 424146.840 424146.900 424146.960 424147.020 424147.070 424147.130 424147.220 424148.810 564574.090 564567.708 564567.440 564573.800 564571.473 564571.530 564572.170 564572.190 564572.210 564572.230 564572.260 564572.290 564572.320 564572.350 564572.390 564572.430 564572.470 564572.510 564572.550 564572.590 564572.640 564572.690 564572.740 564572.790 564572.840 564572.890 564572.950 564573.000 564573.060 564573.120 564573.170 564573.230 564573.290 564573.350 564573.410 564573.470 564573.520 564573.580 564573.640 564573.700 564573.760 564573.820 564573.880 564573.940 564574.040 564574.100 564574.150 564574.200 564574.250 564574.300 564574.350 564574.390 564574.440 564574.480 564574.520 564574.560 564574.600 564574.630 564574.660 564574.700 564574.730 564574.750 564574.780 564574.800 564574.820 564574.840 564574.860 564574.870 564574.890 564574.900 564574.900 564574.910 564574.910 564574.910 564574.910 564574.910 564574.900 564574.890 564574.880 564574.870 564574.850 564574.830 564574.810 564574.760 564574.090
6 424111.736 424112.341 424133.750 424138.627 424138.033 424111.736 564577.433 564579.053 564570.200 564568.238 564566.724 564577.433
7 424112.341 424112.407 424135.230 424138.728 424138.627 424133.750 424112.341 564579.053 564579.231 564569.890 564568.497 564568.238 564570.200 564579.053
80 424095.780 424095.800 424095.820 424095.840 424095.870 424109.430 424111.750 424112.407 424112.341 424111.736 424110.270 424107.250 424104.080 424095.490 424095.470 424095.450 424095.430 424095.410 424095.400 424095.380 424095.360 424095.350 424095.330 424095.320 424095.300 424095.290 424095.280 424095.260 424095.250 424095.240 424095.230 424095.230 424095.220 424095.210 424095.200 424095.200 424095.190 424095.190 424095.190 424095.190 424095.190 424095.190 424095.190 424095.190 424095.190 424095.200 424095.200 424095.210 424095.220 424095.230 424095.240 424095.250 424095.260 424095.270 424095.290 424095.300 424095.320 424095.330 424095.350 424095.370 424095.380 424095.400 424095.420 424095.440 424095.460 424095.480 424095.500 424095.520 424095.540 424095.560 424095.580 424095.600 424095.630 424095.650 424095.670 424095.690 424095.710 424095.730 424095.760 424095.780 564585.980 564585.970 564585.970 564585.960 564585.950 564580.450 564579.500 564579.231 564579.053 564577.433 564578.030 564579.310 564580.790 564585.030 564585.040 564585.050 564585.060 564585.070 564585.080 564585.100 564585.110 564585.130 564585.140 564585.160 564585.180 564585.190 564585.210 564585.230 564585.250 564585.270 564585.290 564585.310 564585.330 564585.350 564585.370 564585.390 564585.410 564585.440 564585.460 564585.480 564585.500 564585.520 564585.540 564585.570 564585.590 564585.610 564585.630 564585.650 564585.680 564585.700 564585.720 564585.740 564585.760 564585.770 564585.790 564585.810 564585.820 564585.840 564585.850 564585.870 564585.880 564585.890 564585.910 564585.920 564585.930 564585.940 564585.940 564585.950 564585.960 564585.970 564585.970 564585.980 564585.980 564585.980 564585.980 564585.980 564585.980 564585.980 564585.980 564585.980
11 424083.352 424085.700 424099.300 424100.000 424100.400 424101.000 424101.200 424101.250 424100.870 424083.352 424083.352 564585.414 564584.250 564577.700 564577.200 564576.900 564576.200 564575.800 564575.400 564574.120 564582.799 564585.414
91 424144.700 424146.296 424146.230 424146.210 424146.190 424146.170 424146.150 424146.130 424146.100 424146.080 424146.050 424146.020 424145.990 424145.960 424145.930 424145.900 424145.870 424145.830 424145.800 424145.760 424145.730 424145.690 424145.630 424145.600 424145.560 424145.520 424145.480 424145.440 424145.400 424145.360 424145.320 424145.280 424145.240 424145.210 424145.170 424145.130 424145.090 424145.060 424145.020 424144.980 424144.950 424144.920 424144.880 424144.850 424144.440 424144.410 424144.380 424144.350 424144.330 424144.300 424144.280 424144.260 424144.240 424144.220 424144.200 424144.190 424144.170 424144.160 424144.150 424144.140 424144.130 424144.120 424144.120 424144.120 424144.120 424144.120 424144.120 424144.120 424144.130 424144.140 424144.150 424144.160 424144.170 424144.180 424144.200 424144.220 424144.230 424144.250 424144.270 424144.300 424144.320 424144.350 424144.370 424144.400 424144.430 424144.460 424144.490 424144.520 424146.088 424146.230 424144.700 564586.010 564584.782 564584.690 564584.650 564584.610 564584.580 564584.540 564584.510 564584.480 564584.450 564584.420 564584.390 564584.370 564584.340 564584.320 564584.300 564584.270 564584.250 564584.240 564584.220 564584.200 564584.190 564584.170 564584.160 564584.160 564584.150 564584.150 564584.140 564584.140 564584.140 564584.150 564584.150 564584.150 564584.160 564584.170 564584.180 564584.190 564584.210 564584.220 564584.240 564584.260 564584.280 564584.300 564584.320 564584.560 564584.590 564584.610 564584.640 564584.670 564584.700 564584.730 564584.770 564584.800 564584.830 564584.870 564584.900 564584.940 564584.980 564585.010 564585.050 564585.090 564585.130 564585.170 564585.210 564585.250 564585.290 564585.330 564585.360 564585.400 564585.440 564585.480 564585.520 564585.550 564585.590 564585.630 564585.660 564585.700 564585.730 564585.760 564585.790 564585.830 564585.860 564585.880 564585.910 564585.940 564585.960 564585.990 564586.010 564588.396 564588.300 564586.010
9 424148.337 424146.296 424144.700 424146.230 424146.088 424147.446 424149.210 424148.170 424148.337 564587.631 564584.782 564586.010 564588.300 564588.396 564590.465 564589.200 564587.750 564587.631
91 424149.210 424147.446 424147.660 424147.680 424147.690 424147.710 424147.730 424147.750 424147.780 424147.800 424147.820 424147.850 424147.880 424147.910 424147.940 424147.970 424148.000 424148.030 424148.060 424148.120 424148.160 424148.190 424148.230 424148.260 424148.300 424148.340 424148.380 424148.410 424148.450 424148.490 424148.530 424148.560 424148.600 424148.640 424148.680 424148.710 424148.750 424148.780 424148.820 424148.850 424148.890 424148.920 424148.970 424149.550 424149.580 424149.610 424149.640 424149.670 424149.700 424149.720 424149.750 424149.770 424149.790 424149.810 424149.830 424149.850 424149.860 424149.880 424149.890 424149.910 424149.920 424149.930 424149.930 424149.940 424149.950 424149.950 424149.950 424149.950 424149.950 424149.940 424149.930 424149.920 424149.910 424149.900 424149.890 424149.880 424149.860 424149.840 424149.820 424149.800 424149.780 424149.760 424149.730 424149.710 424149.680 424149.660 424149.630 424149.590 424148.337 424148.170 424149.210 564589.200 564590.465 564590.790 564590.820 564590.860 564590.890 564590.920 564590.950 564590.980 564591.010 564591.040 564591.070 564591.090 564591.120 564591.140 564591.170 564591.190 564591.210 564591.220 564591.250 564591.260 564591.280 564591.290 564591.300 564591.300 564591.310 564591.310 564591.320 564591.320 564591.320 564591.320 564591.310 564591.310 564591.300 564591.290 564591.280 564591.270 564591.260 564591.240 564591.230 564591.210 564591.190 564591.160 564590.820 564590.800 564590.780 564590.750 564590.730 564590.700 564590.670 564590.650 564590.620 564590.580 564590.550 564590.520 564590.490 564590.450 564590.420 564590.380 564590.350 564590.310 564590.280 564590.240 564590.200 564590.170 564590.130 564590.090 564590.050 564590.020 564589.950 564589.910 564589.880 564589.840 564589.800 564589.770 564589.730 564589.700 564589.670 564589.630 564589.600 564589.570 564589.540 564589.510 564589.480 564589.460 564589.430 564589.410 564589.380 564587.631 564587.750 564589.200
65 424083.352 424123.960 424123.990 424124.030 424124.060 424124.090 424124.110 424124.140 424124.170 424124.190 424124.210 424124.240 424124.260 424124.270 424124.290 424124.310 424124.320 424124.330 424124.340 424124.350 424124.360 424124.360 424124.370 424124.370 424124.370 424124.370 424124.360 424124.360 424124.350 424124.340 424124.330 424124.320 424124.300 424124.280 424124.260 424124.240 424124.220 424124.200 424124.170 424124.150 424124.120 424124.090 424124.060 424124.030 424124.000 424123.970 424123.930 424123.900 424123.860 424123.820 424123.790 424123.750 424123.710 424123.670 424123.630 424123.590 424123.550 424123.470 424121.930 424120.350 424115.950 424115.080 424114.270 424083.352 424083.352 564600.806 564584.270 564584.250 564584.220 564584.190 564584.160 564584.130 564584.100 564584.070 564584.030 564584.000 564583.960 564583.930 564583.890 564583.850 564583.810 564583.770 564583.730 564583.690 564583.650 564583.610 564583.570 564583.530 564583.490 564583.440 564583.400 564583.360 564583.320 564583.280 564583.230 564583.190 564583.150 564583.110 564583.070 564583.040 564583.000 564582.970 564582.930 564582.900 564582.860 564582.830 564582.800 564582.770 564582.750 564582.720 564582.690 564582.670 564582.650 564582.630 564582.610 564582.590 564582.570 564582.560 564582.550 564582.540 564582.530 564582.520 564582.510 564582.780 564583.190 564584.620 564584.880 564585.170 564598.159 564600.806
6 424166.300 424164.970 424166.319 424167.018 424167.120 424166.300 564600.860 564602.296 564602.296 564601.523 564601.410 564600.860
70 424108.107 424111.000 424122.400 424129.420 424129.970 424130.530 424131.090 424131.660 424132.230 424132.800 424133.380 424133.950 424134.530 424135.100 424135.680 424136.250 424136.820 424137.770 424138.320 424138.870 424139.400 424139.930 424140.450 424140.960 424141.450 424141.930 424142.400 424143.070 424145.257 424146.150 424148.023 424148.195 424149.461 424150.069 424151.480 424147.870 424144.470 424143.980 424143.570 424143.150 424142.710 424142.260 424141.800 424141.320 424140.410 424139.900 424139.380 424138.850 424138.320 424137.820 424137.770 424137.230 424136.670 424136.120 424135.560 424134.910 424134.290 424133.660 424133.030 424132.410 424131.790 424131.170 424130.550 424129.940 424129.340 424128.740 424126.980 424124.250 424099.659 424108.107 564602.296 564601.100 564596.300 564593.180 564593.010 564592.850 564592.730 564592.620 564592.540 564592.480 564592.450 564592.430 564592.440 564592.480 564592.540 564592.620 564592.720 564592.950 564593.120 564593.310 564593.520 564593.750 564594.000 564594.280 564594.570 564594.890 564595.220 564595.750 564597.908 564598.790 564600.773 564600.955 564602.296 564602.296 564601.260 564597.450 564593.950 564593.430 564593.040 564592.660 564592.310 564591.970 564591.650 564591.350 564590.850 564590.610 564590.390 564590.200 564590.020 564589.880 564589.870 564589.730 564589.610 564589.520 564589.440 564589.370 564589.340 564589.330 564589.340 564589.380 564589.450 564589.540 564589.650 564589.790 564589.960 564590.150 564590.910 564592.100 564602.296 564602.296
4 424151.480 424150.069 424152.462 424151.480 564601.260 564602.296 564602.296 564601.260
