14
22 422954.913 422955.150 422955.450 422955.700 422955.950 422956.050 422956.900 422957.800 422958.306 422960.733 422960.110 422959.850 422959.850 422959.470 422959.060 422958.390 422957.750 422956.700 422955.450 422954.600 422954.506 422954.913 564921.961 564922.700 564923.800 564924.850 564926.350 564927.900 564938.250 564948.900 564955.705 564955.705 564948.100 564944.900 564944.860 564940.090 564934.950 564926.600 564924.650 564921.550 564918.450 564916.550 564916.375 564921.961
22 422954.913 422955.150 422955.450 422955.700 422955.950 422956.050 422956.900 422957.800 422958.306 422960.733 422960.110 422959.850 422959.850 422959.470 422959.060 422958.390 422957.750 422956.700 422955.450 422954.600 422954.506 422954.913 564921.961 564922.700 564923.800 564924.850 564926.350 564927.900 564938.250 564948.900 564955.705 564955.705 564948.100 564944.900 564944.860 564940.090 564934.950 564926.600 564924.650 564921.550 564918.450 564916.550 564916.375 564921.961
22 422954.913 422955.150 422955.450 422955.700 422955.950 422956.050 422956.900 422957.800 422958.306 422960.733 422960.110 422959.850 422959.850 422959.470 422959.060 422958.390 422957.750 422956.700 422955.450 422954.600 422954.506 422954.913 564921.961 564922.700 564923.800 564924.850 564926.350 564927.900 564938.250 564948.900 564955.705 564955.705 564948.100 564944.900 564944.860 564940.090 564934.950 564926.600 564924.650 564921.550 564918.450 564916.550 564916.375 564921.961
22 422954.913 422955.150 422955.450 422955.700 422955.950 422956.050 422956.900 422957.800 422958.306 422960.733 422960.110 422959.850 422959.850 422959.470 422959.060 422958.390 422957.750 422956.700 422955.450 422954.600 422954.506 422954.913 564921.961 564922.700 564923.800 564924.850 564926.350 564927.900 564938.250 564948.900 564955.705 564955.705 564948.100 564944.900 564944.860 564940.090 564934.950 564926.600 564924.650 564921.550 564918.450 564916.550 564916.375 564921.961
22 422954.913 422955.150 422955.450 422955.700 422955.950 422956.050 422956.900 422957.800 422958.306 422960.733 422960.110 422959.850 422959.850 422959.470 422959.060 422958.390 422957.750 422956.700 422955.450 422954.600 422954.506 422954.913 564921.961 564922.700 564923.800 564924.850 564926.350 564927.900 564938.250 564948.900 564955.705 564955.705 564948.100 564944.900 564944.860 564940.090 564934.950 564926.600 564924.650 564921.550 564918.450 564916.550 564916.375 564921.961
34 422956.014 422956.840 422958.250 422958.390 422959.060 422959.700 422960.300 422960.450 422961.150 422961.750 422962.350 422962.600 422963.050 422963.350 422963.400 422963.550 422963.600 422963.550 422963.400 422962.950 422962.650 422962.550 422962.350 422962.100 422961.800 422961.400 422960.950 422959.800 422959.250 422958.750 422958.350 422958.000 422957.788 422956.014 564896.804 564907.910 564924.800 564926.600 564934.950 564935.000 564934.850 564934.800 564934.600 564934.350 564933.900 564933.650 564933.100 564932.450 564932.300 564931.650 564930.950 564930.250 564928.650 564923.100 564920.400 564918.650 564916.900 564915.550 564914.150 564912.800 564911.400 564907.900 564905.600 564903.300 564901.050 564898.800 564896.804 564896.804
34 422956.014 422956.840 422958.250 422958.390 422959.060 422959.700 422960.300 422960.450 422961.150 422961.750 422962.350 422962.600 422963.050 422963.350 422963.400 422963.550 422963.600 422963.550 422963.400 422962.950 422962.650 422962.550 422962.350 422962.100 422961.800 422961.400 422960.950 422959.800 422959.250 422958.750 422958.350 422958.000 422957.788 422956.014 564896.804 564907.910 564924.800 564926.600 564934.950 564935.000 564934.850 564934.800 564934.600 564934.350 564933.900 564933.650 564933.100 564932.450 564932.300 564931.650 564930.950 564930.250 564928.650 564923.100 564920.400 564918.650 564916.900 564915.550 564914.150 564912.800 564911.400 564907.900 564905.600 564903.300 564901.050 564898.800 564896.804 564896.804
34 422956.014 422956.840 422958.250 422958.390 422959.060 422959.700 422960.300 422960.450 422961.150 422961.750 422962.350 422962.600 422963.050 422963.350 422963.400 422963.550 422963.600 422963.550 422963.400 422962.950 422962.650 422962.550 422962.350 422962.100 422961.800 422961.400 422960.950 422959.800 422959.250 422958.750 422958.350 422958.000 422957.788 422956.014 564896.804 564907.910 564924.800 564926.600 564934.950 564935.000 564934.850 564934.800 564934.600 564934.350 564933.900 564933.650 564933.100 564932.450 564932.300 564931.650 564930.950 564930.250 564928.650 564923.100 564920.400 564918.650 564916.900 564915.550 564914.150 564912.800 564911.400 564907.900 564905.600 564903.300 564901.050 564898.800 564896.804 564896.804
13 422965.450 422964.980 422963.200 422963.550 422963.750 422964.100 422964.350 422964.550 422965.050 422965.250 422966.850 422966.650 422965.450 564904.050 564898.330 564898.450 564900.250 564901.950 564903.600 564904.450 564905.200 564906.800 564907.500 564907.310 564904.100 564904.050
12 422959.470 422959.850 422961.750 422961.650 422961.700 422961.700 422961.550 422961.450 422961.100 422960.800 422960.150 422959.470 564940.090 564944.860 564944.700 564942.300 564942.100 564941.700 564941.350 564941.050 564940.800 564940.650 564940.300 564940.090
43 422959.850 422960.110 422963.450 422964.200 422970.430 422972.370 422972.100 422971.980 422971.550 422971.480 422971.000 422970.460 422969.900 422969.360 422968.830 422968.438 422964.867 422964.980 422965.450 422966.650 422966.850 422965.250 422966.750 422967.150 422967.400 422967.550 422967.700 422967.900 422968.300 422969.400 422968.850 422968.300 422967.850 422967.450 422967.100 422966.900 422966.750 422966.700 422966.750 422967.200 422961.750 422959.850 422959.850 564944.900 564948.100 564947.850 564947.790 564947.330 564947.180 564943.850 564942.150 564936.440 564935.450 564928.900 564922.300 564915.500 564908.660 564901.810 564896.804 564896.804 564898.330 564904.050 564904.100 564907.310 564907.500 564912.250 564913.300 564914.350 564915.050 564915.700 564918.400 564923.000 564936.600 564936.600 564936.700 564936.950 564937.300 564937.750 564938.100 564938.600 564939.150 564939.700 564944.250 564944.700 564944.860 564944.900
6 423013.512 423013.700 423014.190 423014.685 423014.685 423013.512 564896.804 564898.850 564904.250 564909.647 564896.804 564896.804
43 422959.850 422960.110 422963.450 422964.200 422970.430 422972.370 422972.100 422971.980 422971.550 422971.480 422971.000 422970.460 422969.900 422969.360 422968.830 422968.438 422964.867 422964.980 422965.450 422966.650 422966.850 422965.250 422966.750 422967.150 422967.400 422967.550 422967.700 422967.900 422968.300 422969.400 422968.850 422968.300 422967.850 422967.450 422967.100 422966.900 422966.750 422966.700 422966.750 422967.200 422961.750 422959.850 422959.850 564944.900 564948.100 564947.850 564947.790 564947.330 564947.180 564943.850 564942.150 564936.440 564935.450 564928.900 564922.300 564915.500 564908.660 564901.810 564896.804 564896.804 564898.330 564904.050 564904.100 564907.310 564907.500 564912.250 564913.300 564914.350 564915.050 564915.700 564918.400 564923.000 564936.600 564936.600 564936.700 564936.950 564937.300 564937.750 564938.100 564938.600 564939.150 564939.700 564944.250 564944.700 564944.860 564944.900
6 423013.512 423013.700 423014.190 423014.685 423014.685 423013.512 564896.804 564898.850 564904.250 564909.647 564896.804 564896.804
