32
7 422948.170 422950.050 422949.918 422946.990 422947.000 422947.120 422948.170 564780.770 564780.500 564779.001 564779.001 564779.150 564780.850 564780.770
33 423003.032 423003.260 423003.700 423004.180 423004.600 423005.020 423005.430 423005.850 423006.300 423006.730 423007.200 423007.806 423011.609 423011.800 423012.200 423011.950 423009.850 423008.450 423010.650 423010.280 423010.200 423008.050 423006.600 423009.000 423008.300 423007.831 423007.107 423008.300 423006.650 423006.150 423005.050 423004.967 423003.032 564779.001 564781.850 564787.500 564793.400 564798.650 564803.950 564809.100 564814.350 564819.700 564824.850 564830.400 564837.902 564837.902 564834.350 564828.800 564825.250 564825.400 564808.350 564808.150 564804.250 564803.350 564803.500 564785.150 564785.000 564780.750 564779.001 564779.001 564784.600 564784.700 564779.950 564780.050 564779.001 564779.001
24 422963.834 422963.560 422963.100 422962.500 422961.950 422961.400 422960.700 422960.150 422959.650 422958.900 422958.851 422956.856 422956.900 422957.380 422957.930 422958.100 422958.570 422958.720 422959.100 422960.100 422960.750 422961.300 422961.618 422963.834 564837.902 564834.360 564827.500 564820.600 564813.850 564807.100 564800.270 564793.700 564786.650 564779.500 564779.001 564779.001 564779.450 564785.280 564791.500 564793.750 564799.670 564801.850 564808.000 564817.750 564826.250 564832.700 564837.902 564837.902
33 423003.032 423003.260 423003.700 423004.180 423004.600 423005.020 423005.430 423005.850 423006.300 423006.730 423007.200 423007.806 423011.609 423011.800 423012.200 423011.950 423009.850 423008.450 423010.650 423010.280 423010.200 423008.050 423006.600 423009.000 423008.300 423007.831 423007.107 423008.300 423006.650 423006.150 423005.050 423004.967 423003.032 564779.001 564781.850 564787.500 564793.400 564798.650 564803.950 564809.100 564814.350 564819.700 564824.850 564830.400 564837.902 564837.902 564834.350 564828.800 564825.250 564825.400 564808.350 564808.150 564804.250 564803.350 564803.500 564785.150 564785.000 564780.750 564779.001 564779.001 564784.600 564784.700 564779.950 564780.050 564779.001 564779.001
24 422963.834 422963.560 422963.100 422962.500 422961.950 422961.400 422960.700 422960.150 422959.650 422958.900 422958.851 422956.856 422956.900 422957.380 422957.930 422958.100 422958.570 422958.720 422959.100 422960.100 422960.750 422961.300 422961.618 422963.834 564837.902 564834.360 564827.500 564820.600 564813.850 564807.100 564800.270 564793.700 564786.650 564779.500 564779.001 564779.001 564779.450 564785.280 564791.500 564793.750 564799.670 564801.850 564808.000 564817.750 564826.250 564832.700 564837.902 564837.902
33 423003.032 423003.260 423003.700 423004.180 423004.600 423005.020 423005.430 423005.850 423006.300 423006.730 423007.200 423007.806 423011.609 423011.800 423012.200 423011.950 423009.850 423008.450 423010.650 423010.280 423010.200 423008.050 423006.600 423009.000 423008.300 423007.831 423007.107 423008.300 423006.650 423006.150 423005.050 423004.967 423003.032 564779.001 564781.850 564787.500 564793.400 564798.650 564803.950 564809.100 564814.350 564819.700 564824.850 564830.400 564837.902 564837.902 564834.350 564828.800 564825.250 564825.400 564808.350 564808.150 564804.250 564803.350 564803.500 564785.150 564785.000 564780.750 564779.001 564779.001 564784.600 564784.700 564779.950 564780.050 564779.001 564779.001
24 422963.834 422963.560 422963.100 422962.500 422961.950 422961.400 422960.700 422960.150 422959.650 422958.900 422958.851 422956.856 422956.900 422957.380 422957.930 422958.100 422958.570 422958.720 422959.100 422960.100 422960.750 422961.300 422961.618 422963.834 564837.902 564834.360 564827.500 564820.600 564813.850 564807.100 564800.270 564793.700 564786.650 564779.500 564779.001 564779.001 564779.450 564785.280 564791.500 564793.750 564799.670 564801.850 564808.000 564817.750 564826.250 564832.700 564837.902 564837.902
33 423003.032 423003.260 423003.700 423004.180 423004.600 423005.020 423005.430 423005.850 423006.300 423006.730 423007.200 423007.806 423011.609 423011.800 423012.200 423011.950 423009.850 423008.450 423010.650 423010.280 423010.200 423008.050 423006.600 423009.000 423008.300 423007.831 423007.107 423008.300 423006.650 423006.150 423005.050 423004.967 423003.032 564779.001 564781.850 564787.500 564793.400 564798.650 564803.950 564809.100 564814.350 564819.700 564824.850 564830.400 564837.902 564837.902 564834.350 564828.800 564825.250 564825.400 564808.350 564808.150 564804.250 564803.350 564803.500 564785.150 564785.000 564780.750 564779.001 564779.001 564784.600 564784.700 564779.950 564780.050 564779.001 564779.001
24 422963.834 422963.560 422963.100 422962.500 422961.950 422961.400 422960.700 422960.150 422959.650 422958.900 422958.851 422956.856 422956.900 422957.380 422957.930 422958.100 422958.570 422958.720 422959.100 422960.100 422960.750 422961.300 422961.618 422963.834 564837.902 564834.360 564827.500 564820.600 564813.850 564807.100 564800.270 564793.700 564786.650 564779.500 564779.001 564779.001 564779.450 564785.280 564791.500 564793.750 564799.670 564801.850 564808.000 564817.750 564826.250 564832.700 564837.902 564837.902
33 423003.032 423003.260 423003.700 423004.180 423004.600 423005.020 423005.430 423005.850 423006.300 423006.730 423007.200 423007.806 423011.609 423011.800 423012.200 423011.950 423009.850 423008.450 423010.650 423010.280 423010.200 423008.050 423006.600 423009.000 423008.300 423007.831 423007.107 423008.300 423006.650 423006.150 423005.050 423004.967 423003.032 564779.001 564781.850 564787.500 564793.400 564798.650 564803.950 564809.100 564814.350 564819.700 564824.850 564830.400 564837.902 564837.902 564834.350 564828.800 564825.250 564825.400 564808.350 564808.150 564804.250 564803.350 564803.500 564785.150 564785.000 564780.750 564779.001 564779.001 564784.600 564784.700 564779.950 564780.050 564779.001 564779.001
24 422963.834 422963.560 422963.100 422962.500 422961.950 422961.400 422960.700 422960.150 422959.650 422958.900 422958.851 422956.856 422956.900 422957.380 422957.930 422958.100 422958.570 422958.720 422959.100 422960.100 422960.750 422961.300 422961.618 422963.834 564837.902 564834.360 564827.500 564820.600 564813.850 564807.100 564800.270 564793.700 564786.650 564779.500 564779.001 564779.001 564779.450 564785.280 564791.500 564793.750 564799.670 564801.850 564808.000 564817.750 564826.250 564832.700 564837.902 564837.902
7 423006.150 423006.650 423008.300 423007.107 423004.967 423005.050 423006.150 564779.950 564784.700 564784.600 564779.001 564779.001 564780.050 564779.950
9 422947.906 422948.933 422948.500 422948.170 422947.120 422947.470 422947.500 422947.900 422947.906 564791.340 564791.250 564785.980 564780.770 564780.850 564786.100 564786.500 564791.250 564791.340
5 422957.930 422957.380 422955.800 422956.300 422957.930 564791.500 564785.280 564785.450 564791.600 564791.500
5 422957.930 422957.380 422955.800 422956.300 422957.930 564791.500 564785.280 564785.450 564791.600 564791.500
12 422948.560 422949.720 422951.700 422951.502 422951.430 422951.153 422951.060 422950.833 422948.933 422947.906 422948.300 422948.560 564801.800 564801.730 564801.500 564799.089 564798.210 564794.926 564793.820 564791.083 564791.250 564791.340 564797.800 564801.800
8 422958.570 422958.100 422956.450 422956.503 422956.780 422956.853 422956.950 422958.570 564799.670 564793.750 564793.850 564794.476 564797.770 564798.639 564799.800 564799.670
5 422959.100 422958.720 422957.000 422957.450 422959.100 564808.000 564801.850 564802.000 564808.100 564808.000
5 423009.550 423008.100 423008.400 423009.850 423009.550 564804.300 564804.400 564807.550 564807.500 564804.300
6 422949.400 422950.600 422949.720 422948.560 422949.050 422949.400 564813.700 564813.650 564801.730 564801.800 564809.150 564813.700
20 422951.266 422950.850 422949.750 422949.400 422949.050 422948.560 422948.300 422947.906 422947.900 422947.500 422947.470 422947.120 422947.000 422946.990 422944.330 422945.400 422946.250 422948.850 422948.979 422951.266 564837.902 564832.250 564818.350 564813.700 564809.150 564801.800 564797.800 564791.340 564791.250 564786.500 564786.100 564780.850 564779.150 564779.001 564779.001 564792.000 564803.850 564836.550 564837.902 564837.902
20 422951.266 422950.850 422949.750 422949.400 422949.050 422948.560 422948.300 422947.906 422947.900 422947.500 422947.470 422947.120 422947.000 422946.990 422944.330 422945.400 422946.250 422948.850 422948.979 422951.266 564837.902 564832.250 564818.350 564813.700 564809.150 564801.800 564797.800 564791.340 564791.250 564786.500 564786.100 564780.850 564779.150 564779.001 564779.001 564792.000 564803.850 564836.550 564837.902 564837.902
20 422951.266 422950.850 422949.750 422949.400 422949.050 422948.560 422948.300 422947.906 422947.900 422947.500 422947.470 422947.120 422947.000 422946.990 422944.330 422945.400 422946.250 422948.850 422948.979 422951.266 564837.902 564832.250 564818.350 564813.700 564809.150 564801.800 564797.800 564791.340 564791.250 564786.500 564786.100 564780.850 564779.150 564779.001 564779.001 564792.000 564803.850 564836.550 564837.902 564837.902
20 422951.266 422950.850 422949.750 422949.400 422949.050 422948.560 422948.300 422947.906 422947.900 422947.500 422947.470 422947.120 422947.000 422946.990 422944.330 422945.400 422946.250 422948.850 422948.979 422951.266 564837.902 564832.250 564818.350 564813.700 564809.150 564801.800 564797.800 564791.340 564791.250 564786.500 564786.100 564780.850 564779.150 564779.001 564779.001 564792.000 564803.850 564836.550 564837.902 564837.902
20 422951.266 422950.850 422949.750 422949.400 422949.050 422948.560 422948.300 422947.906 422947.900 422947.500 422947.470 422947.120 422947.000 422946.990 422944.330 422945.400 422946.250 422948.850 422948.979 422951.266 564837.902 564832.250 564818.350 564813.700 564809.150 564801.800 564797.800 564791.340 564791.250 564786.500 564786.100 564780.850 564779.150 564779.001 564779.001 564792.000 564803.850 564836.550 564837.902 564837.902
8 422950.600 422949.400 422949.750 422950.850 422951.266 422954.429 422952.600 422950.600 564813.650 564813.700 564818.350 564832.250 564837.902 564837.902 564813.600 564813.650
8 422950.600 422949.400 422949.750 422950.850 422951.266 422954.429 422952.600 422950.600 564813.650 564813.700 564818.350 564832.250 564837.902 564837.902 564813.600 564813.650
8 422950.600 422949.400 422949.750 422950.850 422951.266 422954.429 422952.600 422950.600 564813.650 564813.700 564818.350 564832.250 564837.902 564837.902 564813.600 564813.650
8 423013.297 423013.450 423013.750 423013.900 423014.200 423014.685 423014.685 423013.297 564779.001 564779.950 564782.400 564784.850 564788.650 564793.695 564779.001 564779.001
8 423013.297 423013.450 423013.750 423013.900 423014.200 423014.685 423014.685 423013.297 564779.001 564779.950 564782.400 564784.850 564788.650 564793.695 564779.001 564779.001
8 423013.297 423013.450 423013.750 423013.900 423014.200 423014.685 423014.685 423013.297 564779.001 564779.950 564782.400 564784.850 564788.650 564793.695 564779.001 564779.001
8 423013.297 423013.450 423013.750 423013.900 423014.200 423014.685 423014.685 423013.297 564779.001 564779.950 564782.400 564784.850 564788.650 564793.695 564779.001 564779.001
