15
42 423331.602 423331.610 423331.650 423331.690 423331.740 423331.800 423331.860 423331.940 423332.020 423332.110 423332.210 423332.320 423332.430 423332.630 423334.730 423334.800 423334.950 423336.200 423338.550 423339.470 423342.250 423342.050 423341.550 423341.410 423341.350 423340.580 423339.820 423339.780 423339.200 423339.100 423341.050 423340.800 423339.000 423337.300 423337.150 423337.100 423337.150 423337.300 423337.600 423337.750 423338.443 423331.602 564543.395 564543.480 564543.690 564543.900 564544.110 564544.320 564544.520 564544.720 564544.910 564545.110 564545.300 564545.480 564545.660 564545.940 564548.760 564549.650 564550.700 564565.000 564593.100 564602.296 564602.296 564600.750 564597.550 564596.150 564594.000 564586.520 564578.050 564577.850 564571.000 564569.700 564569.450 564567.450 564567.710 564550.250 564549.000 564547.850 564546.850 564545.900 564544.950 564544.550 564543.395 564543.395
42 423331.602 423331.610 423331.650 423331.690 423331.740 423331.800 423331.860 423331.940 423332.020 423332.110 423332.210 423332.320 423332.430 423332.630 423334.730 423334.800 423334.950 423336.200 423338.550 423339.470 423342.250 423342.050 423341.550 423341.410 423341.350 423340.580 423339.820 423339.780 423339.200 423339.100 423341.050 423340.800 423339.000 423337.300 423337.150 423337.100 423337.150 423337.300 423337.600 423337.750 423338.443 423331.602 564543.395 564543.480 564543.690 564543.900 564544.110 564544.320 564544.520 564544.720 564544.910 564545.110 564545.300 564545.480 564545.660 564545.940 564548.760 564549.650 564550.700 564565.000 564593.100 564602.296 564602.296 564600.750 564597.550 564596.150 564594.000 564586.520 564578.050 564577.850 564571.000 564569.700 564569.450 564567.450 564567.710 564550.250 564549.000 564547.850 564546.850 564545.900 564544.950 564544.550 564543.395 564543.395
40 423331.476 423327.170 423327.130 423327.340 423327.520 423327.680 423327.820 423327.950 423328.070 423328.170 423328.260 423328.330 423328.380 423328.420 423328.440 423328.450 423328.440 423328.410 423328.310 423328.230 423328.140 423328.030 423327.910 423327.770 423327.620 423327.450 423327.360 423324.252 423324.350 423324.750 423325.370 423325.990 423326.610 423326.650 423327.220 423327.840 423328.450 423329.060 423329.438 423331.476 564602.296 564553.190 564552.690 564552.310 564551.960 564551.600 564551.230 564550.860 564550.480 564550.100 564549.720 564549.330 564548.940 564548.550 564548.150 564547.760 564547.360 564546.970 564546.190 564545.800 564545.420 564545.040 564544.660 564544.290 564543.930 564543.570 564543.395 564543.395 564544.800 564549.350 564556.250 564563.300 564570.200 564570.700 564577.190 564584.210 564591.050 564598.000 564602.296 564602.296
9 423305.300 423305.300 423305.350 423305.500 423305.650 423305.900 423306.210 423306.016 423305.300 564543.395 564543.750 564544.250 564544.650 564545.000 564545.400 564545.750 564543.395 564543.395
40 423331.476 423327.170 423327.130 423327.340 423327.520 423327.680 423327.820 423327.950 423328.070 423328.170 423328.260 423328.330 423328.380 423328.420 423328.440 423328.450 423328.440 423328.410 423328.310 423328.230 423328.140 423328.030 423327.910 423327.770 423327.620 423327.450 423327.360 423324.252 423324.350 423324.750 423325.370 423325.990 423326.610 423326.650 423327.220 423327.840 423328.450 423329.060 423329.438 423331.476 564602.296 564553.190 564552.690 564552.310 564551.960 564551.600 564551.230 564550.860 564550.480 564550.100 564549.720 564549.330 564548.940 564548.550 564548.150 564547.760 564547.360 564546.970 564546.190 564545.800 564545.420 564545.040 564544.660 564544.290 564543.930 564543.570 564543.395 564543.395 564544.800 564549.350 564556.250 564563.300 564570.200 564570.700 564577.190 564584.210 564591.050 564598.000 564602.296 564602.296
9 423305.300 423305.300 423305.350 423305.500 423305.650 423305.900 423306.210 423306.016 423305.300 564543.395 564543.750 564544.250 564544.650 564545.000 564545.400 564545.750 564543.395 564543.395
40 423331.476 423327.170 423327.130 423327.340 423327.520 423327.680 423327.820 423327.950 423328.070 423328.170 423328.260 423328.330 423328.380 423328.420 423328.440 423328.450 423328.440 423328.410 423328.310 423328.230 423328.140 423328.030 423327.910 423327.770 423327.620 423327.450 423327.360 423324.252 423324.350 423324.750 423325.370 423325.990 423326.610 423326.650 423327.220 423327.840 423328.450 423329.060 423329.438 423331.476 564602.296 564553.190 564552.690 564552.310 564551.960 564551.600 564551.230 564550.860 564550.480 564550.100 564549.720 564549.330 564548.940 564548.550 564548.150 564547.760 564547.360 564546.970 564546.190 564545.800 564545.420 564545.040 564544.660 564544.290 564543.930 564543.570 564543.395 564543.395 564544.800 564549.350 564556.250 564563.300 564570.200 564570.700 564577.190 564584.210 564591.050 564598.000 564602.296 564602.296
9 423305.300 423305.300 423305.350 423305.500 423305.650 423305.900 423306.210 423306.016 423305.300 564543.395 564543.750 564544.250 564544.650 564545.000 564545.400 564545.750 564543.395 564543.395
24 423305.863 423300.900 423300.921 423281.852 423281.852 423283.250 423296.370 423299.660 423299.668 423300.000 423300.150 423300.310 423300.750 423300.870 423301.450 423302.030 423302.670 423303.150 423303.240 423303.860 423304.403 423304.490 423304.799 423305.863 564602.296 564543.500 564543.395 564543.395 564545.100 564545.000 564543.950 564543.626 564543.702 564547.080 564548.920 564550.900 564556.350 564557.700 564564.500 564571.320 564578.330 564584.050 564584.990 564591.850 564597.907 564598.860 564602.296 564602.296
15 423281.852 423284.000 423284.481 423286.573 423286.410 423285.840 423285.270 423284.700 423284.150 423284.100 423283.570 423283.010 423282.430 423281.852 423281.852 564572.395 564597.300 564602.296 564602.296 564600.300 564593.400 564586.440 564579.590 564572.800 564572.250 564565.900 564559.050 564552.090 564545.124 564572.395
24 423305.863 423300.900 423300.921 423281.852 423281.852 423283.250 423296.370 423299.660 423299.668 423300.000 423300.150 423300.310 423300.750 423300.870 423301.450 423302.030 423302.670 423303.150 423303.240 423303.860 423304.403 423304.490 423304.799 423305.863 564602.296 564543.500 564543.395 564543.395 564545.100 564545.000 564543.950 564543.626 564543.702 564547.080 564548.920 564550.900 564556.350 564557.700 564564.500 564571.320 564578.330 564584.050 564584.990 564591.850 564597.907 564598.860 564602.296 564602.296
15 423281.852 423284.000 423284.481 423286.573 423286.410 423285.840 423285.270 423284.700 423284.150 423284.100 423283.570 423283.010 423282.430 423281.852 423281.852 564572.395 564597.300 564602.296 564602.296 564600.300 564593.400 564586.440 564579.590 564572.800 564572.250 564565.900 564559.050 564552.090 564545.124 564572.395
24 423305.863 423300.900 423300.921 423281.852 423281.852 423283.250 423296.370 423299.660 423299.668 423300.000 423300.150 423300.310 423300.750 423300.870 423301.450 423302.030 423302.670 423303.150 423303.240 423303.860 423304.403 423304.490 423304.799 423305.863 564602.296 564543.500 564543.395 564543.395 564545.100 564545.000 564543.950 564543.626 564543.702 564547.080 564548.920 564550.900 564556.350 564557.700 564564.500 564571.320 564578.330 564584.050 564584.990 564591.850 564597.907 564598.860 564602.296 564602.296
15 423281.852 423284.000 423284.481 423286.573 423286.410 423285.840 423285.270 423284.700 423284.150 423284.100 423283.570 423283.010 423282.430 423281.852 423281.852 564572.395 564597.300 564602.296 564602.296 564600.300 564593.400 564586.440 564579.590 564572.800 564572.250 564565.900 564559.050 564552.090 564545.124 564572.395
15 423370.908 423370.550 423370.300 423367.180 423362.800 423361.300 423358.710 423360.250 423364.300 423366.100 423366.350 423366.700 423368.550 423370.908 423370.908 564589.992 564590.350 564590.650 564594.650 564591.350 564590.220 564593.480 564594.700 564597.750 564599.100 564598.800 564598.450 564595.700 564592.643 564589.992
