13
16 423281.013 423280.750 423280.350 423280.200 423280.000 423279.940 423279.850 423279.700 423279.650 423280.550 423281.852 423281.852 423281.850 423281.852 423281.852 423281.013 564543.395 564543.500 564543.800 564544.000 564544.400 564544.570 564544.850 564545.500 564546.150 564557.300 564572.395 564545.124 564545.100 564545.100 564543.395 564543.395
16 423281.013 423280.750 423280.350 423280.200 423280.000 423279.940 423279.850 423279.700 423279.650 423280.550 423281.852 423281.852 423281.850 423281.852 423281.852 423281.013 564543.395 564543.500 564543.800 564544.000 564544.400 564544.570 564544.850 564545.500 564546.150 564557.300 564572.395 564545.124 564545.100 564545.100 564543.395 564543.395
16 423281.013 423280.750 423280.350 423280.200 423280.000 423279.940 423279.850 423279.700 423279.650 423280.550 423281.852 423281.852 423281.850 423281.852 423281.852 423281.013 564543.395 564543.500 564543.800 564544.000 564544.400 564544.570 564544.850 564545.500 564546.150 564557.300 564572.395 564545.124 564545.100 564545.100 564543.395 564543.395
23 423213.696 423214.340 423214.450 423214.960 423215.620 423216.280 423216.900 423217.560 423218.180 423218.820 423218.971 423221.424 423221.300 423221.170 423220.070 423219.900 423218.720 423218.570 423217.300 423217.230 423215.920 423215.868 423213.696 564545.961 564552.860 564554.100 564559.550 564566.550 564573.600 564580.260 564587.260 564593.850 564600.700 564602.296 564602.296 564601.020 564599.780 564588.050 564586.680 564574.180 564572.950 564559.980 564558.850 564546.270 564545.719 564545.961
15 423200.721 423200.120 423199.510 423199.050 423198.900 423198.280 423197.640 423197.010 423196.430 423196.250 423195.830 423194.797 423195.250 423199.803 423200.721 564602.296 564595.610 564588.800 564583.650 564582.010 564575.150 564568.060 564561.050 564554.600 564552.650 564547.949 564548.064 564552.900 564602.296 564602.296
23 423213.696 423214.340 423214.450 423214.960 423215.620 423216.280 423216.900 423217.560 423218.180 423218.820 423218.971 423221.424 423221.300 423221.170 423220.070 423219.900 423218.720 423218.570 423217.300 423217.230 423215.920 423215.868 423213.696 564545.961 564552.860 564554.100 564559.550 564566.550 564573.600 564580.260 564587.260 564593.850 564600.700 564602.296 564602.296 564601.020 564599.780 564588.050 564586.680 564574.180 564572.950 564559.980 564558.850 564546.270 564545.719 564545.961
15 423200.721 423200.120 423199.510 423199.050 423198.900 423198.280 423197.640 423197.010 423196.430 423196.250 423195.830 423194.797 423195.250 423199.803 423200.721 564602.296 564595.610 564588.800 564583.650 564582.010 564575.150 564568.060 564561.050 564554.600 564552.650 564547.949 564548.064 564552.900 564602.296 564602.296
8 423192.796 423192.970 423193.590 423194.230 423194.682 423195.731 423192.796 423192.796 564581.813 564583.690 564590.500 564597.390 564602.296 564602.296 564571.127 564581.813
8 423192.796 423192.970 423193.590 423194.230 423194.682 423195.731 423192.796 423192.796 564581.813 564583.690 564590.500 564597.390 564602.296 564602.296 564571.127 564581.813
47 423276.810 423274.850 423272.000 423272.000 423271.950 423271.750 423271.550 423271.300 423271.000 423270.700 423270.450 423269.850 423263.850 423251.745 423251.344 423251.128 423250.824 423250.718 423250.607 423250.521 423250.386 423250.450 423255.370 423256.180 423255.777 423255.480 423255.000 423254.840 423254.210 423253.922 423253.620 423253.258 423253.209 423251.170 423257.300 423259.937 423261.480 423267.870 423269.650 423270.920 423271.870 423272.470 423273.110 423273.690 423274.330 423274.495 423276.810 564602.296 564580.350 564546.150 564545.850 564545.550 564545.250 564544.950 564544.700 564544.350 564544.200 564544.100 564544.100 564544.650 564545.759 564545.854 564545.945 564546.146 564546.251 564546.415 564546.594 564547.036 564547.800 564602.296 564602.296 564598.097 564595.000 564589.950 564588.160 564581.000 564577.729 564574.300 564570.250 564569.698 564547.750 564547.300 564547.054 564546.940 564546.350 564546.200 564560.880 564571.900 564578.840 564586.250 564592.940 564600.390 564602.296 564602.296
47 423276.810 423274.850 423272.000 423272.000 423271.950 423271.750 423271.550 423271.300 423271.000 423270.700 423270.450 423269.850 423263.850 423251.745 423251.344 423251.128 423250.824 423250.718 423250.607 423250.521 423250.386 423250.450 423255.370 423256.180 423255.777 423255.480 423255.000 423254.840 423254.210 423253.922 423253.620 423253.258 423253.209 423251.170 423257.300 423259.937 423261.480 423267.870 423269.650 423270.920 423271.870 423272.470 423273.110 423273.690 423274.330 423274.495 423276.810 564602.296 564580.350 564546.150 564545.850 564545.550 564545.250 564544.950 564544.700 564544.350 564544.200 564544.100 564544.100 564544.650 564545.759 564545.854 564545.945 564546.146 564546.251 564546.415 564546.594 564547.036 564547.800 564602.296 564602.296 564598.097 564595.000 564589.950 564588.160 564581.000 564577.729 564574.300 564570.250 564569.698 564547.750 564547.300 564547.054 564546.940 564546.350 564546.200 564560.880 564571.900 564578.840 564586.250 564592.940 564600.390 564602.296 564602.296
63 423251.115 423246.560 423246.650 423246.600 423246.450 423246.200 423245.900 423245.500 423245.100 423244.600 423244.050 423229.500 423228.600 423227.750 423226.800 423225.950 423225.650 423225.100 423224.600 423224.400 423224.300 423224.300 423224.500 423226.400 423229.193 423231.460 423230.960 423230.270 423229.590 423228.920 423228.250 423227.590 423227.060 423226.800 423226.650 423226.600 423226.550 423226.600 423226.650 423226.700 423227.000 423227.250 423227.500 423227.750 423227.980 423238.650 423245.250 423245.512 423245.520 423245.880 423246.150 423246.350 423246.950 423247.285 423247.550 423247.900 423248.160 423248.760 423249.380 423249.850 423249.970 423249.992 423251.115 564602.296 564548.260 564548.050 564547.850 564547.350 564546.850 564546.600 564546.350 564546.250 564546.150 564546.200 564547.400 564547.450 564547.550 564547.650 564547.850 564548.000 564548.400 564548.950 564549.450 564549.950 564550.500 564552.400 564571.900 564602.296 564602.296 564597.140 564590.100 564583.200 564576.350 564569.550 564562.850 564557.400 564554.750 564553.450 564552.150 564551.400 564550.750 564550.450 564550.200 564549.900 564549.800 564549.750 564549.750 564549.780 564548.980 564548.350 564551.406 564551.497 564555.700 564558.850 564561.100 564567.860 564571.620 564574.600 564578.500 564581.510 564588.300 564595.350 564600.750 564602.050 564602.296 564602.296
63 423251.115 423246.560 423246.650 423246.600 423246.450 423246.200 423245.900 423245.500 423245.100 423244.600 423244.050 423229.500 423228.600 423227.750 423226.800 423225.950 423225.650 423225.100 423224.600 423224.400 423224.300 423224.300 423224.500 423226.400 423229.193 423231.460 423230.960 423230.270 423229.590 423228.920 423228.250 423227.590 423227.060 423226.800 423226.650 423226.600 423226.550 423226.600 423226.650 423226.700 423227.000 423227.250 423227.500 423227.750 423227.980 423238.650 423245.250 423245.512 423245.520 423245.880 423246.150 423246.350 423246.950 423247.285 423247.550 423247.900 423248.160 423248.760 423249.380 423249.850 423249.970 423249.992 423251.115 564602.296 564548.260 564548.050 564547.850 564547.350 564546.850 564546.600 564546.350 564546.250 564546.150 564546.200 564547.400 564547.450 564547.550 564547.650 564547.850 564548.000 564548.400 564548.950 564549.450 564549.950 564550.500 564552.400 564571.900 564602.296 564602.296 564597.140 564590.100 564583.200 564576.350 564569.550 564562.850 564557.400 564554.750 564553.450 564552.150 564551.400 564550.750 564550.450 564550.200 564549.900 564549.800 564549.750 564549.750 564549.780 564548.980 564548.350 564551.406 564551.497 564555.700 564558.850 564561.100 564567.860 564571.620 564574.600 564578.500 564581.510 564588.300 564595.350 564600.750 564602.050 564602.296 564602.296
