15
34 423352.896 423353.306 423358.000 423364.740 423370.908 423370.908 423370.800 423370.490 423370.150 423369.800 423369.450 423369.070 423368.690 423368.290 423367.870 423367.450 423365.377 423365.110 423363.210 423360.400 423362.300 423362.608 423362.550 423360.700 423358.800 423354.900 423352.750 423350.500 423350.430 423336.277 423353.586 423358.903 423351.532 423352.896 565285.495 565285.723 565280.450 565273.360 565267.702 565264.496 565264.340 565263.940 565263.530 565263.160 565262.790 565262.450 565262.120 565261.800 565261.500 565261.220 565259.903 565260.310 565263.200 565261.350 565258.460 565257.991 565257.950 565256.650 565255.350 565252.850 565251.500 565250.250 565250.213 565250.213 565260.358 565276.483 565284.479 565285.495
34 423352.896 423353.306 423358.000 423364.740 423370.908 423370.908 423370.800 423370.490 423370.150 423369.800 423369.450 423369.070 423368.690 423368.290 423367.870 423367.450 423365.377 423365.110 423363.210 423360.400 423362.300 423362.608 423362.550 423360.700 423358.800 423354.900 423352.750 423350.500 423350.430 423336.277 423353.586 423358.903 423351.532 423352.896 565285.495 565285.723 565280.450 565273.360 565267.702 565264.496 565264.340 565263.940 565263.530 565263.160 565262.790 565262.450 565262.120 565261.800 565261.500 565261.220 565259.903 565260.310 565263.200 565261.350 565258.460 565257.991 565257.950 565256.650 565255.350 565252.850 565251.500 565250.250 565250.213 565250.213 565260.358 565276.483 565284.479 565285.495
34 423352.896 423353.306 423358.000 423364.740 423370.908 423370.908 423370.800 423370.490 423370.150 423369.800 423369.450 423369.070 423368.690 423368.290 423367.870 423367.450 423365.377 423365.110 423363.210 423360.400 423362.300 423362.608 423362.550 423360.700 423358.800 423354.900 423352.750 423350.500 423350.430 423336.277 423353.586 423358.903 423351.532 423352.896 565285.495 565285.723 565280.450 565273.360 565267.702 565264.496 565264.340 565263.940 565263.530 565263.160 565262.790 565262.450 565262.120 565261.800 565261.500 565261.220 565259.903 565260.310 565263.200 565261.350 565258.460 565257.991 565257.950 565256.650 565255.350 565252.850 565251.500 565250.250 565250.213 565250.213 565260.358 565276.483 565284.479 565285.495
34 423352.896 423353.306 423358.000 423364.740 423370.908 423370.908 423370.800 423370.490 423370.150 423369.800 423369.450 423369.070 423368.690 423368.290 423367.870 423367.450 423365.377 423365.110 423363.210 423360.400 423362.300 423362.608 423362.550 423360.700 423358.800 423354.900 423352.750 423350.500 423350.430 423336.277 423353.586 423358.903 423351.532 423352.896 565285.495 565285.723 565280.450 565273.360 565267.702 565264.496 565264.340 565263.940 565263.530 565263.160 565262.790 565262.450 565262.120 565261.800 565261.500 565261.220 565259.903 565260.310 565263.200 565261.350 565258.460 565257.991 565257.950 565256.650 565255.350 565252.850 565251.500 565250.250 565250.213 565250.213 565260.358 565276.483 565284.479 565285.495
11 423356.084 423357.230 423362.530 423364.760 423369.390 423370.908 423370.908 423364.740 423358.000 423353.306 423356.084 565287.266 565286.020 565279.780 565277.450 565273.140 565271.777 565267.702 565273.360 565280.450 565285.723 565287.266
28 423370.908 423370.690 423370.130 423369.550 423355.930 423350.430 423350.500 423352.750 423354.900 423358.800 423360.700 423362.550 423362.608 423362.300 423365.110 423365.377 423367.450 423367.870 423368.290 423368.690 423369.070 423369.450 423369.800 423370.150 423370.490 423370.800 423370.908 423370.908 565260.994 565260.800 565260.340 565259.890 565250.213 565250.213 565250.250 565251.500 565252.850 565255.350 565256.650 565257.950 565257.991 565258.460 565260.310 565259.903 565261.220 565261.500 565261.800 565262.120 565262.450 565262.790 565263.160 565263.530 565263.940 565264.340 565264.496 565260.994
6 423364.272 423369.130 423370.908 423370.908 423362.322 423364.272 565291.814 565286.620 565284.725 565281.617 565290.731 565291.814
11 423356.084 423357.230 423362.530 423364.760 423369.390 423370.908 423370.908 423364.740 423358.000 423353.306 423356.084 565287.266 565286.020 565279.780 565277.450 565273.140 565271.777 565267.702 565273.360 565280.450 565285.723 565287.266
28 423370.908 423370.690 423370.130 423369.550 423355.930 423350.430 423350.500 423352.750 423354.900 423358.800 423360.700 423362.550 423362.608 423362.300 423365.110 423365.377 423367.450 423367.870 423368.290 423368.690 423369.070 423369.450 423369.800 423370.150 423370.490 423370.800 423370.908 423370.908 565260.994 565260.800 565260.340 565259.890 565250.213 565250.213 565250.250 565251.500 565252.850 565255.350 565256.650 565257.950 565257.991 565258.460 565260.310 565259.903 565261.220 565261.500 565261.800 565262.120 565262.450 565262.790 565263.160 565263.530 565263.940 565264.340 565264.496 565260.994
6 423364.272 423369.130 423370.908 423370.908 423362.322 423364.272 565291.814 565286.620 565284.725 565281.617 565290.731 565291.814
11 423356.084 423357.230 423362.530 423364.760 423369.390 423370.908 423370.908 423364.740 423358.000 423353.306 423356.084 565287.266 565286.020 565279.780 565277.450 565273.140 565271.777 565267.702 565273.360 565280.450 565285.723 565287.266
28 423370.908 423370.690 423370.130 423369.550 423355.930 423350.430 423350.500 423352.750 423354.900 423358.800 423360.700 423362.550 423362.608 423362.300 423365.110 423365.377 423367.450 423367.870 423368.290 423368.690 423369.070 423369.450 423369.800 423370.150 423370.490 423370.800 423370.908 423370.908 565260.994 565260.800 565260.340 565259.890 565250.213 565250.213 565250.250 565251.500 565252.850 565255.350 565256.650 565257.950 565257.991 565258.460 565260.310 565259.903 565261.220 565261.500 565261.800 565262.120 565262.450 565262.790 565263.160 565263.530 565263.940 565264.340 565264.496 565260.994
6 423364.272 423369.130 423370.908 423370.908 423362.322 423364.272 565291.814 565286.620 565284.725 565281.617 565290.731 565291.814
9 423362.322 423370.908 423370.908 423369.390 423364.760 423362.530 423357.230 423356.084 423362.322 565290.731 565281.617 565271.777 565273.140 565277.450 565279.780 565286.020 565287.266 565290.731
9 423362.322 423370.908 423370.908 423369.390 423364.760 423362.530 423357.230 423356.084 423362.322 565290.731 565281.617 565271.777 565273.140 565277.450 565279.780 565286.020 565287.266 565290.731
