22
44 423699.067 423697.800 423695.250 423687.800 423681.450 423676.400 423670.450 423664.100 423657.900 423654.300 423650.300 423645.850 423638.074 423638.074 423639.390 423639.050 423640.250 423640.660 423643.050 423643.200 423642.900 423642.750 423642.820 423643.650 423644.050 423646.520 423645.900 423650.900 423651.300 423664.360 423668.265 423668.800 423672.700 423678.300 423682.100 423686.200 423689.350 423691.370 423694.000 423699.700 423702.100 423702.870 423703.666 423699.067 564955.705 564956.550 564958.100 564963.100 564967.150 564970.400 564974.400 564978.550 564982.650 564985.150 564987.800 564991.100 564997.243 565001.421 565000.400 565000.000 564999.000 564999.460 564997.350 564997.250 564996.950 564996.800 564996.740 564996.100 564996.600 564994.670 564994.000 564989.700 564990.350 564981.490 564978.841 564978.550 564976.100 564972.350 564969.800 564967.150 564965.100 564963.800 564962.100 564958.400 564956.850 564956.290 564955.705 564955.705
44 423699.067 423697.800 423695.250 423687.800 423681.450 423676.400 423670.450 423664.100 423657.900 423654.300 423650.300 423645.850 423638.074 423638.074 423639.390 423639.050 423640.250 423640.660 423643.050 423643.200 423642.900 423642.750 423642.820 423643.650 423644.050 423646.520 423645.900 423650.900 423651.300 423664.360 423668.265 423668.800 423672.700 423678.300 423682.100 423686.200 423689.350 423691.370 423694.000 423699.700 423702.100 423702.870 423703.666 423699.067 564955.705 564956.550 564958.100 564963.100 564967.150 564970.400 564974.400 564978.550 564982.650 564985.150 564987.800 564991.100 564997.243 565001.421 565000.400 565000.000 564999.000 564999.460 564997.350 564997.250 564996.950 564996.800 564996.740 564996.100 564996.600 564994.670 564994.000 564989.700 564990.350 564981.490 564978.841 564978.550 564976.100 564972.350 564969.800 564967.150 564965.100 564963.800 564962.100 564958.400 564956.850 564956.290 564955.705 564955.705
44 423699.067 423697.800 423695.250 423687.800 423681.450 423676.400 423670.450 423664.100 423657.900 423654.300 423650.300 423645.850 423638.074 423638.074 423639.390 423639.050 423640.250 423640.660 423643.050 423643.200 423642.900 423642.750 423642.820 423643.650 423644.050 423646.520 423645.900 423650.900 423651.300 423664.360 423668.265 423668.800 423672.700 423678.300 423682.100 423686.200 423689.350 423691.370 423694.000 423699.700 423702.100 423702.870 423703.666 423699.067 564955.705 564956.550 564958.100 564963.100 564967.150 564970.400 564974.400 564978.550 564982.650 564985.150 564987.800 564991.100 564997.243 565001.421 565000.400 565000.000 564999.000 564999.460 564997.350 564997.250 564996.950 564996.800 564996.740 564996.100 564996.600 564994.670 564994.000 564989.700 564990.350 564981.490 564978.841 564978.550 564976.100 564972.350 564969.800 564967.150 564965.100 564963.800 564962.100 564958.400 564956.850 564956.290 564955.705 564955.705
44 423699.067 423697.800 423695.250 423687.800 423681.450 423676.400 423670.450 423664.100 423657.900 423654.300 423650.300 423645.850 423638.074 423638.074 423639.390 423639.050 423640.250 423640.660 423643.050 423643.200 423642.900 423642.750 423642.820 423643.650 423644.050 423646.520 423645.900 423650.900 423651.300 423664.360 423668.265 423668.800 423672.700 423678.300 423682.100 423686.200 423689.350 423691.370 423694.000 423699.700 423702.100 423702.870 423703.666 423699.067 564955.705 564956.550 564958.100 564963.100 564967.150 564970.400 564974.400 564978.550 564982.650 564985.150 564987.800 564991.100 564997.243 565001.421 565000.400 565000.000 564999.000 564999.460 564997.350 564997.250 564996.950 564996.800 564996.740 564996.100 564996.600 564994.670 564994.000 564989.700 564990.350 564981.490 564978.841 564978.550 564976.100 564972.350 564969.800 564967.150 564965.100 564963.800 564962.100 564958.400 564956.850 564956.290 564955.705 564955.705
44 423699.067 423697.800 423695.250 423687.800 423681.450 423676.400 423670.450 423664.100 423657.900 423654.300 423650.300 423645.850 423638.074 423638.074 423639.390 423639.050 423640.250 423640.660 423643.050 423643.200 423642.900 423642.750 423642.820 423643.650 423644.050 423646.520 423645.900 423650.900 423651.300 423664.360 423668.265 423668.800 423672.700 423678.300 423682.100 423686.200 423689.350 423691.370 423694.000 423699.700 423702.100 423702.870 423703.666 423699.067 564955.705 564956.550 564958.100 564963.100 564967.150 564970.400 564974.400 564978.550 564982.650 564985.150 564987.800 564991.100 564997.243 565001.421 565000.400 565000.000 564999.000 564999.460 564997.350 564997.250 564996.950 564996.800 564996.740 564996.100 564996.600 564994.670 564994.000 564989.700 564990.350 564981.490 564978.841 564978.550 564976.100 564972.350 564969.800 564967.150 564965.100 564963.800 564962.100 564958.400 564956.850 564956.290 564955.705 564955.705
50 423705.650 423710.330 423711.300 423712.090 423713.190 423713.600 423715.070 423716.030 423716.910 423717.790 423727.130 423727.130 423726.510 423725.840 423723.710 423724.820 423721.440 423720.340 423719.320 423720.390 423718.320 423717.210 423716.440 423717.310 423713.810 423710.370 423708.970 423708.030 423708.830 423706.840 423705.920 423705.140 423706.440 423707.850 423709.920 423705.440 423701.350 423702.340 423700.030 423699.030 423698.150 423699.920 423701.430 423703.300 423703.020 423703.560 423699.590 423699.871 423704.646 423705.650 564991.550 564987.830 564986.720 564985.820 564983.950 564983.040 564979.430 564977.360 564976.040 564975.180 564967.544 564958.901 564959.400 564958.570 564960.180 564961.640 564964.300 564962.900 564963.730 564965.050 564966.720 564965.360 564965.980 564967.200 564969.900 564972.550 564970.660 564971.420 564972.410 564974.010 564972.870 564973.500 564975.200 564974.420 564977.140 564981.100 564984.410 564985.640 564987.500 564986.260 564986.970 564989.050 564988.130 564990.630 564992.060 564992.970 564996.320 564996.637 564992.434 564991.550
13 423727.130 423726.560 423726.051 423722.360 423719.780 423719.820 423720.030 423720.760 423721.370 423722.760 423723.170 423727.130 423727.130 564981.782 564982.240 564983.279 564986.120 564983.130 564984.150 564985.130 564986.690 564987.410 564988.310 564986.980 564984.004 564981.782
13 423727.130 423726.560 423726.051 423722.360 423719.780 423719.820 423720.030 423720.760 423721.370 423722.760 423723.170 423727.130 423727.130 564981.782 564982.240 564983.279 564986.120 564983.130 564984.150 564985.130 564986.690 564987.410 564988.310 564986.980 564984.004 564981.782
15 423726.051 423726.560 423724.345 423724.070 423723.520 423723.060 423722.130 423721.810 423721.120 423720.430 423720.190 423719.900 423719.780 423722.360 423726.051 564983.279 564982.240 564979.581 564979.250 564978.890 564978.760 564978.860 564979.010 564979.480 564980.520 564981.120 564982.130 564983.130 564986.120 564983.279
6 423727.130 423723.170 423722.760 423726.231 423727.130 423727.130 564984.004 564986.980 564988.310 564990.692 564990.035 564984.004
6 423715.120 423715.120 423713.270 423710.850 423711.590 423715.120 564993.050 564992.150 564992.960 564995.090 564996.040 564993.050
25 423722.419 423722.000 423720.890 423719.810 423718.680 423717.410 423716.250 423716.030 423715.120 423715.120 423711.590 423710.850 423709.820 423708.800 423709.490 423710.590 423711.550 423713.100 423714.000 423716.580 423715.990 423716.780 423718.640 423720.581 423722.419 564993.478 564993.200 564992.560 564992.140 564991.880 564991.790 564991.890 564991.940 564992.150 564993.050 564996.040 564995.090 564995.990 564996.890 564997.630 564998.810 564997.800 564996.590 564997.660 564995.450 564994.540 564993.920 564994.190 564994.821 564993.478
25 423722.419 423722.000 423720.890 423719.810 423718.680 423717.410 423716.250 423716.030 423715.120 423715.120 423711.590 423710.850 423709.820 423708.800 423709.490 423710.590 423711.550 423713.100 423714.000 423716.580 423715.990 423716.780 423718.640 423720.581 423722.419 564993.478 564993.200 564992.560 564992.140 564991.880 564991.790 564991.890 564991.940 564992.150 564993.050 564996.040 564995.090 564995.990 564996.890 564997.630 564998.810 564997.800 564996.590 564997.660 564995.450 564994.540 564993.920 564994.190 564994.821 564993.478
17 423638.074 423638.700 423641.350 423644.250 423649.250 423653.200 423656.050 423659.050 423663.000 423666.700 423671.500 423675.100 423676.148 423670.894 423664.746 423638.074 423638.074 564980.487 564980.150 564978.350 564976.500 564973.150 564970.600 564968.750 564967.000 564964.200 564961.800 564958.700 564956.400 564955.705 564955.705 564959.763 564977.397 564980.487
17 423638.074 423638.700 423641.350 423644.250 423649.250 423653.200 423656.050 423659.050 423663.000 423666.700 423671.500 423675.100 423676.148 423670.894 423664.746 423638.074 423638.074 564980.487 564980.150 564978.350 564976.500 564973.150 564970.600 564968.750 564967.000 564964.200 564961.800 564958.700 564956.400 564955.705 564955.705 564959.763 564977.397 564980.487
17 423638.074 423638.700 423641.350 423644.250 423649.250 423653.200 423656.050 423659.050 423663.000 423666.700 423671.500 423675.100 423676.148 423670.894 423664.746 423638.074 423638.074 564980.487 564980.150 564978.350 564976.500 564973.150 564970.600 564968.750 564967.000 564964.200 564961.800 564958.700 564956.400 564955.705 564955.705 564959.763 564977.397 564980.487
15 423686.800 423686.750 423685.550 423676.492 423678.267 423686.450 423686.500 423686.600 423686.650 423686.700 423686.700 423686.750 423686.750 423686.800 423686.800 565005.900 565005.800 565006.800 565014.607 565014.607 565007.450 565007.350 565007.050 565006.950 565006.800 565006.650 565006.500 565006.300 565006.200 565005.900
15 423686.800 423686.750 423685.550 423676.492 423678.267 423686.450 423686.500 423686.600 423686.650 423686.700 423686.700 423686.750 423686.750 423686.800 423686.800 565005.900 565005.800 565006.800 565014.607 565014.607 565007.450 565007.350 565007.050 565006.950 565006.800 565006.650 565006.500 565006.300 565006.200 565005.900
8 423693.506 423694.400 423701.078 423702.584 423703.780 423703.040 423691.036 423693.506 565014.607 565013.954 565008.250 565006.937 565004.950 565005.450 565014.607 565014.607
8 423693.506 423694.400 423701.078 423702.584 423703.780 423703.040 423691.036 423693.506 565014.607 565013.954 565008.250 565006.937 565004.950 565005.450 565014.607 565014.607
8 423704.642 423705.515 423704.960 423703.780 423702.584 423701.078 423694.400 423704.642 565006.469 565004.381 565004.470 565004.950 565006.937 565008.250 565013.954 565006.469
8 423704.642 423705.515 423704.960 423703.780 423702.584 423701.078 423694.400 423704.642 565006.469 565004.381 565004.470 565004.950 565006.937 565008.250 565013.954 565006.469
