11
82 423538.640 423538.680 423544.730 423549.019 423549.019 423542.670 423537.550 423537.520 423537.500 423537.470 423537.450 423537.430 423537.410 423537.390 423537.370 423537.350 423537.340 423537.330 423537.310 423537.300 423537.290 423537.280 423537.280 423537.270 423537.270 423537.260 423537.260 423537.260 423537.260 423537.260 423537.270 423537.270 423537.280 423537.290 423537.300 423537.310 423537.320 423537.330 423537.340 423537.360 423537.380 423537.390 423537.410 423537.430 423537.460 423537.480 423537.500 423537.530 423537.570 423537.600 423537.630 423537.660 423537.690 423537.720 423537.760 423537.790 423537.820 423537.860 423537.890 423537.930 423537.960 423538.000 423538.030 423538.070 423538.100 423538.140 423538.170 423538.210 423538.240 423538.270 423538.310 423538.340 423538.370 423538.410 423538.440 423538.470 423538.500 423538.530 423538.560 423538.580 423538.610 423538.640 565092.960 565092.910 565086.000 565080.894 565078.156 565085.300 565091.750 565091.770 565091.800 565091.820 565091.850 565091.870 565091.900 565091.930 565091.960 565091.990 565092.020 565092.050 565092.090 565092.120 565092.150 565092.190 565092.220 565092.260 565092.290 565092.330 565092.360 565092.400 565092.430 565092.470 565092.500 565092.540 565092.570 565092.610 565092.640 565092.670 565092.710 565092.740 565092.770 565092.800 565092.830 565092.860 565092.890 565092.920 565092.940 565092.970 565092.990 565093.020 565093.050 565093.070 565093.090 565093.110 565093.120 565093.140 565093.150 565093.160 565093.170 565093.180 565093.180 565093.190 565093.190 565093.200 565093.200 565093.200 565093.190 565093.190 565093.190 565093.180 565093.170 565093.170 565093.160 565093.140 565093.130 565093.120 565093.100 565093.090 565093.070 565093.050 565093.030 565093.010 565092.980 565092.960
62 423549.019 423548.900 423548.600 423548.500 423548.350 423548.250 423548.150 423548.000 423547.950 423547.850 423547.800 423547.750 423547.650 423547.650 423547.700 423547.750 423547.800 423547.850 423547.950 423548.000 423548.100 423548.200 423548.300 423548.450 423548.550 423549.019 423549.019 423547.690 423547.370 423547.100 423546.850 423546.620 423546.410 423546.220 423546.050 423545.900 423545.690 423545.600 423545.530 423545.470 423545.440 423545.440 423545.450 423545.490 423545.550 423545.640 423545.820 423545.950 423546.100 423546.270 423546.460 423546.670 423546.910 423547.170 423547.550 423547.800 423548.070 423548.350 423548.640 423548.940 423549.019 423549.019 565106.178 565106.000 565105.400 565105.050 565104.750 565104.450 565104.100 565103.650 565103.350 565103.100 565102.800 565102.550 565101.950 565100.200 565099.900 565099.650 565099.350 565099.100 565098.800 565098.550 565098.250 565098.000 565097.700 565097.450 565097.200 565096.608 565092.129 565093.740 565094.230 565094.690 565095.160 565095.640 565096.130 565096.630 565097.140 565097.650 565098.530 565099.050 565099.580 565100.110 565100.650 565101.180 565101.710 565102.240 565102.770 565103.300 565104.110 565104.600 565105.080 565105.550 565106.010 565106.470 565106.910 565107.340 565107.880 565108.200 565108.520 565108.820 565109.110 565109.390 565109.456 565106.178
20 423495.736 423498.100 423500.000 423505.440 423515.110 423518.670 423526.960 423530.510 423534.340 423543.172 423539.254 423532.150 423524.720 423516.390 423503.140 423500.000 423497.690 423495.760 423492.188 423495.736 565132.410 565129.060 565126.560 565119.410 565106.970 565102.400 565092.070 565087.820 565083.240 565073.508 565073.508 565081.330 565090.230 565100.600 565117.640 565121.770 565124.800 565127.350 565132.410 565132.410
20 423495.736 423498.100 423500.000 423505.440 423515.110 423518.670 423526.960 423530.510 423534.340 423543.172 423539.254 423532.150 423524.720 423516.390 423503.140 423500.000 423497.690 423495.760 423492.188 423495.736 565132.410 565129.060 565126.560 565119.410 565106.970 565102.400 565092.070 565087.820 565083.240 565073.508 565073.508 565081.330 565090.230 565100.600 565117.640 565121.770 565124.800 565127.350 565132.410 565132.410
77 423521.220 423523.540 423524.080 423524.120 423524.150 423524.180 423524.210 423524.240 423524.260 423524.280 423524.300 423524.320 423524.330 423524.350 423524.350 423524.360 423524.360 423524.370 423524.370 423524.360 423524.360 423524.350 423524.340 423524.330 423524.310 423524.290 423524.280 423524.250 423524.230 423524.200 423524.170 423524.140 423524.110 423524.070 423524.040 423524.000 423523.960 423523.910 423523.840 423523.790 423523.740 423523.690 423523.630 423523.580 423523.520 423523.460 423523.410 423523.350 423523.290 423523.230 423523.170 423523.100 423523.040 423522.980 423522.920 423522.860 423522.790 423522.730 423522.670 423522.610 423522.550 423522.490 423522.430 423522.370 423522.320 423522.260 423522.200 423522.150 423522.100 423522.050 423522.000 423521.950 423521.900 423521.860 423521.820 423521.740 423521.220 565110.180 565111.910 565111.210 565111.160 565111.110 565111.060 565111.000 565110.950 565110.890 565110.830 565110.770 565110.710 565110.650 565110.590 565110.530 565110.470 565110.410 565110.350 565110.280 565110.220 565110.160 565110.100 565110.040 565109.980 565109.920 565109.860 565109.800 565109.740 565109.680 565109.630 565109.570 565109.520 565109.470 565109.420 565109.370 565109.320 565109.270 565109.230 565109.170 565109.130 565109.100 565109.060 565109.040 565109.010 565108.980 565108.960 565108.940 565108.920 565108.910 565108.900 565108.890 565108.880 565108.870 565108.870 565108.870 565108.870 565108.880 565108.890 565108.900 565108.910 565108.920 565108.940 565108.960 565108.980 565109.000 565109.030 565109.050 565109.080 565109.120 565109.150 565109.190 565109.230 565109.270 565109.310 565109.350 565109.450 565110.180
5 423511.180 423513.370 423523.540 423521.220 423511.180 565123.020 565124.820 565111.910 565110.180 565123.020
56 423532.700 423532.207 423536.372 423537.464 423538.048 423540.124 423542.492 423544.595 423546.871 423549.019 423549.019 423548.750 423548.150 423547.650 423546.100 423545.500 423545.150 423544.850 423544.150 423543.900 423543.350 423542.850 423542.300 423541.800 423541.650 423541.450 423541.300 423541.100 423540.700 423540.550 423540.350 423539.950 423539.550 423539.300 423539.050 423538.750 423538.500 423538.250 423537.950 423537.450 423537.200 423536.900 423536.750 423536.500 423536.100 423535.850 423535.650 423535.450 423535.250 423534.150 423533.950 423533.800 423533.600 423533.000 423532.850 423532.700 565117.550 565118.178 565118.986 565119.159 565119.252 565119.807 565120.640 565121.469 565122.461 565123.350 565122.468 565122.150 565121.500 565121.000 565119.550 565118.950 565118.650 565118.400 565117.800 565117.600 565117.250 565116.950 565116.650 565116.350 565116.300 565116.200 565116.100 565115.950 565115.750 565115.650 565115.600 565115.400 565115.300 565115.200 565115.200 565115.150 565115.150 565115.100 565115.150 565115.150 565115.200 565115.250 565115.250 565115.300 565115.400 565115.450 565115.500 565115.600 565115.650 565116.200 565116.350 565116.500 565116.600 565117.200 565117.400 565117.550
6 423511.180 423507.210 423504.115 423507.365 423513.370 423511.180 565123.020 565128.070 565132.410 565132.410 565124.820 565123.020
5 423522.871 423521.112 423521.144 423527.987 423522.871 565130.069 565132.310 565132.410 565132.410 565130.069
106 423521.034 423521.112 423522.871 423525.124 423528.277 423530.521 423531.048 423531.888 423532.207 423532.700 423532.850 423533.000 423533.600 423533.800 423533.950 423534.150 423535.250 423535.450 423535.650 423535.850 423536.100 423536.500 423536.750 423536.900 423537.200 423537.450 423537.950 423538.250 423538.500 423538.750 423539.050 423539.300 423539.550 423539.950 423540.350 423540.550 423540.700 423541.100 423541.300 423541.450 423541.650 423541.800 423542.300 423542.850 423543.350 423543.900 423544.150 423544.850 423545.150 423545.500 423546.100 423547.650 423548.150 423548.750 423549.019 423549.019 423548.700 423548.000 423547.250 423546.300 423545.250 423544.850 423544.500 423544.100 423543.700 423543.550 423543.250 423542.950 423542.650 423542.300 423541.700 423541.350 423541.050 423540.700 423540.100 423539.800 423539.500 423539.200 423538.850 423538.250 423537.580 423536.750 423536.450 423536.100 423535.800 423535.450 423535.150 423534.800 423534.500 423534.200 423533.850 423533.400 423533.100 423532.850 423532.350 423532.100 423531.850 423531.600 423531.400 423531.300 423531.100 423530.850 423530.100 423517.750 423517.310 423521.034 565132.410 565132.310 565130.069 565127.200 565123.184 565120.325 565119.654 565118.585 565118.178 565117.550 565117.400 565117.200 565116.600 565116.500 565116.350 565116.200 565115.650 565115.600 565115.500 565115.450 565115.400 565115.300 565115.250 565115.250 565115.200 565115.150 565115.150 565115.100 565115.150 565115.150 565115.200 565115.200 565115.300 565115.400 565115.600 565115.650 565115.750 565115.950 565116.100 565116.200 565116.300 565116.350 565116.650 565116.950 565117.250 565117.600 565117.800 565118.400 565118.650 565118.950 565119.550 565121.000 565121.500 565122.150 565122.468 565120.043 565119.700 565119.000 565118.300 565117.350 565116.450 565116.150 565115.850 565115.550 565115.300 565115.200 565115.050 565114.850 565114.700 565114.500 565114.200 565114.100 565113.950 565113.850 565113.650 565113.600 565113.500 565113.450 565113.400 565113.300 565113.300 565113.300 565113.350 565113.350 565113.400 565113.500 565113.550 565113.650 565113.700 565113.800 565113.950 565114.100 565114.250 565114.350 565114.650 565114.750 565114.900 565115.100 565115.250 565115.300 565115.500 565115.650 565116.280 565131.850 565132.410 565132.410
106 423521.034 423521.112 423522.871 423525.124 423528.277 423530.521 423531.048 423531.888 423532.207 423532.700 423532.850 423533.000 423533.600 423533.800 423533.950 423534.150 423535.250 423535.450 423535.650 423535.850 423536.100 423536.500 423536.750 423536.900 423537.200 423537.450 423537.950 423538.250 423538.500 423538.750 423539.050 423539.300 423539.550 423539.950 423540.350 423540.550 423540.700 423541.100 423541.300 423541.450 423541.650 423541.800 423542.300 423542.850 423543.350 423543.900 423544.150 423544.850 423545.150 423545.500 423546.100 423547.650 423548.150 423548.750 423549.019 423549.019 423548.700 423548.000 423547.250 423546.300 423545.250 423544.850 423544.500 423544.100 423543.700 423543.550 423543.250 423542.950 423542.650 423542.300 423541.700 423541.350 423541.050 423540.700 423540.100 423539.800 423539.500 423539.200 423538.850 423538.250 423537.580 423536.750 423536.450 423536.100 423535.800 423535.450 423535.150 423534.800 423534.500 423534.200 423533.850 423533.400 423533.100 423532.850 423532.350 423532.100 423531.850 423531.600 423531.400 423531.300 423531.100 423530.850 423530.100 423517.750 423517.310 423521.034 565132.410 565132.310 565130.069 565127.200 565123.184 565120.325 565119.654 565118.585 565118.178 565117.550 565117.400 565117.200 565116.600 565116.500 565116.350 565116.200 565115.650 565115.600 565115.500 565115.450 565115.400 565115.300 565115.250 565115.250 565115.200 565115.150 565115.150 565115.100 565115.150 565115.150 565115.200 565115.200 565115.300 565115.400 565115.600 565115.650 565115.750 565115.950 565116.100 565116.200 565116.300 565116.350 565116.650 565116.950 565117.250 565117.600 565117.800 565118.400 565118.650 565118.950 565119.550 565121.000 565121.500 565122.150 565122.468 565120.043 565119.700 565119.000 565118.300 565117.350 565116.450 565116.150 565115.850 565115.550 565115.300 565115.200 565115.050 565114.850 565114.700 565114.500 565114.200 565114.100 565113.950 565113.850 565113.650 565113.600 565113.500 565113.450 565113.400 565113.300 565113.300 565113.300 565113.350 565113.350 565113.400 565113.500 565113.550 565113.650 565113.700 565113.800 565113.950 565114.100 565114.250 565114.350 565114.650 565114.750 565114.900 565115.100 565115.250 565115.300 565115.500 565115.650 565116.280 565131.850 565132.410 565132.410
