14
37 423788.645 423777.750 423776.700 423769.100 423768.800 423768.400 423768.050 423763.350 423762.950 423762.450 423758.070 423753.270 423752.450 423727.690 423728.040 423727.130 423727.130 423743.950 423747.400 423750.950 423754.650 423757.750 423760.200 423762.550 423764.650 423766.700 423768.600 423770.450 423778.500 423782.000 423785.250 423787.000 423788.450 423789.900 423791.300 423792.695 423788.645 564837.902 564843.350 564843.870 564847.500 564847.650 564847.750 564847.850 564849.900 564850.100 564850.200 564852.450 564853.650 564853.850 564859.990 564861.420 564861.710 564864.492 564859.100 564858.000 564856.950 564855.650 564854.650 564853.900 564853.050 564852.200 564851.300 564850.400 564849.450 564845.350 564843.550 564841.850 564840.850 564840.100 564839.300 564838.550 564837.902 564837.902
37 423788.645 423777.750 423776.700 423769.100 423768.800 423768.400 423768.050 423763.350 423762.950 423762.450 423758.070 423753.270 423752.450 423727.690 423728.040 423727.130 423727.130 423743.950 423747.400 423750.950 423754.650 423757.750 423760.200 423762.550 423764.650 423766.700 423768.600 423770.450 423778.500 423782.000 423785.250 423787.000 423788.450 423789.900 423791.300 423792.695 423788.645 564837.902 564843.350 564843.870 564847.500 564847.650 564847.750 564847.850 564849.900 564850.100 564850.200 564852.450 564853.650 564853.850 564859.990 564861.420 564861.710 564864.492 564859.100 564858.000 564856.950 564855.650 564854.650 564853.900 564853.050 564852.200 564851.300 564850.400 564849.450 564845.350 564843.550 564841.850 564840.850 564840.100 564839.300 564838.550 564837.902 564837.902
37 423788.645 423777.750 423776.700 423769.100 423768.800 423768.400 423768.050 423763.350 423762.950 423762.450 423758.070 423753.270 423752.450 423727.690 423728.040 423727.130 423727.130 423743.950 423747.400 423750.950 423754.650 423757.750 423760.200 423762.550 423764.650 423766.700 423768.600 423770.450 423778.500 423782.000 423785.250 423787.000 423788.450 423789.900 423791.300 423792.695 423788.645 564837.902 564843.350 564843.870 564847.500 564847.650 564847.750 564847.850 564849.900 564850.100 564850.200 564852.450 564853.650 564853.850 564859.990 564861.420 564861.710 564864.492 564859.100 564858.000 564856.950 564855.650 564854.650 564853.900 564853.050 564852.200 564851.300 564850.400 564849.450 564845.350 564843.550 564841.850 564840.850 564840.100 564839.300 564838.550 564837.902 564837.902
63 423727.130 423730.200 423736.500 423741.850 423745.900 423751.950 423757.150 423763.750 423764.730 423765.470 423768.700 423769.631 423770.981 423771.340 423771.400 423772.550 423779.450 423783.650 423788.600 423792.380 423792.900 423794.340 423796.450 423801.950 423806.000 423809.750 423813.100 423815.280 423815.750 423816.186 423816.186 423814.400 423812.250 423810.380 423809.600 423806.800 423803.300 423800.450 423797.750 423795.200 423792.800 423790.750 423789.200 423787.200 423785.750 423783.350 423781.050 423779.000 423776.750 423774.950 423773.550 423771.150 423769.050 423767.200 423764.900 423761.700 423758.750 423755.600 423750.900 423743.200 423731.450 423727.130 423727.130 564874.872 564873.900 564871.800 564870.100 564868.800 564866.900 564865.200 564863.250 564862.920 564864.930 564863.500 564863.052 564862.403 564862.230 564862.200 564861.650 564858.400 564856.400 564853.950 564852.150 564851.900 564851.210 564850.200 564847.650 564845.750 564843.950 564842.400 564841.290 564841.050 564840.835 564838.177 564838.900 564839.950 564840.800 564841.150 564842.600 564844.250 564845.600 564846.900 564848.200 564849.250 564850.200 564851.000 564851.950 564852.600 564853.650 564854.700 564855.450 564856.200 564856.900 564857.350 564858.100 564858.800 564859.400 564860.050 564861.150 564862.100 564863.050 564864.550 564866.900 564870.600 564871.929 564874.872
49 423816.186 423812.000 423809.500 423808.300 423805.850 423804.390 423801.990 423801.300 423798.250 423796.900 423794.900 423790.650 423789.050 423787.000 423784.900 423782.150 423779.650 423775.000 423770.750 423768.800 423764.800 423761.250 423759.750 423765.350 423766.000 423768.900 423770.200 423771.900 423773.900 423776.300 423778.000 423779.350 423781.500 423783.900 423786.300 423788.000 423789.150 423790.600 423791.900 423793.850 423796.300 423798.850 423800.400 423801.200 423802.350 423803.550 423809.870 423816.186 423816.186 564855.255 564859.100 564861.300 564862.300 564864.500 564865.700 564867.590 564868.100 564870.400 564871.500 564872.850 564875.950 564877.050 564878.550 564880.000 564881.950 564883.600 564886.700 564889.600 564890.850 564893.500 564895.800 564896.804 564896.804 564896.350 564894.550 564893.700 564892.600 564891.300 564889.650 564888.550 564887.800 564886.300 564884.650 564882.950 564881.850 564880.950 564879.850 564878.900 564877.550 564875.750 564873.800 564872.650 564872.050 564871.200 564870.250 564864.940 564859.419 564855.255
63 423727.130 423730.200 423736.500 423741.850 423745.900 423751.950 423757.150 423763.750 423764.730 423765.470 423768.700 423769.631 423770.981 423771.340 423771.400 423772.550 423779.450 423783.650 423788.600 423792.380 423792.900 423794.340 423796.450 423801.950 423806.000 423809.750 423813.100 423815.280 423815.750 423816.186 423816.186 423814.400 423812.250 423810.380 423809.600 423806.800 423803.300 423800.450 423797.750 423795.200 423792.800 423790.750 423789.200 423787.200 423785.750 423783.350 423781.050 423779.000 423776.750 423774.950 423773.550 423771.150 423769.050 423767.200 423764.900 423761.700 423758.750 423755.600 423750.900 423743.200 423731.450 423727.130 423727.130 564874.872 564873.900 564871.800 564870.100 564868.800 564866.900 564865.200 564863.250 564862.920 564864.930 564863.500 564863.052 564862.403 564862.230 564862.200 564861.650 564858.400 564856.400 564853.950 564852.150 564851.900 564851.210 564850.200 564847.650 564845.750 564843.950 564842.400 564841.290 564841.050 564840.835 564838.177 564838.900 564839.950 564840.800 564841.150 564842.600 564844.250 564845.600 564846.900 564848.200 564849.250 564850.200 564851.000 564851.950 564852.600 564853.650 564854.700 564855.450 564856.200 564856.900 564857.350 564858.100 564858.800 564859.400 564860.050 564861.150 564862.100 564863.050 564864.550 564866.900 564870.600 564871.929 564874.872
49 423816.186 423812.000 423809.500 423808.300 423805.850 423804.390 423801.990 423801.300 423798.250 423796.900 423794.900 423790.650 423789.050 423787.000 423784.900 423782.150 423779.650 423775.000 423770.750 423768.800 423764.800 423761.250 423759.750 423765.350 423766.000 423768.900 423770.200 423771.900 423773.900 423776.300 423778.000 423779.350 423781.500 423783.900 423786.300 423788.000 423789.150 423790.600 423791.900 423793.850 423796.300 423798.850 423800.400 423801.200 423802.350 423803.550 423809.870 423816.186 423816.186 564855.255 564859.100 564861.300 564862.300 564864.500 564865.700 564867.590 564868.100 564870.400 564871.500 564872.850 564875.950 564877.050 564878.550 564880.000 564881.950 564883.600 564886.700 564889.600 564890.850 564893.500 564895.800 564896.804 564896.804 564896.350 564894.550 564893.700 564892.600 564891.300 564889.650 564888.550 564887.800 564886.300 564884.650 564882.950 564881.850 564880.950 564879.850 564878.900 564877.550 564875.750 564873.800 564872.650 564872.050 564871.200 564870.250 564864.940 564859.419 564855.255
63 423727.130 423730.200 423736.500 423741.850 423745.900 423751.950 423757.150 423763.750 423764.730 423765.470 423768.700 423769.631 423770.981 423771.340 423771.400 423772.550 423779.450 423783.650 423788.600 423792.380 423792.900 423794.340 423796.450 423801.950 423806.000 423809.750 423813.100 423815.280 423815.750 423816.186 423816.186 423814.400 423812.250 423810.380 423809.600 423806.800 423803.300 423800.450 423797.750 423795.200 423792.800 423790.750 423789.200 423787.200 423785.750 423783.350 423781.050 423779.000 423776.750 423774.950 423773.550 423771.150 423769.050 423767.200 423764.900 423761.700 423758.750 423755.600 423750.900 423743.200 423731.450 423727.130 423727.130 564874.872 564873.900 564871.800 564870.100 564868.800 564866.900 564865.200 564863.250 564862.920 564864.930 564863.500 564863.052 564862.403 564862.230 564862.200 564861.650 564858.400 564856.400 564853.950 564852.150 564851.900 564851.210 564850.200 564847.650 564845.750 564843.950 564842.400 564841.290 564841.050 564840.835 564838.177 564838.900 564839.950 564840.800 564841.150 564842.600 564844.250 564845.600 564846.900 564848.200 564849.250 564850.200 564851.000 564851.950 564852.600 564853.650 564854.700 564855.450 564856.200 564856.900 564857.350 564858.100 564858.800 564859.400 564860.050 564861.150 564862.100 564863.050 564864.550 564866.900 564870.600 564871.929 564874.872
49 423816.186 423812.000 423809.500 423808.300 423805.850 423804.390 423801.990 423801.300 423798.250 423796.900 423794.900 423790.650 423789.050 423787.000 423784.900 423782.150 423779.650 423775.000 423770.750 423768.800 423764.800 423761.250 423759.750 423765.350 423766.000 423768.900 423770.200 423771.900 423773.900 423776.300 423778.000 423779.350 423781.500 423783.900 423786.300 423788.000 423789.150 423790.600 423791.900 423793.850 423796.300 423798.850 423800.400 423801.200 423802.350 423803.550 423809.870 423816.186 423816.186 564855.255 564859.100 564861.300 564862.300 564864.500 564865.700 564867.590 564868.100 564870.400 564871.500 564872.850 564875.950 564877.050 564878.550 564880.000 564881.950 564883.600 564886.700 564889.600 564890.850 564893.500 564895.800 564896.804 564896.804 564896.350 564894.550 564893.700 564892.600 564891.300 564889.650 564888.550 564887.800 564886.300 564884.650 564882.950 564881.850 564880.950 564879.850 564878.900 564877.550 564875.750 564873.800 564872.650 564872.050 564871.200 564870.250 564864.940 564859.419 564855.255
26 423816.186 423812.420 423799.270 423789.279 423793.554 423793.800 423795.650 423798.050 423799.150 423800.150 423801.400 423802.550 423803.350 423804.300 423805.200 423805.950 423806.750 423807.700 423808.850 423809.950 423811.600 423813.050 423814.100 423815.650 423816.186 423816.186 564876.595 564879.840 564889.820 564896.804 564896.804 564896.650 564895.350 564893.750 564893.000 564892.350 564891.500 564890.700 564890.150 564889.400 564888.850 564888.350 564887.650 564886.950 564886.100 564885.200 564883.900 564882.750 564881.950 564880.800 564880.350 564876.595
26 423816.186 423812.420 423799.270 423789.279 423793.554 423793.800 423795.650 423798.050 423799.150 423800.150 423801.400 423802.550 423803.350 423804.300 423805.200 423805.950 423806.750 423807.700 423808.850 423809.950 423811.600 423813.050 423814.100 423815.650 423816.186 423816.186 564876.595 564879.840 564889.820 564896.804 564896.804 564896.650 564895.350 564893.750 564893.000 564892.350 564891.500 564890.700 564890.150 564889.400 564888.850 564888.350 564887.650 564886.950 564886.100 564885.200 564883.900 564882.750 564881.950 564880.800 564880.350 564876.595
26 423816.186 423812.420 423799.270 423789.279 423793.554 423793.800 423795.650 423798.050 423799.150 423800.150 423801.400 423802.550 423803.350 423804.300 423805.200 423805.950 423806.750 423807.700 423808.850 423809.950 423811.600 423813.050 423814.100 423815.650 423816.186 423816.186 564876.595 564879.840 564889.820 564896.804 564896.804 564896.650 564895.350 564893.750 564893.000 564892.350 564891.500 564890.700 564890.150 564889.400 564888.850 564888.350 564887.650 564886.950 564886.100 564885.200 564883.900 564882.750 564881.950 564880.800 564880.350 564876.595
26 423816.186 423812.420 423799.270 423789.279 423793.554 423793.800 423795.650 423798.050 423799.150 423800.150 423801.400 423802.550 423803.350 423804.300 423805.200 423805.950 423806.750 423807.700 423808.850 423809.950 423811.600 423813.050 423814.100 423815.650 423816.186 423816.186 564876.595 564879.840 564889.820 564896.804 564896.804 564896.650 564895.350 564893.750 564893.000 564892.350 564891.500 564890.700 564890.150 564889.400 564888.850 564888.350 564887.650 564886.950 564886.100 564885.200 564883.900 564882.750 564881.950 564880.800 564880.350 564876.595
26 423816.186 423812.420 423799.270 423789.279 423793.554 423793.800 423795.650 423798.050 423799.150 423800.150 423801.400 423802.550 423803.350 423804.300 423805.200 423805.950 423806.750 423807.700 423808.850 423809.950 423811.600 423813.050 423814.100 423815.650 423816.186 423816.186 564876.595 564879.840 564889.820 564896.804 564896.804 564896.650 564895.350 564893.750 564893.000 564892.350 564891.500 564890.700 564890.150 564889.400 564888.850 564888.350 564887.650 564886.950 564886.100 564885.200 564883.900 564882.750 564881.950 564880.800 564880.350 564876.595
