16
43 423339.470 423340.600 423340.650 423340.980 423341.230 423342.160 423342.910 423343.270 423343.890 423344.720 423346.120 423347.040 423348.770 423350.650 423362.070 423370.908 423370.908 423361.150 423359.650 423352.150 423351.250 423350.400 423349.700 423349.050 423348.250 423347.450 423346.600 423345.750 423345.350 423344.250 423343.950 423343.700 423343.500 423343.450 423343.150 423342.950 423342.800 423342.650 423342.400 423342.384 423342.250 423342.250 423339.470 564602.296 564613.600 564614.800 564618.060 564620.280 564622.530 564623.610 564623.990 564624.650 564625.350 564626.190 564626.530 564626.780 564626.460 564622.510 564621.851 564619.488 564620.300 564620.550 564621.200 564621.300 564621.250 564621.200 564621.050 564620.700 564620.250 564619.700 564619.000 564618.650 564617.150 564616.600 564616.000 564615.400 564614.700 564610.650 564609.100 564607.500 564605.700 564603.850 564603.680 564602.300 564602.296 564602.296
43 423339.470 423340.600 423340.650 423340.980 423341.230 423342.160 423342.910 423343.270 423343.890 423344.720 423346.120 423347.040 423348.770 423350.650 423362.070 423370.908 423370.908 423361.150 423359.650 423352.150 423351.250 423350.400 423349.700 423349.050 423348.250 423347.450 423346.600 423345.750 423345.350 423344.250 423343.950 423343.700 423343.500 423343.450 423343.150 423342.950 423342.800 423342.650 423342.400 423342.384 423342.250 423342.250 423339.470 564602.296 564613.600 564614.800 564618.060 564620.280 564622.530 564623.610 564623.990 564624.650 564625.350 564626.190 564626.530 564626.780 564626.460 564622.510 564621.851 564619.488 564620.300 564620.550 564621.200 564621.300 564621.250 564621.200 564621.050 564620.700 564620.250 564619.700 564619.000 564618.650 564617.150 564616.600 564616.000 564615.400 564614.700 564610.650 564609.100 564607.500 564605.700 564603.850 564603.680 564602.300 564602.296 564602.296
39 423333.493 423334.496 423335.478 423335.683 423335.692 423335.712 423335.906 423335.274 423331.940 423331.476 423329.438 423329.680 423330.290 423330.750 423330.850 423329.390 423329.600 423328.500 423312.690 423311.919 423311.964 423312.017 423312.068 423312.178 423312.229 423312.561 423312.838 423313.093 423313.405 423313.707 423325.520 423325.654 423327.100 423328.048 423328.677 423329.582 423330.620 423332.275 423333.493 564623.827 564622.471 564620.305 564619.537 564619.501 564619.350 564617.924 564616.766 564607.590 564602.296 564602.296 564605.050 564611.940 564617.150 564618.300 564618.400 564620.900 564621.950 564621.900 564621.972 564622.681 564623.507 564624.294 564624.932 564625.012 564625.540 564625.771 564625.909 564625.982 564626.052 564626.301 564626.304 564626.712 564626.730 564626.627 564626.345 564625.880 564624.956 564623.827
39 423333.493 423334.496 423335.478 423335.683 423335.692 423335.712 423335.906 423335.274 423331.940 423331.476 423329.438 423329.680 423330.290 423330.750 423330.850 423329.390 423329.600 423328.500 423312.690 423311.919 423311.964 423312.017 423312.068 423312.178 423312.229 423312.561 423312.838 423313.093 423313.405 423313.707 423325.520 423325.654 423327.100 423328.048 423328.677 423329.582 423330.620 423332.275 423333.493 564623.827 564622.471 564620.305 564619.537 564619.501 564619.350 564617.924 564616.766 564607.590 564602.296 564602.296 564605.050 564611.940 564617.150 564618.300 564618.400 564620.900 564621.950 564621.900 564621.972 564622.681 564623.507 564624.294 564624.932 564625.012 564625.540 564625.771 564625.909 564625.982 564626.052 564626.301 564626.304 564626.712 564626.730 564626.627 564626.345 564625.880 564624.956 564623.827
39 423333.493 423334.496 423335.478 423335.683 423335.692 423335.712 423335.906 423335.274 423331.940 423331.476 423329.438 423329.680 423330.290 423330.750 423330.850 423329.390 423329.600 423328.500 423312.690 423311.919 423311.964 423312.017 423312.068 423312.178 423312.229 423312.561 423312.838 423313.093 423313.405 423313.707 423325.520 423325.654 423327.100 423328.048 423328.677 423329.582 423330.620 423332.275 423333.493 564623.827 564622.471 564620.305 564619.537 564619.501 564619.350 564617.924 564616.766 564607.590 564602.296 564602.296 564605.050 564611.940 564617.150 564618.300 564618.400 564620.900 564621.950 564621.900 564621.972 564622.681 564623.507 564624.294 564624.932 564625.012 564625.540 564625.771 564625.909 564625.982 564626.052 564626.301 564626.304 564626.712 564626.730 564626.627 564626.345 564625.880 564624.956 564623.827
47 423307.781 423307.735 423307.480 423307.416 423307.394 423305.863 423304.799 423305.000 423305.110 423305.640 423306.540 423304.915 423303.900 423299.250 423290.700 423289.500 423289.280 423287.830 423287.450 423286.970 423286.573 423284.481 423286.000 423285.230 423285.410 423285.450 423285.470 423285.538 423285.894 423286.116 423286.149 423286.425 423286.557 423286.766 423287.112 423287.795 423295.070 423297.261 423303.072 423304.890 423305.786 423306.553 423306.630 423307.214 423307.430 423307.653 423307.781 564623.913 564623.540 564621.450 564620.684 564620.428 564602.296 564602.296 564604.524 564605.750 564611.600 564621.500 564621.494 564621.490 564621.470 564621.250 564620.100 564617.410 564617.530 564612.950 564607.140 564602.296 564602.296 564618.060 564619.440 564622.380 564622.500 564622.550 564622.731 564623.671 564624.250 564624.290 564624.633 564624.798 564624.960 564625.150 564625.317 564625.513 564623.626 564623.850 564625.836 564625.820 564625.712 564625.665 564625.305 564625.059 564624.648 564623.913
47 423307.781 423307.735 423307.480 423307.416 423307.394 423305.863 423304.799 423305.000 423305.110 423305.640 423306.540 423304.915 423303.900 423299.250 423290.700 423289.500 423289.280 423287.830 423287.450 423286.970 423286.573 423284.481 423286.000 423285.230 423285.410 423285.450 423285.470 423285.538 423285.894 423286.116 423286.149 423286.425 423286.557 423286.766 423287.112 423287.795 423295.070 423297.261 423303.072 423304.890 423305.786 423306.553 423306.630 423307.214 423307.430 423307.653 423307.781 564623.913 564623.540 564621.450 564620.684 564620.428 564602.296 564602.296 564604.524 564605.750 564611.600 564621.500 564621.494 564621.490 564621.470 564621.250 564620.100 564617.410 564617.530 564612.950 564607.140 564602.296 564602.296 564618.060 564619.440 564622.380 564622.500 564622.550 564622.731 564623.671 564624.250 564624.290 564624.633 564624.798 564624.960 564625.150 564625.317 564625.513 564623.626 564623.850 564625.836 564625.820 564625.712 564625.665 564625.305 564625.059 564624.648 564623.913
47 423307.781 423307.735 423307.480 423307.416 423307.394 423305.863 423304.799 423305.000 423305.110 423305.640 423306.540 423304.915 423303.900 423299.250 423290.700 423289.500 423289.280 423287.830 423287.450 423286.970 423286.573 423284.481 423286.000 423285.230 423285.410 423285.450 423285.470 423285.538 423285.894 423286.116 423286.149 423286.425 423286.557 423286.766 423287.112 423287.795 423295.070 423297.261 423303.072 423304.890 423305.786 423306.553 423306.630 423307.214 423307.430 423307.653 423307.781 564623.913 564623.540 564621.450 564620.684 564620.428 564602.296 564602.296 564604.524 564605.750 564611.600 564621.500 564621.494 564621.490 564621.470 564621.250 564620.100 564617.410 564617.530 564612.950 564607.140 564602.296 564602.296 564618.060 564619.440 564622.380 564622.500 564622.550 564622.731 564623.671 564624.250 564624.290 564624.633 564624.798 564624.960 564625.150 564625.317 564625.513 564623.626 564623.850 564625.836 564625.820 564625.712 564625.665 564625.305 564625.059 564624.648 564623.913
6 423289.100 423286.850 423287.150 423288.650 423289.660 423289.100 564652.200 564652.400 564656.500 564657.900 564657.900 564652.200
31 423370.908 423354.150 423348.240 423346.890 423345.270 423344.490 423343.890 423342.550 423341.970 423341.780 423341.650 423341.540 423341.690 423343.230 423343.770 423344.747 423352.780 423355.850 423356.050 423356.300 423356.700 423357.200 423357.300 423357.800 423358.350 423358.900 423359.500 423360.250 423361.100 423370.908 423370.908 564632.379 564633.700 564633.600 564633.760 564634.480 564635.010 564635.570 564636.810 564638.160 564639.070 564639.990 564642.070 564643.590 564649.910 564650.000 564661.198 564661.198 564642.000 564641.150 564640.350 564639.500 564638.650 564638.550 564637.950 564637.450 564637.100 564636.800 564636.600 564636.550 564634.810 564632.379
31 423370.908 423354.150 423348.240 423346.890 423345.270 423344.490 423343.890 423342.550 423341.970 423341.780 423341.650 423341.540 423341.690 423343.230 423343.770 423344.747 423352.780 423355.850 423356.050 423356.300 423356.700 423357.200 423357.300 423357.800 423358.350 423358.900 423359.500 423360.250 423361.100 423370.908 423370.908 564632.379 564633.700 564633.600 564633.760 564634.480 564635.010 564635.570 564636.810 564638.160 564639.070 564639.990 564642.070 564643.590 564649.910 564650.000 564661.198 564661.198 564642.000 564641.150 564640.350 564639.500 564638.650 564638.550 564637.950 564637.450 564637.100 564636.800 564636.600 564636.550 564634.810 564632.379
55 423291.934 423291.900 423291.290 423290.700 423290.600 423290.350 423290.350 423290.268 423291.280 423290.950 423295.500 423296.300 423304.300 423307.860 423308.267 423308.166 423307.992 423307.572 423307.512 423307.426 423307.004 423306.384 423304.738 423302.817 423302.519 423290.952 423290.670 423288.898 423286.747 423286.078 423285.654 423285.510 423285.133 423285.125 423285.096 423285.005 423284.990 423284.940 423284.900 423284.860 423284.820 423284.790 423284.760 423284.730 423284.710 423284.964 423284.974 423285.324 423288.451 423288.980 423286.270 423286.650 423289.600 423289.781 423291.934 564661.198 564660.800 564653.750 564646.900 564645.700 564642.800 564642.500 564640.209 564640.260 564636.450 564636.550 564636.590 564636.950 564637.170 564637.234 564634.301 564633.677 564633.101 564633.048 564632.995 564632.738 564632.598 564632.524 564634.205 564634.466 564634.076 564633.804 564632.099 564632.009 564632.103 564632.330 564632.453 564633.007 564633.019 564633.161 564633.609 564633.680 564633.750 564633.830 564633.900 564633.980 564634.060 564634.140 564634.220 564634.310 564637.225 564637.339 564641.356 564643.733 564650.248 564652.199 564656.550 564659.250 564661.198 564661.198
55 423291.934 423291.900 423291.290 423290.700 423290.600 423290.350 423290.350 423290.268 423291.280 423290.950 423295.500 423296.300 423304.300 423307.860 423308.267 423308.166 423307.992 423307.572 423307.512 423307.426 423307.004 423306.384 423304.738 423302.817 423302.519 423290.952 423290.670 423288.898 423286.747 423286.078 423285.654 423285.510 423285.133 423285.125 423285.096 423285.005 423284.990 423284.940 423284.900 423284.860 423284.820 423284.790 423284.760 423284.730 423284.710 423284.964 423284.974 423285.324 423288.451 423288.980 423286.270 423286.650 423289.600 423289.781 423291.934 564661.198 564660.800 564653.750 564646.900 564645.700 564642.800 564642.500 564640.209 564640.260 564636.450 564636.550 564636.590 564636.950 564637.170 564637.234 564634.301 564633.677 564633.101 564633.048 564632.995 564632.738 564632.598 564632.524 564634.205 564634.466 564634.076 564633.804 564632.099 564632.009 564632.103 564632.330 564632.453 564633.007 564633.019 564633.161 564633.609 564633.680 564633.750 564633.830 564633.900 564633.980 564634.060 564634.140 564634.220 564634.310 564637.225 564637.339 564641.356 564643.733 564650.248 564652.199 564656.550 564659.250 564661.198 564661.198
55 423291.934 423291.900 423291.290 423290.700 423290.600 423290.350 423290.350 423290.268 423291.280 423290.950 423295.500 423296.300 423304.300 423307.860 423308.267 423308.166 423307.992 423307.572 423307.512 423307.426 423307.004 423306.384 423304.738 423302.817 423302.519 423290.952 423290.670 423288.898 423286.747 423286.078 423285.654 423285.510 423285.133 423285.125 423285.096 423285.005 423284.990 423284.940 423284.900 423284.860 423284.820 423284.790 423284.760 423284.730 423284.710 423284.964 423284.974 423285.324 423288.451 423288.980 423286.270 423286.650 423289.600 423289.781 423291.934 564661.198 564660.800 564653.750 564646.900 564645.700 564642.800 564642.500 564640.209 564640.260 564636.450 564636.550 564636.590 564636.950 564637.170 564637.234 564634.301 564633.677 564633.101 564633.048 564632.995 564632.738 564632.598 564632.524 564634.205 564634.466 564634.076 564633.804 564632.099 564632.009 564632.103 564632.330 564632.453 564633.007 564633.019 564633.161 564633.609 564633.680 564633.750 564633.830 564633.900 564633.980 564634.060 564634.140 564634.220 564634.310 564637.225 564637.339 564641.356 564643.733 564650.248 564652.199 564656.550 564659.250 564661.198 564661.198
47 423336.900 423335.240 423336.140 423336.280 423335.450 423335.000 423334.270 423333.711 423332.940 423331.260 423329.585 423326.967 423324.730 423322.994 423315.587 423314.864 423314.713 423314.205 423313.928 423313.799 423313.703 423313.617 423313.856 423314.300 423314.350 423314.450 423314.600 423314.750 423315.050 423315.300 423328.550 423329.150 423329.750 423330.200 423330.550 423330.650 423331.000 423331.250 423331.350 423331.350 423331.720 423333.050 423333.270 423333.860 423334.500 423334.671 423336.900 564661.198 564643.410 564642.180 564640.800 564637.410 564635.940 564634.890 564634.293 564633.470 564632.200 564632.153 564632.248 564632.811 564632.810 564632.808 564633.000 564633.107 564633.467 564633.822 564634.066 564634.434 564634.762 564637.333 564637.400 564637.200 564637.000 564636.850 564636.750 564636.650 564636.700 564636.950 564636.950 564637.050 564637.200 564637.450 564637.500 564637.850 564638.300 564638.600 564638.950 564643.190 564643.150 564645.600 564652.200 564659.300 564661.198 564661.198
47 423336.900 423335.240 423336.140 423336.280 423335.450 423335.000 423334.270 423333.711 423332.940 423331.260 423329.585 423326.967 423324.730 423322.994 423315.587 423314.864 423314.713 423314.205 423313.928 423313.799 423313.703 423313.617 423313.856 423314.300 423314.350 423314.450 423314.600 423314.750 423315.050 423315.300 423328.550 423329.150 423329.750 423330.200 423330.550 423330.650 423331.000 423331.250 423331.350 423331.350 423331.720 423333.050 423333.270 423333.860 423334.500 423334.671 423336.900 564661.198 564643.410 564642.180 564640.800 564637.410 564635.940 564634.890 564634.293 564633.470 564632.200 564632.153 564632.248 564632.811 564632.810 564632.808 564633.000 564633.107 564633.467 564633.822 564634.066 564634.434 564634.762 564637.333 564637.400 564637.200 564637.000 564636.850 564636.750 564636.650 564636.700 564636.950 564636.950 564637.050 564637.200 564637.450 564637.500 564637.850 564638.300 564638.600 564638.950 564643.190 564643.150 564645.600 564652.200 564659.300 564661.198 564661.198
