14
9 423806.050 423806.277 423782.274 423782.400 423789.250 423798.950 423804.900 423805.800 423806.050 564720.200 564720.099 564720.099 564720.250 564720.400 564720.250 564720.250 564720.200 564720.200
41 423816.186 423815.850 423815.200 423814.500 423814.500 423814.450 423814.394 423806.277 423806.050 423805.800 423804.900 423798.950 423789.250 423782.400 423782.600 423782.850 423783.050 423783.450 423783.900 423784.250 423784.700 423785.200 423785.800 423786.450 423788.650 423792.700 423798.950 423804.200 423806.200 423806.650 423807.300 423807.850 423809.400 423810.900 423812.000 423813.100 423814.200 423815.050 423816.000 423816.186 423816.186 564722.008 564722.050 564722.150 564722.100 564720.950 564720.100 564720.099 564720.099 564720.200 564720.200 564720.250 564720.250 564720.400 564720.250 564720.550 564720.900 564721.000 564721.300 564721.550 564721.750 564721.900 564722.000 564722.050 564722.100 564722.200 564722.150 564722.150 564721.950 564721.900 564722.000 564722.000 564722.100 564722.600 564722.900 564723.450 564723.900 564724.300 564724.550 564725.050 564725.099 564722.008
41 423816.186 423815.850 423815.200 423814.500 423814.500 423814.450 423814.394 423806.277 423806.050 423805.800 423804.900 423798.950 423789.250 423782.400 423782.600 423782.850 423783.050 423783.450 423783.900 423784.250 423784.700 423785.200 423785.800 423786.450 423788.650 423792.700 423798.950 423804.200 423806.200 423806.650 423807.300 423807.850 423809.400 423810.900 423812.000 423813.100 423814.200 423815.050 423816.000 423816.186 423816.186 564722.008 564722.050 564722.150 564722.100 564720.950 564720.100 564720.099 564720.099 564720.200 564720.200 564720.250 564720.250 564720.400 564720.250 564720.550 564720.900 564721.000 564721.300 564721.550 564721.750 564721.900 564722.000 564722.050 564722.100 564722.200 564722.150 564722.150 564721.950 564721.900 564722.000 564722.000 564722.100 564722.600 564722.900 564723.450 564723.900 564724.300 564724.550 564725.050 564725.099 564722.008
33 423757.400 423757.100 423756.150 423755.300 423754.950 423754.550 423754.100 423753.600 423753.050 423752.450 423752.050 423751.500 423750.900 423750.150 423749.600 423749.600 423749.800 423750.100 423750.500 423750.950 423751.800 423754.000 423755.250 423755.850 423756.450 423756.950 423757.340 423758.200 423758.600 423759.050 423759.400 423759.623 423757.400 564720.099 564720.600 564721.650 564722.600 564723.100 564723.450 564723.800 564724.050 564724.450 564724.850 564724.900 564725.050 564725.200 564725.300 564725.450 564726.450 564726.800 564727.250 564727.800 564728.470 564727.800 564726.000 564724.900 564724.500 564724.200 564724.000 564723.870 564722.400 564721.750 564721.050 564720.450 564720.099 564720.099
17 423768.858 423768.900 423769.000 423769.200 423769.500 423769.800 423770.300 423771.900 423772.400 423772.950 423773.550 423774.050 423774.600 423775.150 423775.450 423775.737 423768.858 564720.099 564720.900 564721.250 564721.600 564721.900 564722.050 564722.200 564722.200 564722.150 564722.050 564721.900 564721.750 564721.400 564720.950 564720.550 564720.099 564720.099
6 423794.150 423796.332 423795.100 423794.318 423792.000 423794.150 564733.600 564727.662 564727.700 564727.685 564733.600 564733.600
23 423809.200 423809.235 423809.480 423809.930 423816.186 423816.186 423813.550 423812.300 423810.600 423809.400 423808.350 423807.700 423806.950 423806.150 423805.350 423802.950 423801.650 423798.950 423796.700 423796.332 423794.150 423803.150 423809.200 564738.050 564738.076 564738.050 564738.050 564738.029 564731.108 564730.150 564729.650 564729.000 564728.650 564728.200 564727.850 564727.700 564727.550 564727.550 564727.600 564727.550 564727.600 564727.650 564727.662 564733.600 564733.550 564738.050
35 423792.000 423794.318 423792.550 423786.450 423782.920 423780.350 423775.220 423772.250 423765.550 423763.250 423762.150 423761.850 423761.350 423760.550 423758.200 423756.500 423754.800 423753.650 423752.900 423752.550 423752.200 423752.200 423752.350 423752.650 423753.000 423753.400 423754.200 423755.150 423755.450 423755.650 423756.300 423756.250 423762.000 423774.750 423792.000 564733.600 564727.685 564727.650 564727.900 564727.870 564727.850 564727.880 564727.900 564727.900 564727.950 564727.900 564728.000 564728.200 564728.600 564730.200 564731.600 564732.850 564733.800 564734.300 564734.700 564735.850 564736.300 564736.750 564737.150 564737.700 564738.300 564738.900 564739.700 564740.050 564740.300 564740.700 564733.650 564733.650 564733.600 564733.600
18 423799.330 423801.950 423802.050 423802.500 423803.050 423803.650 423804.400 423805.200 423806.050 423806.250 423807.150 423808.050 423809.235 423809.200 423803.150 423794.150 423792.390 423799.330 564735.310 564734.150 564734.400 564735.150 564735.900 564736.550 564737.150 564737.600 564737.900 564737.950 564738.150 564738.200 564738.076 564738.050 564733.550 564733.600 564738.390 564735.310
8 423789.600 423783.150 423783.100 423793.642 423790.893 423790.350 423791.420 423789.600 564734.250 564734.250 564744.450 564745.499 564739.069 564737.800 564735.080 564734.250
11 423800.800 423800.750 423800.700 423800.600 423800.500 423800.400 423800.200 423799.950 423798.590 423799.350 423800.800 564749.000 564746.950 564746.250 564745.450 564744.900 564744.450 564744.000 564743.550 564744.160 564748.950 564749.000
50 423799.350 423798.590 423795.250 423792.150 423792.390 423794.150 423792.000 423791.420 423790.350 423790.893 423793.642 423794.569 423795.100 423797.150 423797.150 423798.250 423798.250 423799.100 423799.110 423801.800 423806.500 423809.950 423809.800 423811.900 423812.800 423813.520 423816.186 423816.186 423813.650 423813.550 423812.900 423812.200 423811.500 423811.000 423810.400 423809.850 423809.550 423809.150 423808.800 423808.550 423808.250 423808.150 423807.900 423807.900 423807.800 423807.800 423808.050 423800.850 423800.800 423799.350 564748.950 564744.160 564745.650 564738.500 564738.390 564733.600 564733.600 564735.080 564737.800 564739.069 564745.499 564747.546 564747.600 564747.850 564755.000 564755.000 564758.950 564759.000 564759.880 564759.900 564759.900 564759.940 564758.130 564745.600 564745.100 564745.130 564745.119 564742.671 564742.700 564742.650 564742.650 564742.700 564742.900 564743.100 564743.350 564743.750 564744.000 564744.450 564744.850 564745.300 564745.950 564746.400 564747.500 564747.650 564748.850 564749.200 564757.950 564757.950 564749.000 564748.950
50 423799.350 423798.590 423795.250 423792.150 423792.390 423794.150 423792.000 423791.420 423790.350 423790.893 423793.642 423794.569 423795.100 423797.150 423797.150 423798.250 423798.250 423799.100 423799.110 423801.800 423806.500 423809.950 423809.800 423811.900 423812.800 423813.520 423816.186 423816.186 423813.650 423813.550 423812.900 423812.200 423811.500 423811.000 423810.400 423809.850 423809.550 423809.150 423808.800 423808.550 423808.250 423808.150 423807.900 423807.900 423807.800 423807.800 423808.050 423800.850 423800.800 423799.350 564748.950 564744.160 564745.650 564738.500 564738.390 564733.600 564733.600 564735.080 564737.800 564739.069 564745.499 564747.546 564747.600 564747.850 564755.000 564755.000 564758.950 564759.000 564759.880 564759.900 564759.900 564759.940 564758.130 564745.600 564745.100 564745.130 564745.119 564742.671 564742.700 564742.650 564742.650 564742.700 564742.900 564743.100 564743.350 564743.750 564744.000 564744.450 564744.850 564745.300 564745.950 564746.400 564747.500 564747.650 564748.850 564749.200 564757.950 564757.950 564749.000 564748.950
50 423799.350 423798.590 423795.250 423792.150 423792.390 423794.150 423792.000 423791.420 423790.350 423790.893 423793.642 423794.569 423795.100 423797.150 423797.150 423798.250 423798.250 423799.100 423799.110 423801.800 423806.500 423809.950 423809.800 423811.900 423812.800 423813.520 423816.186 423816.186 423813.650 423813.550 423812.900 423812.200 423811.500 423811.000 423810.400 423809.850 423809.550 423809.150 423808.800 423808.550 423808.250 423808.150 423807.900 423807.900 423807.800 423807.800 423808.050 423800.850 423800.800 423799.350 564748.950 564744.160 564745.650 564738.500 564738.390 564733.600 564733.600 564735.080 564737.800 564739.069 564745.499 564747.546 564747.600 564747.850 564755.000 564755.000 564758.950 564759.000 564759.880 564759.900 564759.900 564759.940 564758.130 564745.600 564745.100 564745.130 564745.119 564742.671 564742.700 564742.650 564742.650 564742.700 564742.900 564743.100 564743.350 564743.750 564744.000 564744.450 564744.850 564745.300 564745.950 564746.400 564747.500 564747.650 564748.850 564749.200 564757.950 564757.950 564749.000 564748.950
