15
79 423816.186 423813.000 423812.550 423809.050 423805.200 423801.030 423797.800 423797.800 423797.650 423797.590 423797.448 423797.315 423797.245 423797.150 423797.010 423797.000 423796.950 423796.900 423796.880 423797.150 423797.300 423797.900 423798.800 423799.100 423799.650 423800.110 423801.350 423788.645 423792.695 423792.700 423794.050 423795.350 423801.950 423803.100 423803.300 423804.050 423804.700 423805.250 423805.300 423805.800 423806.150 423806.350 423806.450 423806.500 423806.400 423806.150 423804.210 423804.300 423804.450 423804.450 423804.300 423804.050 423803.900 423803.500 423803.050 423802.150 423801.550 423801.150 423800.800 423800.450 423799.950 423799.600 423799.450 423799.350 423799.300 423799.350 423799.450 423799.670 423800.170 423800.250 423801.650 423804.100 423807.652 423807.520 423811.420 423811.552 423814.150 423816.186 423816.186 564789.237 564788.550 564788.450 564787.850 564787.750 564787.850 564793.150 564793.600 564796.100 564797.550 564800.900 564804.050 564805.707 564807.950 564809.950 564810.100 564813.030 564816.400 564818.000 564820.550 564821.500 564823.400 564825.600 564826.450 564827.800 564828.820 564831.550 564837.902 564837.902 564837.900 564837.300 564836.700 564833.600 564833.050 564832.950 564832.500 564832.000 564831.350 564831.250 564830.500 564829.750 564828.900 564828.250 564827.350 564826.450 564825.600 564826.430 564826.700 564827.350 564828.150 564828.850 564829.500 564829.750 564830.300 564830.800 564828.750 564827.570 564826.600 564825.450 564824.500 564822.850 564821.200 564819.600 564817.950 564816.100 564814.250 564809.780 564804.300 564793.730 564792.600 564790.850 564790.100 564790.347 564792.238 564792.510 564790.619 564790.800 564792.083 564789.237
12 423816.186 423815.370 423815.350 423815.050 423814.950 423814.950 423815.100 423815.300 423815.650 423816.080 423816.186 423816.186 564808.982 564809.820 564810.650 564814.350 564815.400 564816.450 564817.600 564818.700 564819.850 564821.050 564821.299 564808.982
19 423816.186 423815.750 423815.550 423814.950 423814.400 423814.300 423813.750 423813.420 423811.500 423811.600 423812.100 423812.650 423813.350 423813.650 423814.450 423815.250 423816.050 423816.186 423816.186 564824.367 564824.300 564824.200 564823.950 564823.550 564823.400 564822.850 564822.240 564823.100 564823.350 564824.000 564824.700 564825.250 564825.500 564825.850 564826.100 564826.250 564826.258 564824.367
79 423816.186 423813.000 423812.550 423809.050 423805.200 423801.030 423797.800 423797.800 423797.650 423797.590 423797.448 423797.315 423797.245 423797.150 423797.010 423797.000 423796.950 423796.900 423796.880 423797.150 423797.300 423797.900 423798.800 423799.100 423799.650 423800.110 423801.350 423788.645 423792.695 423792.700 423794.050 423795.350 423801.950 423803.100 423803.300 423804.050 423804.700 423805.250 423805.300 423805.800 423806.150 423806.350 423806.450 423806.500 423806.400 423806.150 423804.210 423804.300 423804.450 423804.450 423804.300 423804.050 423803.900 423803.500 423803.050 423802.150 423801.550 423801.150 423800.800 423800.450 423799.950 423799.600 423799.450 423799.350 423799.300 423799.350 423799.450 423799.670 423800.170 423800.250 423801.650 423804.100 423807.652 423807.520 423811.420 423811.552 423814.150 423816.186 423816.186 564789.237 564788.550 564788.450 564787.850 564787.750 564787.850 564793.150 564793.600 564796.100 564797.550 564800.900 564804.050 564805.707 564807.950 564809.950 564810.100 564813.030 564816.400 564818.000 564820.550 564821.500 564823.400 564825.600 564826.450 564827.800 564828.820 564831.550 564837.902 564837.902 564837.900 564837.300 564836.700 564833.600 564833.050 564832.950 564832.500 564832.000 564831.350 564831.250 564830.500 564829.750 564828.900 564828.250 564827.350 564826.450 564825.600 564826.430 564826.700 564827.350 564828.150 564828.850 564829.500 564829.750 564830.300 564830.800 564828.750 564827.570 564826.600 564825.450 564824.500 564822.850 564821.200 564819.600 564817.950 564816.100 564814.250 564809.780 564804.300 564793.730 564792.600 564790.850 564790.100 564790.347 564792.238 564792.510 564790.619 564790.800 564792.083 564789.237
12 423816.186 423815.370 423815.350 423815.050 423814.950 423814.950 423815.100 423815.300 423815.650 423816.080 423816.186 423816.186 564808.982 564809.820 564810.650 564814.350 564815.400 564816.450 564817.600 564818.700 564819.850 564821.050 564821.299 564808.982
19 423816.186 423815.750 423815.550 423814.950 423814.400 423814.300 423813.750 423813.420 423811.500 423811.600 423812.100 423812.650 423813.350 423813.650 423814.450 423815.250 423816.050 423816.186 423816.186 564824.367 564824.300 564824.200 564823.950 564823.550 564823.400 564822.850 564822.240 564823.100 564823.350 564824.000 564824.700 564825.250 564825.500 564825.850 564826.100 564826.250 564826.258 564824.367
79 423816.186 423813.000 423812.550 423809.050 423805.200 423801.030 423797.800 423797.800 423797.650 423797.590 423797.448 423797.315 423797.245 423797.150 423797.010 423797.000 423796.950 423796.900 423796.880 423797.150 423797.300 423797.900 423798.800 423799.100 423799.650 423800.110 423801.350 423788.645 423792.695 423792.700 423794.050 423795.350 423801.950 423803.100 423803.300 423804.050 423804.700 423805.250 423805.300 423805.800 423806.150 423806.350 423806.450 423806.500 423806.400 423806.150 423804.210 423804.300 423804.450 423804.450 423804.300 423804.050 423803.900 423803.500 423803.050 423802.150 423801.550 423801.150 423800.800 423800.450 423799.950 423799.600 423799.450 423799.350 423799.300 423799.350 423799.450 423799.670 423800.170 423800.250 423801.650 423804.100 423807.652 423807.520 423811.420 423811.552 423814.150 423816.186 423816.186 564789.237 564788.550 564788.450 564787.850 564787.750 564787.850 564793.150 564793.600 564796.100 564797.550 564800.900 564804.050 564805.707 564807.950 564809.950 564810.100 564813.030 564816.400 564818.000 564820.550 564821.500 564823.400 564825.600 564826.450 564827.800 564828.820 564831.550 564837.902 564837.902 564837.900 564837.300 564836.700 564833.600 564833.050 564832.950 564832.500 564832.000 564831.350 564831.250 564830.500 564829.750 564828.900 564828.250 564827.350 564826.450 564825.600 564826.430 564826.700 564827.350 564828.150 564828.850 564829.500 564829.750 564830.300 564830.800 564828.750 564827.570 564826.600 564825.450 564824.500 564822.850 564821.200 564819.600 564817.950 564816.100 564814.250 564809.780 564804.300 564793.730 564792.600 564790.850 564790.100 564790.347 564792.238 564792.510 564790.619 564790.800 564792.083 564789.237
12 423816.186 423815.370 423815.350 423815.050 423814.950 423814.950 423815.100 423815.300 423815.650 423816.080 423816.186 423816.186 564808.982 564809.820 564810.650 564814.350 564815.400 564816.450 564817.600 564818.700 564819.850 564821.050 564821.299 564808.982
19 423816.186 423815.750 423815.550 423814.950 423814.400 423814.300 423813.750 423813.420 423811.500 423811.600 423812.100 423812.650 423813.350 423813.650 423814.450 423815.250 423816.050 423816.186 423816.186 564824.367 564824.300 564824.200 564823.950 564823.550 564823.400 564822.850 564822.240 564823.100 564823.350 564824.000 564824.700 564825.250 564825.500 564825.850 564826.100 564826.250 564826.258 564824.367
12 423800.250 423800.170 423816.186 423816.186 423814.150 423811.552 423811.420 423807.520 423807.652 423804.100 423801.650 423800.250 564792.600 564793.730 564794.624 564792.083 564790.800 564790.619 564792.510 564792.238 564790.347 564790.100 564790.850 564792.600
13 423799.670 423799.450 423804.650 423804.500 423804.200 423803.850 423803.350 423802.800 423802.400 423801.650 423800.850 423800.000 423799.670 564804.300 564809.780 564809.900 564809.050 564808.150 564807.400 564806.650 564805.950 564805.550 564805.100 564804.650 564804.400 564804.300
15 423816.186 423815.450 423814.700 423814.000 423813.350 423812.650 423812.050 423811.550 423811.150 423810.850 423810.650 423810.400 423815.370 423816.186 423816.186 564805.200 564805.200 564805.150 564805.200 564805.450 564805.800 564806.300 564806.850 564807.500 564808.200 564809.000 564809.700 564809.820 564808.982 564805.200
11 423816.186 423816.080 423813.420 423813.750 423814.300 423814.400 423814.950 423815.550 423815.750 423816.186 423816.186 564821.299 564821.050 564822.240 564822.850 564823.400 564823.550 564823.950 564824.200 564824.300 564824.367 564821.299
12 423804.300 423804.210 423801.550 423802.150 423803.050 423803.500 423803.900 423804.050 423804.300 423804.450 423804.450 423804.300 564826.700 564826.430 564827.570 564828.750 564830.800 564830.300 564829.750 564829.500 564828.850 564828.150 564827.350 564826.700
11 423727.130 423732.410 423732.350 423731.900 423731.100 423730.200 423729.450 423728.650 423727.950 423727.130 423727.130 564837.762 564837.560 564836.650 564836.450 564836.150 564835.850 564835.700 564835.300 564835.000 564834.492 564837.762
