22
34 423363.950 423364.050 423364.150 423364.150 423363.700 423362.932 423360.522 423360.530 423361.100 423361.650 423360.430 423356.450 423348.915 423347.560 423344.150 423344.200 423344.350 423344.500 423344.650 423344.800 423344.950 423345.200 423345.400 423345.600 423346.100 423346.550 423361.450 423361.850 423362.400 423362.900 423363.100 423363.300 423363.550 423363.950 564969.550 564969.200 564968.750 564968.300 564964.550 564955.705 564955.705 564955.800 564962.450 564968.900 564969.300 564970.640 564973.183 564973.640 564974.870 564975.250 564975.650 564975.950 564976.200 564976.350 564976.450 564976.500 564976.550 564976.550 564976.500 564976.300 564971.350 564971.250 564971.050 564970.750 564970.550 564970.400 564970.150 564969.550
34 423363.950 423364.050 423364.150 423364.150 423363.700 423362.932 423360.522 423360.530 423361.100 423361.650 423360.430 423356.450 423348.915 423347.560 423344.150 423344.200 423344.350 423344.500 423344.650 423344.800 423344.950 423345.200 423345.400 423345.600 423346.100 423346.550 423361.450 423361.850 423362.400 423362.900 423363.100 423363.300 423363.550 423363.950 564969.550 564969.200 564968.750 564968.300 564964.550 564955.705 564955.705 564955.800 564962.450 564968.900 564969.300 564970.640 564973.183 564973.640 564974.870 564975.250 564975.650 564975.950 564976.200 564976.350 564976.450 564976.500 564976.550 564976.550 564976.500 564976.300 564971.350 564971.250 564971.050 564970.750 564970.550 564970.400 564970.150 564969.550
35 423315.471 423317.800 423317.850 423317.950 423318.000 423318.150 423318.450 423318.650 423318.850 423319.350 423319.750 423320.100 423320.400 423320.650 423321.050 423321.500 423335.850 423336.400 423336.850 423337.450 423337.650 423337.750 423337.850 423337.950 423338.100 423338.050 423326.950 423322.600 423321.630 423319.950 423319.250 423318.920 423318.260 423317.763 423315.471 564955.705 564982.050 564982.450 564982.900 564983.250 564983.550 564983.950 564984.200 564984.400 564984.600 564984.700 564984.700 564984.600 564984.500 564984.400 564984.400 564979.700 564979.600 564979.400 564979.000 564978.750 564978.600 564978.450 564978.150 564977.100 564976.480 564980.160 564981.600 564981.700 564981.800 564972.650 564968.840 564961.440 564955.705 564955.705
35 423315.471 423317.800 423317.850 423317.950 423318.000 423318.150 423318.450 423318.650 423318.850 423319.350 423319.750 423320.100 423320.400 423320.650 423321.050 423321.500 423335.850 423336.400 423336.850 423337.450 423337.650 423337.750 423337.850 423337.950 423338.100 423338.050 423326.950 423322.600 423321.630 423319.950 423319.250 423318.920 423318.260 423317.763 423315.471 564955.705 564982.050 564982.450 564982.900 564983.250 564983.550 564983.950 564984.200 564984.400 564984.600 564984.700 564984.700 564984.600 564984.500 564984.400 564984.400 564979.700 564979.600 564979.400 564979.000 564978.750 564978.600 564978.450 564978.150 564977.100 564976.480 564980.160 564981.600 564981.700 564981.800 564972.650 564968.840 564961.440 564955.705 564955.705
35 423315.471 423317.800 423317.850 423317.950 423318.000 423318.150 423318.450 423318.650 423318.850 423319.350 423319.750 423320.100 423320.400 423320.650 423321.050 423321.500 423335.850 423336.400 423336.850 423337.450 423337.650 423337.750 423337.850 423337.950 423338.100 423338.050 423326.950 423322.600 423321.630 423319.950 423319.250 423318.920 423318.260 423317.763 423315.471 564955.705 564982.050 564982.450 564982.900 564983.250 564983.550 564983.950 564984.200 564984.400 564984.600 564984.700 564984.700 564984.600 564984.500 564984.400 564984.400 564979.700 564979.600 564979.400 564979.000 564978.750 564978.600 564978.450 564978.150 564977.100 564976.480 564980.160 564981.600 564981.700 564981.800 564972.650 564968.840 564961.440 564955.705 564955.705
35 423315.471 423317.800 423317.850 423317.950 423318.000 423318.150 423318.450 423318.650 423318.850 423319.350 423319.750 423320.100 423320.400 423320.650 423321.050 423321.500 423335.850 423336.400 423336.850 423337.450 423337.650 423337.750 423337.850 423337.950 423338.100 423338.050 423326.950 423322.600 423321.630 423319.950 423319.250 423318.920 423318.260 423317.763 423315.471 564955.705 564982.050 564982.450 564982.900 564983.250 564983.550 564983.950 564984.200 564984.400 564984.600 564984.700 564984.700 564984.600 564984.500 564984.400 564984.400 564979.700 564979.600 564979.400 564979.000 564978.750 564978.600 564978.450 564978.150 564977.100 564976.480 564980.160 564981.600 564981.700 564981.800 564972.650 564968.840 564961.440 564955.705 564955.705
37 423311.750 423310.700 423308.150 423307.625 423305.218 423305.810 423306.450 423307.040 423307.520 423307.900 423306.550 423306.600 423296.940 423295.030 423290.560 423289.650 423289.650 423289.750 423289.900 423290.200 423290.500 423290.700 423291.150 423291.600 423298.785 423299.300 423303.850 423309.450 423309.550 423310.250 423310.850 423311.400 423311.750 423312.000 423312.150 423312.150 423311.750 564976.700 564964.700 564961.600 564955.705 564955.705 564962.300 564969.500 564976.200 564981.640 564986.000 564986.100 564986.700 564989.820 564990.480 564992.030 564992.350 564992.650 564992.900 564993.150 564993.400 564993.600 564993.700 564993.750 564993.700 564991.321 564991.150 564989.700 564987.550 564987.500 564986.950 564986.400 564985.650 564984.850 564984.050 564983.200 564982.350 564976.700
37 423311.750 423310.700 423308.150 423307.625 423305.218 423305.810 423306.450 423307.040 423307.520 423307.900 423306.550 423306.600 423296.940 423295.030 423290.560 423289.650 423289.650 423289.750 423289.900 423290.200 423290.500 423290.700 423291.150 423291.600 423298.785 423299.300 423303.850 423309.450 423309.550 423310.250 423310.850 423311.400 423311.750 423312.000 423312.150 423312.150 423311.750 564976.700 564964.700 564961.600 564955.705 564955.705 564962.300 564969.500 564976.200 564981.640 564986.000 564986.100 564986.700 564989.820 564990.480 564992.030 564992.350 564992.650 564992.900 564993.150 564993.400 564993.600 564993.700 564993.750 564993.700 564991.321 564991.150 564989.700 564987.550 564987.500 564986.950 564986.400 564985.650 564984.850 564984.050 564983.200 564982.350 564976.700
37 423311.750 423310.700 423308.150 423307.625 423305.218 423305.810 423306.450 423307.040 423307.520 423307.900 423306.550 423306.600 423296.940 423295.030 423290.560 423289.650 423289.650 423289.750 423289.900 423290.200 423290.500 423290.700 423291.150 423291.600 423298.785 423299.300 423303.850 423309.450 423309.550 423310.250 423310.850 423311.400 423311.750 423312.000 423312.150 423312.150 423311.750 564976.700 564964.700 564961.600 564955.705 564955.705 564962.300 564969.500 564976.200 564981.640 564986.000 564986.100 564986.700 564989.820 564990.480 564992.030 564992.350 564992.650 564992.900 564993.150 564993.400 564993.600 564993.700 564993.750 564993.700 564991.321 564991.150 564989.700 564987.550 564987.500 564986.950 564986.400 564985.650 564984.850 564984.050 564983.200 564982.350 564976.700
13 423281.852 423283.300 423283.800 423284.300 423284.700 423285.000 423285.250 423285.350 423285.330 423285.317 423284.150 423281.852 423281.852 564996.737 564996.300 564996.150 564995.850 564995.450 564995.000 564994.500 564993.900 564993.580 564993.439 564993.830 564994.600 564996.737
13 423281.852 423283.300 423283.800 423284.300 423284.700 423285.000 423285.250 423285.350 423285.330 423285.317 423284.150 423281.852 423281.852 564996.737 564996.300 564996.150 564995.850 564995.450 564995.000 564994.500 564993.900 564993.580 564993.439 564993.830 564994.600 564996.737
13 423281.852 423283.300 423283.800 423284.300 423284.700 423285.000 423285.250 423285.350 423285.330 423285.317 423284.150 423281.852 423281.852 564996.737 564996.300 564996.150 564995.850 564995.450 564995.000 564994.500 564993.900 564993.580 564993.439 564993.830 564994.600 564996.737
6 423308.700 423307.750 423308.350 423310.450 423310.000 423308.700 564963.000 564963.050 564969.750 564969.550 564964.500 564963.000
14 423307.556 423308.113 423308.335 423308.800 423309.146 423309.333 423309.362 423309.365 423309.274 423309.117 423308.906 423308.493 423308.027 423307.556 564992.116 564993.997 564993.930 564993.775 564993.540 564993.263 564992.933 564992.615 564992.403 564992.124 564991.939 564991.893 564991.974 564992.116
5 423308.113 423307.556 423305.032 423305.577 423308.113 564993.997 564992.116 564992.930 564994.767 564993.997
5 423308.113 423307.556 423305.032 423305.577 423308.113 564993.997 564992.116 564992.930 564994.767 564993.997
15 423305.577 423305.032 423304.930 423304.532 423304.134 423303.908 423303.760 423303.717 423303.794 423303.936 423304.134 423304.397 423304.768 423305.192 423305.577 564994.767 564992.930 564992.963 564993.065 564993.234 564993.391 564993.720 564994.024 564994.395 564994.741 564994.888 564995.022 564994.972 564994.883 564994.767
41 423281.852 423286.150 423302.450 423305.400 423308.600 423315.100 423315.900 423317.424 423318.150 423344.880 423361.450 423362.010 423368.800 423369.984 423369.746 423369.634 423369.429 423369.133 423369.065 423368.870 423368.569 423368.109 423367.740 423367.433 423366.710 423362.250 423346.780 423342.800 423339.960 423329.800 423321.530 423313.690 423310.500 423300.800 423298.700 423296.650 423294.100 423288.430 423282.100 423281.852 423281.852 565007.695 565006.350 565000.950 565000.000 564998.900 564996.800 564996.550 564996.042 564995.800 564987.070 564981.950 564981.780 564979.650 564979.284 564978.712 564978.526 564978.263 564978.006 564977.967 564977.898 564977.823 564977.774 564977.753 564977.766 564978.000 564979.450 564984.260 564985.500 564986.460 564989.900 564992.620 564995.200 564996.250 564999.250 565000.000 565000.750 565001.550 565003.350 565005.350 565005.428 565007.695
41 423281.852 423286.150 423302.450 423305.400 423308.600 423315.100 423315.900 423317.424 423318.150 423344.880 423361.450 423362.010 423368.800 423369.984 423369.746 423369.634 423369.429 423369.133 423369.065 423368.870 423368.569 423368.109 423367.740 423367.433 423366.710 423362.250 423346.780 423342.800 423339.960 423329.800 423321.530 423313.690 423310.500 423300.800 423298.700 423296.650 423294.100 423288.430 423282.100 423281.852 423281.852 565007.695 565006.350 565000.950 565000.000 564998.900 564996.800 564996.550 564996.042 564995.800 564987.070 564981.950 564981.780 564979.650 564979.284 564978.712 564978.526 564978.263 564978.006 564977.967 564977.898 564977.823 564977.774 564977.753 564977.766 564978.000 564979.450 564984.260 564985.500 564986.460 564989.900 564992.620 564995.200 564996.250 564999.250 565000.000 565000.750 565001.550 565003.350 565005.350 565005.428 565007.695
41 423281.852 423286.150 423302.450 423305.400 423308.600 423315.100 423315.900 423317.424 423318.150 423344.880 423361.450 423362.010 423368.800 423369.984 423369.746 423369.634 423369.429 423369.133 423369.065 423368.870 423368.569 423368.109 423367.740 423367.433 423366.710 423362.250 423346.780 423342.800 423339.960 423329.800 423321.530 423313.690 423310.500 423300.800 423298.700 423296.650 423294.100 423288.430 423282.100 423281.852 423281.852 565007.695 565006.350 565000.950 565000.000 564998.900 564996.800 564996.550 564996.042 564995.800 564987.070 564981.950 564981.780 564979.650 564979.284 564978.712 564978.526 564978.263 564978.006 564977.967 564977.898 564977.823 564977.774 564977.753 564977.766 564978.000 564979.450 564984.260 564985.500 564986.460 564989.900 564992.620 564995.200 564996.250 564999.250 565000.000 565000.750 565001.550 565003.350 565005.350 565005.428 565007.695
41 423281.852 423286.150 423302.450 423305.400 423308.600 423315.100 423315.900 423317.424 423318.150 423344.880 423361.450 423362.010 423368.800 423369.984 423369.746 423369.634 423369.429 423369.133 423369.065 423368.870 423368.569 423368.109 423367.740 423367.433 423366.710 423362.250 423346.780 423342.800 423339.960 423329.800 423321.530 423313.690 423310.500 423300.800 423298.700 423296.650 423294.100 423288.430 423282.100 423281.852 423281.852 565007.695 565006.350 565000.950 565000.000 564998.900 564996.800 564996.550 564996.042 564995.800 564987.070 564981.950 564981.780 564979.650 564979.284 564978.712 564978.526 564978.263 564978.006 564977.967 564977.898 564977.823 564977.774 564977.753 564977.766 564978.000 564979.450 564984.260 564985.500 564986.460 564989.900 564992.620 564995.200 564996.250 564999.250 565000.000 565000.750 565001.550 565003.350 565005.350 565005.428 565007.695
41 423281.852 423286.150 423302.450 423305.400 423308.600 423315.100 423315.900 423317.424 423318.150 423344.880 423361.450 423362.010 423368.800 423369.984 423369.746 423369.634 423369.429 423369.133 423369.065 423368.870 423368.569 423368.109 423367.740 423367.433 423366.710 423362.250 423346.780 423342.800 423339.960 423329.800 423321.530 423313.690 423310.500 423300.800 423298.700 423296.650 423294.100 423288.430 423282.100 423281.852 423281.852 565007.695 565006.350 565000.950 565000.000 564998.900 564996.800 564996.550 564996.042 564995.800 564987.070 564981.950 564981.780 564979.650 564979.284 564978.712 564978.526 564978.263 564978.006 564977.967 564977.898 564977.823 564977.774 564977.753 564977.766 564978.000 564979.450 564984.260 564985.500 564986.460 564989.900 564992.620 564995.200 564996.250 564999.250 565000.000 565000.750 565001.550 565003.350 565005.350 565005.428 565007.695
