11
14 423831.950 423833.900 423835.980 423837.660 423838.680 423839.640 423841.860 423843.270 423843.980 423845.490 423845.564 423816.186 423816.186 423831.950 564602.650 564602.630 564604.520 564605.340 564605.530 564605.580 564605.330 564604.560 564604.000 564602.410 564602.296 564602.296 564602.866 564602.650
46 423868.894 423868.919 423869.778 423869.830 423869.882 423869.933 423869.983 423870.032 423870.081 423870.128 423870.174 423870.219 423870.263 423870.345 423870.385 423870.423 423870.459 423870.494 423870.526 423870.557 423870.587 423870.614 423870.639 423870.663 423870.684 423870.703 423870.732 423870.700 423870.666 423870.628 423870.589 423870.546 423870.502 423870.455 423870.360 423870.307 423870.252 423870.196 423870.137 423870.078 423870.016 423869.954 423869.890 423869.824 423869.744 423868.894 564606.320 564608.030 564608.042 564608.030 564608.015 564607.999 564607.980 564607.960 564607.937 564607.912 564607.885 564607.857 564607.826 564607.761 564607.725 564607.687 564607.648 564607.608 564607.565 564607.522 564607.477 564607.431 564607.384 564607.336 564607.287 564607.237 564607.144 564607.082 564607.021 564606.961 564606.903 564606.847 564606.793 564606.741 564606.646 564606.600 564606.556 564606.514 564606.475 564606.439 564606.405 564606.373 564606.344 564606.318 564606.291 564606.320
5 423866.746 423866.770 423868.919 423868.894 423866.746 564606.337 564608.042 564608.030 564606.320 564606.337
43 423866.770 423866.746 423865.914 423865.829 423865.774 423865.720 423865.667 423865.615 423865.564 423865.514 423865.465 423865.418 423865.372 423865.327 423865.284 423865.215 423865.177 423865.140 423865.106 423865.073 423865.043 423865.015 423864.989 423864.965 423864.943 423864.999 423865.036 423865.076 423865.118 423865.162 423865.209 423865.257 423865.308 423865.362 423865.472 423865.530 423865.591 423865.653 423865.716 423865.781 423865.847 423865.914 423866.770 564608.042 564606.337 564606.357 564606.378 564606.396 564606.415 564606.437 564606.461 564606.487 564606.515 564606.545 564606.578 564606.612 564606.648 564606.686 564606.756 564606.799 564606.843 564606.889 564606.937 564606.985 564607.035 564607.086 564607.139 564607.192 564607.299 564607.360 564607.420 564607.478 564607.534 564607.588 564607.640 564607.690 564607.738 564607.825 564607.866 564607.904 564607.940 564607.973 564608.003 564608.031 564608.056 564608.042
15 423822.650 423824.663 423825.470 423825.895 423826.121 423826.276 423826.179 423826.021 423825.745 423825.418 423819.200 423816.186 423816.186 423820.800 423822.650 564631.950 564632.221 564631.827 564631.468 564631.014 564617.106 564616.767 564616.492 564616.270 564616.221 564616.300 564616.342 564630.815 564631.550 564631.950
84 423828.277 423828.150 423828.500 423828.750 423829.700 423837.350 423838.000 423838.400 423838.700 423840.150 423841.050 423842.050 423842.500 423842.950 423843.350 423843.450 423843.450 423843.550 423843.650 423843.700 423843.700 423843.600 423843.450 423843.300 423843.200 423843.100 423842.800 423842.100 423840.600 423839.800 423839.350 423839.000 423838.850 423838.750 423838.750 423838.700 423838.750 423838.850 423838.950 423839.250 423839.450 423840.250 423840.750 423841.100 423841.350 423841.550 423841.800 423842.050 423842.600 423843.050 423843.450 423843.850 423844.400 423844.800 423845.500 423846.700 423845.286 423845.589 423845.785 423846.091 423846.345 423846.398 423846.489 423846.679 423846.891 423846.900 423846.900 423846.950 423846.850 423846.800 423846.787 423846.636 423846.336 423845.702 423845.001 423844.080 423843.429 423840.850 423834.700 423828.952 423828.635 423828.434 423828.317 423828.277 564616.968 564622.050 564621.650 564621.400 564620.900 564618.100 564617.950 564617.850 564617.900 564618.200 564618.350 564618.600 564618.800 564619.200 564619.600 564619.850 564620.200 564620.850 564623.550 564626.700 564630.950 564634.150 564634.400 564634.700 564634.950 564635.050 564635.250 564635.650 564636.300 564636.600 564636.900 564637.200 564637.400 564637.750 564638.000 564638.300 564638.550 564638.800 564639.100 564639.450 564639.750 564640.550 564640.850 564641.000 564641.150 564641.250 564641.400 564641.500 564641.600 564641.650 564641.700 564641.700 564641.600 564641.400 564641.150 564640.450 564639.036 564638.733 564638.509 564638.011 564637.587 564637.483 564637.209 564636.543 564635.824 564634.759 564631.834 564628.805 564624.182 564619.580 564618.932 564618.359 564617.829 564617.071 564616.518 564615.978 564615.757 564615.800 564616.050 564616.163 564616.259 564616.439 564616.682 564616.968
58 423862.575 423862.400 423862.300 423862.200 423862.050 423862.050 423861.950 423862.000 423862.300 423862.500 423862.650 423863.250 423867.287 423867.896 423867.900 423871.850 423871.900 423873.120 423873.055 423875.029 423881.901 423887.605 423888.300 423893.550 423904.150 423905.241 423905.241 423901.100 423891.050 423881.000 423872.100 423866.300 423862.900 423861.550 423860.850 423860.150 423859.800 423859.150 423858.600 423858.000 423857.300 423856.800 423855.950 423855.200 423854.800 423854.550 423854.500 423854.450 423854.400 423854.400 423854.450 423854.500 423859.400 423859.450 423859.510 423859.650 423859.832 423862.575 564661.198 564650.300 564642.450 564631.400 564624.400 564619.950 564617.750 564617.150 564616.400 564616.000 564615.800 564615.600 564615.315 564615.272 564617.250 564617.300 564618.230 564618.230 564615.305 564615.240 564615.012 564614.823 564614.800 564614.750 564614.600 564614.651 564612.167 564612.200 564612.350 564612.450 564612.650 564612.600 564612.700 564613.050 564613.200 564613.400 564613.550 564613.900 564614.300 564614.700 564615.200 564615.650 564616.450 564617.400 564617.950 564618.400 564618.950 564619.600 564620.500 564622.400 564624.750 564628.250 564628.100 564639.250 564643.400 564652.100 564661.198 564661.198
58 423862.575 423862.400 423862.300 423862.200 423862.050 423862.050 423861.950 423862.000 423862.300 423862.500 423862.650 423863.250 423867.287 423867.896 423867.900 423871.850 423871.900 423873.120 423873.055 423875.029 423881.901 423887.605 423888.300 423893.550 423904.150 423905.241 423905.241 423901.100 423891.050 423881.000 423872.100 423866.300 423862.900 423861.550 423860.850 423860.150 423859.800 423859.150 423858.600 423858.000 423857.300 423856.800 423855.950 423855.200 423854.800 423854.550 423854.500 423854.450 423854.400 423854.400 423854.450 423854.500 423859.400 423859.450 423859.510 423859.650 423859.832 423862.575 564661.198 564650.300 564642.450 564631.400 564624.400 564619.950 564617.750 564617.150 564616.400 564616.000 564615.800 564615.600 564615.315 564615.272 564617.250 564617.300 564618.230 564618.230 564615.305 564615.240 564615.012 564614.823 564614.800 564614.750 564614.600 564614.651 564612.167 564612.200 564612.350 564612.450 564612.650 564612.600 564612.700 564613.050 564613.200 564613.400 564613.550 564613.900 564614.300 564614.700 564615.200 564615.650 564616.450 564617.400 564617.950 564618.400 564618.950 564619.600 564620.500 564622.400 564624.750 564628.250 564628.100 564639.250 564643.400 564652.100 564661.198 564661.198
193 423849.264 423849.250 423849.200 423849.200 423849.250 423849.050 423848.900 423848.700 423848.500 423848.300 423848.050 423847.500 423847.000 423846.400 423845.790 423845.640 423845.000 423844.000 423842.750 423841.900 423840.750 423839.900 423839.100 423838.750 423838.250 423837.850 423837.150 423836.100 423834.900 423834.400 423834.000 423833.650 423833.450 423833.200 423833.000 423832.900 423832.900 423832.850 423832.750 423832.700 423832.600 423832.450 423832.300 423831.900 423830.650 423830.050 423829.450 423829.050 423828.850 423828.550 423828.250 423828.050 423827.950 423827.950 423827.850 423827.800 423827.850 423827.900 423827.950 423828.050 423828.150 423828.277 423828.317 423828.434 423828.635 423828.952 423834.700 423840.850 423843.429 423844.080 423845.001 423845.702 423846.336 423846.636 423846.787 423846.800 423846.850 423846.950 423846.900 423846.900 423846.891 423846.679 423846.489 423846.398 423846.345 423846.091 423845.785 423845.589 423845.286 423846.700 423847.050 423847.400 423847.800 423848.100 423848.250 423848.400 423848.600 423848.850 423848.950 423848.900 423848.900 423848.950 423848.850 423848.800 423848.770 423848.600 423847.940 423847.180 423847.160 423846.320 423845.720 423845.080 423844.410 423844.110 423841.980 423827.100 423816.186 423816.186 423819.200 423825.418 423825.745 423826.021 423826.179 423826.276 423826.121 423825.895 423825.470 423824.663 423822.650 423820.800 423816.186 423816.186 423818.000 423820.300 423822.400 423823.500 423823.850 423824.250 423824.300 423824.250 423824.150 423823.900 423823.750 423823.700 423823.850 423824.200 423825.550 423827.250 423828.700 423829.850 423830.300 423830.500 423830.800 423830.850 423831.000 423831.150 423831.150 423831.250 423831.200 423831.050 423830.850 423830.850 423831.550 423831.950 423834.500 423835.190 423837.350 423838.550 423838.550 423838.950 423839.550 423840.050 423840.450 423841.800 423842.500 423843.150 423843.700 423844.600 423845.150 423845.650 423846.250 423846.500 423846.800 423847.000 423847.100 423847.150 423847.300 423847.400 423847.400 423847.500 423847.450 423847.475 423849.264 564661.198 564660.350 564656.200 564653.250 564652.600 564651.900 564651.200 564650.700 564650.300 564649.800 564649.550 564649.100 564648.650 564648.350 564648.020 564647.970 564647.750 564647.550 564647.250 564646.950 564646.750 564646.600 564646.450 564646.300 564646.100 564645.950 564645.600 564644.700 564643.550 564643.100 564642.700 564642.200 564641.900 564641.350 564640.750 564640.250 564639.550 564638.350 564637.000 564636.650 564636.300 564635.950 564635.800 564635.700 564635.600 564635.700 564635.750 564635.750 564635.700 564635.600 564635.350 564635.050 564634.700 564634.150 564632.650 564631.100 564628.400 564625.100 564623.650 564622.500 564622.050 564616.968 564616.682 564616.439 564616.259 564616.163 564616.050 564615.800 564615.757 564615.978 564616.518 564617.071 564617.829 564618.359 564618.932 564619.580 564624.182 564628.805 564631.834 564634.759 564635.824 564636.543 564637.209 564637.483 564637.587 564638.011 564638.509 564638.733 564639.036 564640.450 564640.100 564639.700 564639.050 564638.550 564638.250 564637.800 564637.100 564636.250 564635.550 564634.700 564631.850 564628.800 564624.150 564619.550 564617.990 564617.620 564616.630 564615.720 564615.700 564614.900 564614.410 564613.970 564613.580 564613.450 564613.480 564613.700 564613.797 564616.342 564616.300 564616.221 564616.270 564616.492 564616.767 564617.106 564631.014 564631.468 564631.827 564632.221 564631.950 564631.550 564630.815 564632.257 564632.600 564633.100 564633.600 564633.850 564634.050 564634.550 564634.850 564635.150 564635.400 564635.700 564635.950 564636.150 564636.500 564636.650 564636.900 564637.200 564637.450 564637.550 564637.800 564638.050 564638.650 564638.950 564639.500 564640.300 564640.900 564641.550 564641.700 564641.950 564642.450 564643.600 564643.550 564643.400 564645.950 564646.560 564648.500 564649.600 564650.750 564650.750 564650.650 564650.450 564650.350 564650.050 564649.900 564649.750 564649.550 564649.550 564649.500 564649.700 564650.000 564650.350 564650.700 564651.050 564651.400 564651.750 564652.250 564652.900 564653.850 564658.450 564660.750 564661.198 564661.198
193 423849.264 423849.250 423849.200 423849.200 423849.250 423849.050 423848.900 423848.700 423848.500 423848.300 423848.050 423847.500 423847.000 423846.400 423845.790 423845.640 423845.000 423844.000 423842.750 423841.900 423840.750 423839.900 423839.100 423838.750 423838.250 423837.850 423837.150 423836.100 423834.900 423834.400 423834.000 423833.650 423833.450 423833.200 423833.000 423832.900 423832.900 423832.850 423832.750 423832.700 423832.600 423832.450 423832.300 423831.900 423830.650 423830.050 423829.450 423829.050 423828.850 423828.550 423828.250 423828.050 423827.950 423827.950 423827.850 423827.800 423827.850 423827.900 423827.950 423828.050 423828.150 423828.277 423828.317 423828.434 423828.635 423828.952 423834.700 423840.850 423843.429 423844.080 423845.001 423845.702 423846.336 423846.636 423846.787 423846.800 423846.850 423846.950 423846.900 423846.900 423846.891 423846.679 423846.489 423846.398 423846.345 423846.091 423845.785 423845.589 423845.286 423846.700 423847.050 423847.400 423847.800 423848.100 423848.250 423848.400 423848.600 423848.850 423848.950 423848.900 423848.900 423848.950 423848.850 423848.800 423848.770 423848.600 423847.940 423847.180 423847.160 423846.320 423845.720 423845.080 423844.410 423844.110 423841.980 423827.100 423816.186 423816.186 423819.200 423825.418 423825.745 423826.021 423826.179 423826.276 423826.121 423825.895 423825.470 423824.663 423822.650 423820.800 423816.186 423816.186 423818.000 423820.300 423822.400 423823.500 423823.850 423824.250 423824.300 423824.250 423824.150 423823.900 423823.750 423823.700 423823.850 423824.200 423825.550 423827.250 423828.700 423829.850 423830.300 423830.500 423830.800 423830.850 423831.000 423831.150 423831.150 423831.250 423831.200 423831.050 423830.850 423830.850 423831.550 423831.950 423834.500 423835.190 423837.350 423838.550 423838.550 423838.950 423839.550 423840.050 423840.450 423841.800 423842.500 423843.150 423843.700 423844.600 423845.150 423845.650 423846.250 423846.500 423846.800 423847.000 423847.100 423847.150 423847.300 423847.400 423847.400 423847.500 423847.450 423847.475 423849.264 564661.198 564660.350 564656.200 564653.250 564652.600 564651.900 564651.200 564650.700 564650.300 564649.800 564649.550 564649.100 564648.650 564648.350 564648.020 564647.970 564647.750 564647.550 564647.250 564646.950 564646.750 564646.600 564646.450 564646.300 564646.100 564645.950 564645.600 564644.700 564643.550 564643.100 564642.700 564642.200 564641.900 564641.350 564640.750 564640.250 564639.550 564638.350 564637.000 564636.650 564636.300 564635.950 564635.800 564635.700 564635.600 564635.700 564635.750 564635.750 564635.700 564635.600 564635.350 564635.050 564634.700 564634.150 564632.650 564631.100 564628.400 564625.100 564623.650 564622.500 564622.050 564616.968 564616.682 564616.439 564616.259 564616.163 564616.050 564615.800 564615.757 564615.978 564616.518 564617.071 564617.829 564618.359 564618.932 564619.580 564624.182 564628.805 564631.834 564634.759 564635.824 564636.543 564637.209 564637.483 564637.587 564638.011 564638.509 564638.733 564639.036 564640.450 564640.100 564639.700 564639.050 564638.550 564638.250 564637.800 564637.100 564636.250 564635.550 564634.700 564631.850 564628.800 564624.150 564619.550 564617.990 564617.620 564616.630 564615.720 564615.700 564614.900 564614.410 564613.970 564613.580 564613.450 564613.480 564613.700 564613.797 564616.342 564616.300 564616.221 564616.270 564616.492 564616.767 564617.106 564631.014 564631.468 564631.827 564632.221 564631.950 564631.550 564630.815 564632.257 564632.600 564633.100 564633.600 564633.850 564634.050 564634.550 564634.850 564635.150 564635.400 564635.700 564635.950 564636.150 564636.500 564636.650 564636.900 564637.200 564637.450 564637.550 564637.800 564638.050 564638.650 564638.950 564639.500 564640.300 564640.900 564641.550 564641.700 564641.950 564642.450 564643.600 564643.550 564643.400 564645.950 564646.560 564648.500 564649.600 564650.750 564650.750 564650.650 564650.450 564650.350 564650.050 564649.900 564649.750 564649.550 564649.550 564649.500 564649.700 564650.000 564650.350 564650.700 564651.050 564651.400 564651.750 564652.250 564652.900 564653.850 564658.450 564660.750 564661.198 564661.198
193 423849.264 423849.250 423849.200 423849.200 423849.250 423849.050 423848.900 423848.700 423848.500 423848.300 423848.050 423847.500 423847.000 423846.400 423845.790 423845.640 423845.000 423844.000 423842.750 423841.900 423840.750 423839.900 423839.100 423838.750 423838.250 423837.850 423837.150 423836.100 423834.900 423834.400 423834.000 423833.650 423833.450 423833.200 423833.000 423832.900 423832.900 423832.850 423832.750 423832.700 423832.600 423832.450 423832.300 423831.900 423830.650 423830.050 423829.450 423829.050 423828.850 423828.550 423828.250 423828.050 423827.950 423827.950 423827.850 423827.800 423827.850 423827.900 423827.950 423828.050 423828.150 423828.277 423828.317 423828.434 423828.635 423828.952 423834.700 423840.850 423843.429 423844.080 423845.001 423845.702 423846.336 423846.636 423846.787 423846.800 423846.850 423846.950 423846.900 423846.900 423846.891 423846.679 423846.489 423846.398 423846.345 423846.091 423845.785 423845.589 423845.286 423846.700 423847.050 423847.400 423847.800 423848.100 423848.250 423848.400 423848.600 423848.850 423848.950 423848.900 423848.900 423848.950 423848.850 423848.800 423848.770 423848.600 423847.940 423847.180 423847.160 423846.320 423845.720 423845.080 423844.410 423844.110 423841.980 423827.100 423816.186 423816.186 423819.200 423825.418 423825.745 423826.021 423826.179 423826.276 423826.121 423825.895 423825.470 423824.663 423822.650 423820.800 423816.186 423816.186 423818.000 423820.300 423822.400 423823.500 423823.850 423824.250 423824.300 423824.250 423824.150 423823.900 423823.750 423823.700 423823.850 423824.200 423825.550 423827.250 423828.700 423829.850 423830.300 423830.500 423830.800 423830.850 423831.000 423831.150 423831.150 423831.250 423831.200 423831.050 423830.850 423830.850 423831.550 423831.950 423834.500 423835.190 423837.350 423838.550 423838.550 423838.950 423839.550 423840.050 423840.450 423841.800 423842.500 423843.150 423843.700 423844.600 423845.150 423845.650 423846.250 423846.500 423846.800 423847.000 423847.100 423847.150 423847.300 423847.400 423847.400 423847.500 423847.450 423847.475 423849.264 564661.198 564660.350 564656.200 564653.250 564652.600 564651.900 564651.200 564650.700 564650.300 564649.800 564649.550 564649.100 564648.650 564648.350 564648.020 564647.970 564647.750 564647.550 564647.250 564646.950 564646.750 564646.600 564646.450 564646.300 564646.100 564645.950 564645.600 564644.700 564643.550 564643.100 564642.700 564642.200 564641.900 564641.350 564640.750 564640.250 564639.550 564638.350 564637.000 564636.650 564636.300 564635.950 564635.800 564635.700 564635.600 564635.700 564635.750 564635.750 564635.700 564635.600 564635.350 564635.050 564634.700 564634.150 564632.650 564631.100 564628.400 564625.100 564623.650 564622.500 564622.050 564616.968 564616.682 564616.439 564616.259 564616.163 564616.050 564615.800 564615.757 564615.978 564616.518 564617.071 564617.829 564618.359 564618.932 564619.580 564624.182 564628.805 564631.834 564634.759 564635.824 564636.543 564637.209 564637.483 564637.587 564638.011 564638.509 564638.733 564639.036 564640.450 564640.100 564639.700 564639.050 564638.550 564638.250 564637.800 564637.100 564636.250 564635.550 564634.700 564631.850 564628.800 564624.150 564619.550 564617.990 564617.620 564616.630 564615.720 564615.700 564614.900 564614.410 564613.970 564613.580 564613.450 564613.480 564613.700 564613.797 564616.342 564616.300 564616.221 564616.270 564616.492 564616.767 564617.106 564631.014 564631.468 564631.827 564632.221 564631.950 564631.550 564630.815 564632.257 564632.600 564633.100 564633.600 564633.850 564634.050 564634.550 564634.850 564635.150 564635.400 564635.700 564635.950 564636.150 564636.500 564636.650 564636.900 564637.200 564637.450 564637.550 564637.800 564638.050 564638.650 564638.950 564639.500 564640.300 564640.900 564641.550 564641.700 564641.950 564642.450 564643.600 564643.550 564643.400 564645.950 564646.560 564648.500 564649.600 564650.750 564650.750 564650.650 564650.450 564650.350 564650.050 564649.900 564649.750 564649.550 564649.550 564649.500 564649.700 564650.000 564650.350 564650.700 564651.050 564651.400 564651.750 564652.250 564652.900 564653.850 564658.450 564660.750 564661.198 564661.198
