22
71 423916.002 423916.200 423916.600 423916.750 423916.800 423916.900 423916.950 423917.050 423917.150 423917.200 423917.300 423917.450 423917.650 423917.900 423918.400 423918.600 423918.750 423918.950 423919.100 423919.500 423919.650 423919.850 423920.000 423920.800 423921.050 423924.500 423924.650 423925.050 423925.250 423925.450 423925.850 423926.000 423926.100 423926.250 423926.350 423926.450 423926.550 423926.700 423927.300 423927.800 423932.400 423942.950 423951.350 423963.900 423967.737 423968.590 423968.721 423969.787 423970.363 423971.087 423971.696 423972.026 423972.595 423974.018 423977.041 423977.845 423980.832 423981.609 423988.560 423991.799 423993.161 423994.297 423994.297 423993.010 423988.540 423982.490 423973.150 423922.760 423918.760 423918.630 423916.002 564504.148 564506.100 564508.300 564509.000 564509.150 564509.350 564509.500 564509.700 564509.850 564510.000 564510.200 564510.350 564510.650 564510.900 564511.400 564511.500 564511.650 564511.750 564511.850 564512.050 564512.100 564512.200 564512.300 564512.500 564512.550 564512.250 564512.200 564512.100 564512.000 564511.950 564511.750 564511.700 564511.600 564511.550 564511.450 564511.400 564511.300 564511.200 564510.450 564509.800 564509.350 564508.300 564507.500 564506.450 564506.032 564506.768 564506.881 564507.590 564507.944 564508.156 564508.163 564508.188 564508.231 564508.159 564507.816 564507.681 564507.182 564507.052 564505.906 564505.476 564505.288 564505.131 564500.663 564500.770 564501.420 564502.320 564503.700 564508.230 564505.080 564504.017 564504.148
71 423916.002 423916.200 423916.600 423916.750 423916.800 423916.900 423916.950 423917.050 423917.150 423917.200 423917.300 423917.450 423917.650 423917.900 423918.400 423918.600 423918.750 423918.950 423919.100 423919.500 423919.650 423919.850 423920.000 423920.800 423921.050 423924.500 423924.650 423925.050 423925.250 423925.450 423925.850 423926.000 423926.100 423926.250 423926.350 423926.450 423926.550 423926.700 423927.300 423927.800 423932.400 423942.950 423951.350 423963.900 423967.737 423968.590 423968.721 423969.787 423970.363 423971.087 423971.696 423972.026 423972.595 423974.018 423977.041 423977.845 423980.832 423981.609 423988.560 423991.799 423993.161 423994.297 423994.297 423993.010 423988.540 423982.490 423973.150 423922.760 423918.760 423918.630 423916.002 564504.148 564506.100 564508.300 564509.000 564509.150 564509.350 564509.500 564509.700 564509.850 564510.000 564510.200 564510.350 564510.650 564510.900 564511.400 564511.500 564511.650 564511.750 564511.850 564512.050 564512.100 564512.200 564512.300 564512.500 564512.550 564512.250 564512.200 564512.100 564512.000 564511.950 564511.750 564511.700 564511.600 564511.550 564511.450 564511.400 564511.300 564511.200 564510.450 564509.800 564509.350 564508.300 564507.500 564506.450 564506.032 564506.768 564506.881 564507.590 564507.944 564508.156 564508.163 564508.188 564508.231 564508.159 564507.816 564507.681 564507.182 564507.052 564505.906 564505.476 564505.288 564505.131 564500.663 564500.770 564501.420 564502.320 564503.700 564508.230 564505.080 564504.017 564504.148
9 423905.241 423908.420 423908.400 423908.200 423908.050 423907.900 423906.781 423905.241 423905.241 564509.747 564509.650 564509.450 564508.650 564508.200 564507.700 564504.605 564504.682 564509.747
8 423905.241 423908.680 423908.600 423908.500 423908.450 423908.420 423905.241 423905.241 564511.681 564511.650 564510.900 564510.400 564509.900 564509.650 564509.747 564511.681
36 423908.680 423905.241 423905.241 423905.600 423905.750 423905.950 423906.100 423906.250 423906.650 423907.100 423907.500 423907.650 423908.000 423908.150 423908.300 423908.450 423908.550 423908.700 423909.000 423909.050 423909.100 423909.150 423909.250 423909.300 423909.350 423909.350 423909.400 423909.400 423909.450 423909.450 423909.400 423909.400 423909.250 423909.100 423908.730 423908.680 564511.650 564511.681 564524.590 564524.500 564524.400 564524.350 564524.300 564524.200 564524.000 564523.700 564523.300 564523.200 564522.850 564522.650 564522.500 564522.300 564522.150 564521.950 564521.350 564521.200 564521.000 564520.850 564520.450 564520.300 564520.100 564519.900 564519.700 564519.550 564519.300 564518.300 564518.050 564517.800 564517.050 564515.800 564512.140 564511.650
12 423978.500 423979.850 423982.397 423982.650 423984.950 423987.550 423988.850 423990.750 423987.050 423981.950 423980.200 423978.500 564535.900 564538.550 564543.395 564543.395 564540.400 564536.800 564535.200 564532.700 564531.050 564528.550 564532.400 564535.900
62 423985.465 423986.350 423989.800 423992.350 423993.900 423993.700 423993.500 423981.800 423983.550 423984.550 423985.050 423985.350 423985.450 423985.650 423985.900 423986.250 423986.500 423986.800 423987.100 423987.950 423993.040 423993.550 423994.297 423994.297 423994.000 423991.150 423990.910 423990.610 423990.250 423989.840 423989.400 423988.940 423988.440 423987.930 423987.440 423987.040 423986.990 423986.570 423986.200 423985.900 423985.180 423983.320 423980.603 423975.319 423975.950 423976.037 423977.386 423977.150 423977.850 423981.014 423982.397 423979.850 423978.500 423980.200 423981.950 423987.050 423990.750 423988.850 423987.550 423984.950 423982.650 423985.465 564543.395 564542.250 564537.550 564534.050 564532.250 564532.000 564531.300 564526.100 564521.880 564519.300 564518.150 564517.600 564517.150 564516.950 564516.600 564516.200 564515.950 564515.850 564515.650 564515.500 564514.860 564514.800 564514.719 564512.873 564512.900 564513.210 564512.760 564512.350 564511.990 564511.670 564511.400 564511.220 564511.150 564511.160 564511.250 564511.400 564511.420 564511.680 564511.990 564512.370 564514.160 564518.780 564525.629 564541.320 564541.650 564543.395 564543.395 564539.100 564537.350 564543.395 564543.395 564538.550 564535.900 564532.400 564528.550 564531.050 564532.700 564535.200 564536.800 564540.400 564543.395 564543.395
44 423966.682 423968.100 423973.050 423977.600 423978.150 423978.800 423979.050 423979.000 423978.590 423978.100 423977.550 423977.010 423976.440 423975.840 423972.050 423971.320 423970.680 423970.240 423969.850 423969.510 423955.150 423944.950 423940.200 423939.250 423938.850 423938.550 423938.400 423938.200 423938.100 423938.050 423937.950 423942.750 423947.550 423951.950 423956.500 423961.300 423975.050 423976.500 423970.850 423969.800 423964.400 423965.430 423965.284 423966.682 564543.395 564540.300 564529.350 564519.350 564518.250 564516.150 564514.500 564514.350 564513.830 564513.380 564513.000 564512.750 564512.590 564512.530 564512.870 564513.050 564513.450 564513.860 564514.320 564514.800 564515.950 564516.950 564517.250 564517.350 564517.450 564517.650 564517.850 564518.150 564518.500 564518.900 564519.680 564519.260 564518.850 564518.460 564518.070 564517.650 564516.450 564518.200 564531.000 564530.550 564542.650 564543.070 564543.395 564543.395
62 423985.465 423986.350 423989.800 423992.350 423993.900 423993.700 423993.500 423981.800 423983.550 423984.550 423985.050 423985.350 423985.450 423985.650 423985.900 423986.250 423986.500 423986.800 423987.100 423987.950 423993.040 423993.550 423994.297 423994.297 423994.000 423991.150 423990.910 423990.610 423990.250 423989.840 423989.400 423988.940 423988.440 423987.930 423987.440 423987.040 423986.990 423986.570 423986.200 423985.900 423985.180 423983.320 423980.603 423975.319 423975.950 423976.037 423977.386 423977.150 423977.850 423981.014 423982.397 423979.850 423978.500 423980.200 423981.950 423987.050 423990.750 423988.850 423987.550 423984.950 423982.650 423985.465 564543.395 564542.250 564537.550 564534.050 564532.250 564532.000 564531.300 564526.100 564521.880 564519.300 564518.150 564517.600 564517.150 564516.950 564516.600 564516.200 564515.950 564515.850 564515.650 564515.500 564514.860 564514.800 564514.719 564512.873 564512.900 564513.210 564512.760 564512.350 564511.990 564511.670 564511.400 564511.220 564511.150 564511.160 564511.250 564511.400 564511.420 564511.680 564511.990 564512.370 564514.160 564518.780 564525.629 564541.320 564541.650 564543.395 564543.395 564539.100 564537.350 564543.395 564543.395 564538.550 564535.900 564532.400 564528.550 564531.050 564532.700 564535.200 564536.800 564540.400 564543.395 564543.395
44 423966.682 423968.100 423973.050 423977.600 423978.150 423978.800 423979.050 423979.000 423978.590 423978.100 423977.550 423977.010 423976.440 423975.840 423972.050 423971.320 423970.680 423970.240 423969.850 423969.510 423955.150 423944.950 423940.200 423939.250 423938.850 423938.550 423938.400 423938.200 423938.100 423938.050 423937.950 423942.750 423947.550 423951.950 423956.500 423961.300 423975.050 423976.500 423970.850 423969.800 423964.400 423965.430 423965.284 423966.682 564543.395 564540.300 564529.350 564519.350 564518.250 564516.150 564514.500 564514.350 564513.830 564513.380 564513.000 564512.750 564512.590 564512.530 564512.870 564513.050 564513.450 564513.860 564514.320 564514.800 564515.950 564516.950 564517.250 564517.350 564517.450 564517.650 564517.850 564518.150 564518.500 564518.900 564519.680 564519.260 564518.850 564518.460 564518.070 564517.650 564516.450 564518.200 564531.000 564530.550 564542.650 564543.070 564543.395 564543.395
62 423985.465 423986.350 423989.800 423992.350 423993.900 423993.700 423993.500 423981.800 423983.550 423984.550 423985.050 423985.350 423985.450 423985.650 423985.900 423986.250 423986.500 423986.800 423987.100 423987.950 423993.040 423993.550 423994.297 423994.297 423994.000 423991.150 423990.910 423990.610 423990.250 423989.840 423989.400 423988.940 423988.440 423987.930 423987.440 423987.040 423986.990 423986.570 423986.200 423985.900 423985.180 423983.320 423980.603 423975.319 423975.950 423976.037 423977.386 423977.150 423977.850 423981.014 423982.397 423979.850 423978.500 423980.200 423981.950 423987.050 423990.750 423988.850 423987.550 423984.950 423982.650 423985.465 564543.395 564542.250 564537.550 564534.050 564532.250 564532.000 564531.300 564526.100 564521.880 564519.300 564518.150 564517.600 564517.150 564516.950 564516.600 564516.200 564515.950 564515.850 564515.650 564515.500 564514.860 564514.800 564514.719 564512.873 564512.900 564513.210 564512.760 564512.350 564511.990 564511.670 564511.400 564511.220 564511.150 564511.160 564511.250 564511.400 564511.420 564511.680 564511.990 564512.370 564514.160 564518.780 564525.629 564541.320 564541.650 564543.395 564543.395 564539.100 564537.350 564543.395 564543.395 564538.550 564535.900 564532.400 564528.550 564531.050 564532.700 564535.200 564536.800 564540.400 564543.395 564543.395
44 423966.682 423968.100 423973.050 423977.600 423978.150 423978.800 423979.050 423979.000 423978.590 423978.100 423977.550 423977.010 423976.440 423975.840 423972.050 423971.320 423970.680 423970.240 423969.850 423969.510 423955.150 423944.950 423940.200 423939.250 423938.850 423938.550 423938.400 423938.200 423938.100 423938.050 423937.950 423942.750 423947.550 423951.950 423956.500 423961.300 423975.050 423976.500 423970.850 423969.800 423964.400 423965.430 423965.284 423966.682 564543.395 564540.300 564529.350 564519.350 564518.250 564516.150 564514.500 564514.350 564513.830 564513.380 564513.000 564512.750 564512.590 564512.530 564512.870 564513.050 564513.450 564513.860 564514.320 564514.800 564515.950 564516.950 564517.250 564517.350 564517.450 564517.650 564517.850 564518.150 564518.500 564518.900 564519.680 564519.260 564518.850 564518.460 564518.070 564517.650 564516.450 564518.200 564531.000 564530.550 564542.650 564543.070 564543.395 564543.395
5 423977.850 423977.150 423977.386 423981.014 423977.850 564537.350 564539.100 564543.395 564543.395 564537.350
5 423977.850 423977.150 423977.386 423981.014 423977.850 564537.350 564539.100 564543.395 564543.395 564537.350
5 423975.950 423975.319 423974.620 423976.037 423975.950 564541.650 564541.320 564543.395 564543.395 564541.650
5 423975.950 423975.319 423974.620 423976.037 423975.950 564541.650 564541.320 564543.395 564543.395 564541.650
39 423906.200 423905.950 423905.241 423905.241 423912.318 423911.450 423911.300 423911.100 423911.100 423911.050 423911.050 423911.000 423911.000 423910.950 423910.900 423910.850 423910.800 423910.700 423910.650 423910.550 423910.450 423910.400 423909.900 423909.850 423909.650 423909.500 423909.300 423909.150 423908.550 423908.300 423908.150 423908.000 423907.800 423907.650 423907.250 423907.100 423906.700 423906.450 423906.200 564528.850 564528.800 564528.800 564543.395 564543.395 564535.750 564534.400 564533.500 564532.950 564532.800 564532.650 564532.550 564532.400 564532.250 564532.150 564531.950 564531.850 564531.700 564531.600 564531.500 564531.350 564531.250 564530.750 564530.650 564530.500 564530.300 564530.150 564530.000 564529.550 564529.450 564529.350 564529.300 564529.200 564529.150 564529.050 564529.000 564528.900 564528.850 564528.850
39 423906.200 423905.950 423905.241 423905.241 423912.318 423911.450 423911.300 423911.100 423911.100 423911.050 423911.050 423911.000 423911.000 423910.950 423910.900 423910.850 423910.800 423910.700 423910.650 423910.550 423910.450 423910.400 423909.900 423909.850 423909.650 423909.500 423909.300 423909.150 423908.550 423908.300 423908.150 423908.000 423907.800 423907.650 423907.250 423907.100 423906.700 423906.450 423906.200 564528.850 564528.800 564528.800 564543.395 564543.395 564535.750 564534.400 564533.500 564532.950 564532.800 564532.650 564532.550 564532.400 564532.250 564532.150 564531.950 564531.850 564531.700 564531.600 564531.500 564531.350 564531.250 564530.750 564530.650 564530.500 564530.300 564530.150 564530.000 564529.550 564529.450 564529.350 564529.300 564529.200 564529.150 564529.050 564529.000 564528.900 564528.850 564528.850
45 423922.983 423922.450 423922.000 423921.550 423921.150 423920.750 423920.400 423920.200 423924.200 423924.360 423931.100 423934.500 423934.505 423936.103 423935.487 423935.192 423934.881 423934.833 423934.388 423933.785 423933.050 423932.650 423932.250 423928.420 423928.291 423928.033 423926.626 423925.875 423924.687 423923.271 423922.065 423920.935 423920.173 423919.295 423919.011 423918.529 423918.210 423918.200 423918.100 423918.150 423918.700 423919.170 423919.350 423921.133 423922.983 564543.395 564539.400 564536.200 564531.950 564528.250 564525.050 564522.550 564521.100 564520.800 564520.790 564520.200 564519.950 564519.982 564519.842 564518.768 564518.334 564518.085 564518.047 564517.909 564517.812 564517.800 564517.800 564517.800 564518.083 564518.004 564517.221 564517.049 564517.092 564517.158 564517.299 564517.469 564517.771 564518.077 564518.631 564518.929 564519.436 564519.956 564520.017 564520.750 564521.800 564525.750 564529.080 564530.350 564543.395 564543.395
45 423922.983 423922.450 423922.000 423921.550 423921.150 423920.750 423920.400 423920.200 423924.200 423924.360 423931.100 423934.500 423934.505 423936.103 423935.487 423935.192 423934.881 423934.833 423934.388 423933.785 423933.050 423932.650 423932.250 423928.420 423928.291 423928.033 423926.626 423925.875 423924.687 423923.271 423922.065 423920.935 423920.173 423919.295 423919.011 423918.529 423918.210 423918.200 423918.100 423918.150 423918.700 423919.170 423919.350 423921.133 423922.983 564543.395 564539.400 564536.200 564531.950 564528.250 564525.050 564522.550 564521.100 564520.800 564520.790 564520.200 564519.950 564519.982 564519.842 564518.768 564518.334 564518.085 564518.047 564517.909 564517.812 564517.800 564517.800 564517.800 564518.083 564518.004 564517.221 564517.049 564517.092 564517.158 564517.299 564517.469 564517.771 564518.077 564518.631 564518.929 564519.436 564519.956 564520.017 564520.750 564521.800 564525.750 564529.080 564530.350 564543.395 564543.395
45 423922.983 423922.450 423922.000 423921.550 423921.150 423920.750 423920.400 423920.200 423924.200 423924.360 423931.100 423934.500 423934.505 423936.103 423935.487 423935.192 423934.881 423934.833 423934.388 423933.785 423933.050 423932.650 423932.250 423928.420 423928.291 423928.033 423926.626 423925.875 423924.687 423923.271 423922.065 423920.935 423920.173 423919.295 423919.011 423918.529 423918.210 423918.200 423918.100 423918.150 423918.700 423919.170 423919.350 423921.133 423922.983 564543.395 564539.400 564536.200 564531.950 564528.250 564525.050 564522.550 564521.100 564520.800 564520.790 564520.200 564519.950 564519.982 564519.842 564518.768 564518.334 564518.085 564518.047 564517.909 564517.812 564517.800 564517.800 564517.800 564518.083 564518.004 564517.221 564517.049 564517.092 564517.158 564517.299 564517.469 564517.771 564518.077 564518.631 564518.929 564519.436 564519.956 564520.017 564520.750 564521.800 564525.750 564529.080 564530.350 564543.395 564543.395
45 423922.983 423922.450 423922.000 423921.550 423921.150 423920.750 423920.400 423920.200 423924.200 423924.360 423931.100 423934.500 423934.505 423936.103 423935.487 423935.192 423934.881 423934.833 423934.388 423933.785 423933.050 423932.650 423932.250 423928.420 423928.291 423928.033 423926.626 423925.875 423924.687 423923.271 423922.065 423920.935 423920.173 423919.295 423919.011 423918.529 423918.210 423918.200 423918.100 423918.150 423918.700 423919.170 423919.350 423921.133 423922.983 564543.395 564539.400 564536.200 564531.950 564528.250 564525.050 564522.550 564521.100 564520.800 564520.790 564520.200 564519.950 564519.982 564519.842 564518.768 564518.334 564518.085 564518.047 564517.909 564517.812 564517.800 564517.800 564517.800 564518.083 564518.004 564517.221 564517.049 564517.092 564517.158 564517.299 564517.469 564517.771 564518.077 564518.631 564518.929 564519.436 564519.956 564520.017 564520.750 564521.800 564525.750 564529.080 564530.350 564543.395 564543.395
