9
22 423759.750 423755.200 423752.500 423747.800 423742.950 423734.400 423729.050 423728.690 423727.800 423727.130 423727.130 423727.200 423734.550 423740.750 423744.000 423754.500 423758.100 423759.800 423760.850 423763.350 423765.350 423759.750 564896.804 564899.850 564901.500 564904.600 564907.700 564913.450 564916.900 564917.140 564917.750 564918.182 564921.997 564921.950 564917.100 564913.050 564910.900 564904.000 564901.600 564900.550 564899.850 564898.200 564896.804 564896.804
22 423759.750 423755.200 423752.500 423747.800 423742.950 423734.400 423729.050 423728.690 423727.800 423727.130 423727.130 423727.200 423734.550 423740.750 423744.000 423754.500 423758.100 423759.800 423760.850 423763.350 423765.350 423759.750 564896.804 564899.850 564901.500 564904.600 564907.700 564913.450 564916.900 564917.140 564917.750 564918.182 564921.997 564921.950 564917.100 564913.050 564910.900 564904.000 564901.600 564900.550 564899.850 564898.200 564896.804 564896.804
22 423759.750 423755.200 423752.500 423747.800 423742.950 423734.400 423729.050 423728.690 423727.800 423727.130 423727.130 423727.200 423734.550 423740.750 423744.000 423754.500 423758.100 423759.800 423760.850 423763.350 423765.350 423759.750 564896.804 564899.850 564901.500 564904.600 564907.700 564913.450 564916.900 564917.140 564917.750 564918.182 564921.997 564921.950 564917.100 564913.050 564910.900 564904.000 564901.600 564900.550 564899.850 564898.200 564896.804 564896.804
55 423789.279 423785.780 423762.670 423733.350 423732.150 423730.550 423728.250 423727.130 423727.130 423727.950 423728.400 423730.050 423731.450 423732.600 423733.650 423734.800 423736.800 423739.250 423742.000 423744.100 423745.850 423746.850 423749.200 423750.900 423751.500 423753.350 423753.970 423754.350 423755.050 423755.690 423756.400 423758.250 423758.476 423759.920 423761.100 423761.680 423762.250 423763.600 423765.850 423768.500 423771.550 423773.800 423775.600 423777.000 423778.950 423779.850 423780.950 423782.650 423784.500 423786.450 423788.250 423789.800 423791.800 423793.554 423789.279 564896.804 564899.250 564914.810 564933.350 564934.300 564935.150 564936.650 564937.402 564940.459 564939.900 564939.600 564938.550 564937.700 564936.900 564936.250 564935.450 564934.250 564932.500 564930.750 564929.350 564928.250 564927.550 564926.050 564924.900 564924.500 564923.150 564922.780 564922.550 564922.100 564921.700 564921.250 564920.050 564919.904 564918.970 564918.200 564917.770 564917.350 564916.550 564915.050 564913.350 564911.400 564909.800 564908.700 564907.700 564906.450 564905.800 564905.100 564904.000 564902.750 564901.350 564900.300 564899.300 564897.900 564896.804 564896.804
55 423789.279 423785.780 423762.670 423733.350 423732.150 423730.550 423728.250 423727.130 423727.130 423727.950 423728.400 423730.050 423731.450 423732.600 423733.650 423734.800 423736.800 423739.250 423742.000 423744.100 423745.850 423746.850 423749.200 423750.900 423751.500 423753.350 423753.970 423754.350 423755.050 423755.690 423756.400 423758.250 423758.476 423759.920 423761.100 423761.680 423762.250 423763.600 423765.850 423768.500 423771.550 423773.800 423775.600 423777.000 423778.950 423779.850 423780.950 423782.650 423784.500 423786.450 423788.250 423789.800 423791.800 423793.554 423789.279 564896.804 564899.250 564914.810 564933.350 564934.300 564935.150 564936.650 564937.402 564940.459 564939.900 564939.600 564938.550 564937.700 564936.900 564936.250 564935.450 564934.250 564932.500 564930.750 564929.350 564928.250 564927.550 564926.050 564924.900 564924.500 564923.150 564922.780 564922.550 564922.100 564921.700 564921.250 564920.050 564919.904 564918.970 564918.200 564917.770 564917.350 564916.550 564915.050 564913.350 564911.400 564909.800 564908.700 564907.700 564906.450 564905.800 564905.100 564904.000 564902.750 564901.350 564900.300 564899.300 564897.900 564896.804 564896.804
55 423789.279 423785.780 423762.670 423733.350 423732.150 423730.550 423728.250 423727.130 423727.130 423727.950 423728.400 423730.050 423731.450 423732.600 423733.650 423734.800 423736.800 423739.250 423742.000 423744.100 423745.850 423746.850 423749.200 423750.900 423751.500 423753.350 423753.970 423754.350 423755.050 423755.690 423756.400 423758.250 423758.476 423759.920 423761.100 423761.680 423762.250 423763.600 423765.850 423768.500 423771.550 423773.800 423775.600 423777.000 423778.950 423779.850 423780.950 423782.650 423784.500 423786.450 423788.250 423789.800 423791.800 423793.554 423789.279 564896.804 564899.250 564914.810 564933.350 564934.300 564935.150 564936.650 564937.402 564940.459 564939.900 564939.600 564938.550 564937.700 564936.900 564936.250 564935.450 564934.250 564932.500 564930.750 564929.350 564928.250 564927.550 564926.050 564924.900 564924.500 564923.150 564922.780 564922.550 564922.100 564921.700 564921.250 564920.050 564919.904 564918.970 564918.200 564917.770 564917.350 564916.550 564915.050 564913.350 564911.400 564909.800 564908.700 564907.700 564906.450 564905.800 564905.100 564904.000 564902.750 564901.350 564900.300 564899.300 564897.900 564896.804 564896.804
55 423789.279 423785.780 423762.670 423733.350 423732.150 423730.550 423728.250 423727.130 423727.130 423727.950 423728.400 423730.050 423731.450 423732.600 423733.650 423734.800 423736.800 423739.250 423742.000 423744.100 423745.850 423746.850 423749.200 423750.900 423751.500 423753.350 423753.970 423754.350 423755.050 423755.690 423756.400 423758.250 423758.476 423759.920 423761.100 423761.680 423762.250 423763.600 423765.850 423768.500 423771.550 423773.800 423775.600 423777.000 423778.950 423779.850 423780.950 423782.650 423784.500 423786.450 423788.250 423789.800 423791.800 423793.554 423789.279 564896.804 564899.250 564914.810 564933.350 564934.300 564935.150 564936.650 564937.402 564940.459 564939.900 564939.600 564938.550 564937.700 564936.900 564936.250 564935.450 564934.250 564932.500 564930.750 564929.350 564928.250 564927.550 564926.050 564924.900 564924.500 564923.150 564922.780 564922.550 564922.100 564921.700 564921.250 564920.050 564919.904 564918.970 564918.200 564917.770 564917.350 564916.550 564915.050 564913.350 564911.400 564909.800 564908.700 564907.700 564906.450 564905.800 564905.100 564904.000 564902.750 564901.350 564900.300 564899.300 564897.900 564896.804 564896.804
55 423789.279 423785.780 423762.670 423733.350 423732.150 423730.550 423728.250 423727.130 423727.130 423727.950 423728.400 423730.050 423731.450 423732.600 423733.650 423734.800 423736.800 423739.250 423742.000 423744.100 423745.850 423746.850 423749.200 423750.900 423751.500 423753.350 423753.970 423754.350 423755.050 423755.690 423756.400 423758.250 423758.476 423759.920 423761.100 423761.680 423762.250 423763.600 423765.850 423768.500 423771.550 423773.800 423775.600 423777.000 423778.950 423779.850 423780.950 423782.650 423784.500 423786.450 423788.250 423789.800 423791.800 423793.554 423789.279 564896.804 564899.250 564914.810 564933.350 564934.300 564935.150 564936.650 564937.402 564940.459 564939.900 564939.600 564938.550 564937.700 564936.900 564936.250 564935.450 564934.250 564932.500 564930.750 564929.350 564928.250 564927.550 564926.050 564924.900 564924.500 564923.150 564922.780 564922.550 564922.100 564921.700 564921.250 564920.050 564919.904 564918.970 564918.200 564917.770 564917.350 564916.550 564915.050 564913.350 564911.400 564909.800 564908.700 564907.700 564906.450 564905.800 564905.100 564904.000 564902.750 564901.350 564900.300 564899.300 564897.900 564896.804 564896.804
7 423735.051 423735.130 423733.610 423732.760 423733.670 423733.353 423735.051 564955.705 564955.640 564953.630 564954.320 564955.450 564955.705 564955.705
