14
50 423656.697 423656.750 423656.800 423656.850 423657.050 423657.150 423657.250 423657.450 423657.650 423657.950 423658.650 423659.050 423659.500 423660.050 423660.550 423663.100 423668.400 423673.300 423673.950 423681.577 423685.100 423688.200 423690.740 423691.550 423692.400 423692.850 423693.250 423693.850 423694.750 423695.100 423695.450 423695.800 423696.050 423696.150 423696.150 423695.980 423695.942 423694.336 423694.393 423694.557 423694.498 423690.633 423690.632 423690.630 423671.369 423658.617 423658.556 423658.466 423658.416 423656.697 564543.395 564547.850 564552.950 564555.900 564557.200 564557.600 564558.050 564558.500 564558.800 564559.100 564559.400 564559.550 564559.600 564559.650 564559.700 564559.700 564559.500 564559.500 564559.450 564559.416 564559.400 564559.400 564559.290 564559.250 564559.250 564559.100 564559.000 564558.550 564557.900 564557.500 564557.050 564556.500 564556.100 564555.650 564553.250 564545.520 564543.395 564543.395 564546.661 564556.060 564556.061 564556.137 564556.226 564556.371 564556.752 564556.890 564552.819 564546.756 564543.395 564543.395
14 423707.734 423707.450 423707.350 423707.300 423707.300 423708.290 423709.500 423709.470 423709.410 423709.380 423709.350 423713.550 423713.550 423707.734 564543.395 564543.750 564544.150 564544.900 564556.850 564556.850 564556.850 564554.700 564549.600 564547.050 564544.450 564544.400 564543.395 564543.395
50 423656.697 423656.750 423656.800 423656.850 423657.050 423657.150 423657.250 423657.450 423657.650 423657.950 423658.650 423659.050 423659.500 423660.050 423660.550 423663.100 423668.400 423673.300 423673.950 423681.577 423685.100 423688.200 423690.740 423691.550 423692.400 423692.850 423693.250 423693.850 423694.750 423695.100 423695.450 423695.800 423696.050 423696.150 423696.150 423695.980 423695.942 423694.336 423694.393 423694.557 423694.498 423690.633 423690.632 423690.630 423671.369 423658.617 423658.556 423658.466 423658.416 423656.697 564543.395 564547.850 564552.950 564555.900 564557.200 564557.600 564558.050 564558.500 564558.800 564559.100 564559.400 564559.550 564559.600 564559.650 564559.700 564559.700 564559.500 564559.500 564559.450 564559.416 564559.400 564559.400 564559.290 564559.250 564559.250 564559.100 564559.000 564558.550 564557.900 564557.500 564557.050 564556.500 564556.100 564555.650 564553.250 564545.520 564543.395 564543.395 564546.661 564556.060 564556.061 564556.137 564556.226 564556.371 564556.752 564556.890 564552.819 564546.756 564543.395 564543.395
14 423707.734 423707.450 423707.350 423707.300 423707.300 423708.290 423709.500 423709.470 423709.410 423709.380 423709.350 423713.550 423713.550 423707.734 564543.395 564543.750 564544.150 564544.900 564556.850 564556.850 564556.850 564554.700 564549.600 564547.050 564544.450 564544.400 564543.395 564543.395
50 423656.697 423656.750 423656.800 423656.850 423657.050 423657.150 423657.250 423657.450 423657.650 423657.950 423658.650 423659.050 423659.500 423660.050 423660.550 423663.100 423668.400 423673.300 423673.950 423681.577 423685.100 423688.200 423690.740 423691.550 423692.400 423692.850 423693.250 423693.850 423694.750 423695.100 423695.450 423695.800 423696.050 423696.150 423696.150 423695.980 423695.942 423694.336 423694.393 423694.557 423694.498 423690.633 423690.632 423690.630 423671.369 423658.617 423658.556 423658.466 423658.416 423656.697 564543.395 564547.850 564552.950 564555.900 564557.200 564557.600 564558.050 564558.500 564558.800 564559.100 564559.400 564559.550 564559.600 564559.650 564559.700 564559.700 564559.500 564559.500 564559.450 564559.416 564559.400 564559.400 564559.290 564559.250 564559.250 564559.100 564559.000 564558.550 564557.900 564557.500 564557.050 564556.500 564556.100 564555.650 564553.250 564545.520 564543.395 564543.395 564546.661 564556.060 564556.061 564556.137 564556.226 564556.371 564556.752 564556.890 564552.819 564546.756 564543.395 564543.395
14 423707.734 423707.450 423707.350 423707.300 423707.300 423708.290 423709.500 423709.470 423709.410 423709.380 423709.350 423713.550 423713.550 423707.734 564543.395 564543.750 564544.150 564544.900 564556.850 564556.850 564556.850 564554.700 564549.600 564547.050 564544.450 564544.400 564543.395 564543.395
44 423643.998 423644.120 423644.250 423644.450 423644.700 423644.739 423644.750 423647.600 423647.650 423647.650 423647.600 423647.500 423647.350 423647.250 423647.100 423646.900 423646.750 423646.550 423646.250 423645.800 423645.400 423644.800 423642.900 423640.500 423638.074 423638.074 423650.005 423650.150 423650.250 423649.700 423649.700 423649.500 423649.300 423648.950 423648.650 423648.300 423647.950 423647.150 423646.950 423646.850 423646.750 423646.710 423646.468 423643.998 564543.395 564549.350 564555.300 564568.300 564578.550 564583.560 564584.950 564584.850 564585.250 564590.700 564591.300 564591.750 564592.350 564592.700 564593.000 564593.450 564593.700 564593.950 564594.250 564594.600 564594.800 564595.150 564596.250 564597.600 564598.951 564602.296 564602.296 564601.100 564600.700 564582.550 564582.300 564582.000 564581.800 564581.400 564581.100 564580.950 564580.850 564580.750 564573.250 564567.430 564561.450 564559.010 564543.395 564543.395
44 423643.998 423644.120 423644.250 423644.450 423644.700 423644.739 423644.750 423647.600 423647.650 423647.650 423647.600 423647.500 423647.350 423647.250 423647.100 423646.900 423646.750 423646.550 423646.250 423645.800 423645.400 423644.800 423642.900 423640.500 423638.074 423638.074 423650.005 423650.150 423650.250 423649.700 423649.700 423649.500 423649.300 423648.950 423648.650 423648.300 423647.950 423647.150 423646.950 423646.850 423646.750 423646.710 423646.468 423643.998 564543.395 564549.350 564555.300 564568.300 564578.550 564583.560 564584.950 564584.850 564585.250 564590.700 564591.300 564591.750 564592.350 564592.700 564593.000 564593.450 564593.700 564593.950 564594.250 564594.600 564594.800 564595.150 564596.250 564597.600 564598.951 564602.296 564602.296 564601.100 564600.700 564582.550 564582.300 564582.000 564581.800 564581.400 564581.100 564580.950 564580.850 564580.750 564573.250 564567.430 564561.450 564559.010 564543.395 564543.395
26 423705.150 423707.580 423707.550 423707.510 423705.400 423700.450 423695.700 423694.800 423694.250 423693.350 423692.700 423692.250 423691.750 423690.900 423690.500 423690.050 423689.750 423689.550 423689.350 423689.300 423689.450 423690.370 423692.750 423692.650 423705.050 423705.150 564567.260 564567.230 564565.250 564563.850 564563.950 564564.100 564564.250 564564.400 564564.650 564565.050 564565.400 564565.700 564566.250 564566.850 564567.350 564567.850 564568.350 564568.850 564569.450 564570.000 564570.550 564570.500 564570.350 564566.400 564566.150 564567.260
6 423724.351 423727.000 423726.900 423725.550 423722.334 423724.351 564602.296 564598.900 564597.600 564597.700 564602.296 564602.296
65 423659.604 423659.600 423659.650 423659.610 423659.510 423659.420 423659.320 423659.230 423659.130 423659.050 423660.750 423661.150 423661.650 423661.900 423662.150 423662.200 423674.000 423679.700 423679.750 423683.130 423684.050 423683.900 423683.700 423683.400 423683.000 423682.650 423682.250 423681.800 423681.300 423680.600 423680.050 423679.400 423678.800 423678.400 423677.950 423677.050 423674.300 423667.150 423664.100 423662.650 423661.850 423661.200 423660.900 423660.400 423659.900 423659.400 423658.850 423658.450 423658.050 423657.750 423657.550 423657.400 423657.300 423657.250 423657.250 423657.200 423657.250 423657.300 423657.400 423657.400 423657.550 423657.650 423657.700 423657.746 423659.604 564602.296 564602.250 564601.150 564599.180 564593.830 564588.740 564583.610 564578.570 564573.490 564569.000 564569.000 564568.950 564568.900 564568.800 564568.650 564567.050 564566.750 564566.750 564570.800 564570.750 564570.750 564570.150 564569.600 564568.900 564568.200 564567.700 564567.250 564566.750 564566.300 564565.800 564565.500 564565.200 564565.000 564564.800 564564.700 564564.550 564564.650 564564.800 564564.950 564565.150 564565.200 564565.300 564565.400 564565.600 564565.850 564566.200 564566.750 564567.200 564567.700 564568.150 564568.550 564568.900 564569.300 564569.700 564570.000 564570.750 564572.550 564575.100 564578.100 564583.450 564587.950 564595.700 564600.200 564602.296 564602.296
5 423727.130 423725.070 423725.050 423727.130 423727.130 564586.580 564586.680 564587.050 564587.002 564586.580
32 423680.800 423680.900 423681.000 423693.050 423693.000 423692.950 423690.650 423690.630 423689.900 423689.450 423689.350 423689.400 423689.450 423689.800 423692.250 423692.300 423692.400 423690.000 423681.550 423681.450 423681.350 423681.350 423682.350 423684.000 423684.250 423684.400 423684.500 423684.550 423684.450 423683.420 423683.450 423680.800 564588.450 564593.650 564598.840 564598.560 564593.250 564588.140 564588.200 564586.450 564586.550 564586.550 564586.850 564587.550 564588.300 564588.600 564588.700 564592.200 564598.150 564598.150 564598.300 564595.600 564590.750 564589.050 564589.000 564589.000 564588.850 564588.700 564588.500 564587.800 564586.750 564586.700 564588.400 564588.450
5 423727.130 423727.000 423724.351 423727.130 423727.130 564598.897 564598.900 564602.296 564602.296 564598.897
