17
41 423218.971 423219.480 423220.100 423218.670 423218.800 423217.400 423201.900 423201.350 423200.730 423200.721 423199.803 423200.954 423200.984 423201.040 423201.079 423201.146 423201.164 423201.387 423201.470 423202.118 423202.518 423202.951 423204.066 423206.046 423219.526 423221.609 423223.303 423224.118 423224.551 423224.629 423224.804 423225.280 423225.380 423225.377 423225.170 423225.094 423224.966 423224.961 423222.480 423221.424 423218.971 564602.296 564607.700 564614.300 564614.490 564615.800 564617.150 564615.950 564609.400 564602.400 564602.296 564602.296 564614.781 564615.101 564615.710 564616.727 564618.470 564618.926 564619.564 564619.701 564620.306 564620.480 564620.668 564620.776 564618.910 564619.809 564621.944 564622.052 564621.926 564621.697 564621.631 564621.483 564620.712 564619.893 564619.864 564617.887 564617.161 564615.938 564615.465 564613.170 564602.296 564602.296
41 423218.971 423219.480 423220.100 423218.670 423218.800 423217.400 423201.900 423201.350 423200.730 423200.721 423199.803 423200.954 423200.984 423201.040 423201.079 423201.146 423201.164 423201.387 423201.470 423202.118 423202.518 423202.951 423204.066 423206.046 423219.526 423221.609 423223.303 423224.118 423224.551 423224.629 423224.804 423225.280 423225.380 423225.377 423225.170 423225.094 423224.966 423224.961 423222.480 423221.424 423218.971 564602.296 564607.700 564614.300 564614.490 564615.800 564617.150 564615.950 564609.400 564602.400 564602.296 564602.296 564614.781 564615.101 564615.710 564616.727 564618.470 564618.926 564619.564 564619.701 564620.306 564620.480 564620.668 564620.776 564618.910 564619.809 564621.944 564622.052 564621.926 564621.697 564621.631 564621.483 564620.712 564619.893 564619.864 564617.887 564617.161 564615.938 564615.465 564613.170 564602.296 564602.296
20 423194.682 423194.870 423194.950 423195.230 423195.850 423192.796 423192.796 423193.622 423195.270 423195.926 423196.427 423196.493 423196.541 423196.717 423196.931 423197.178 423196.950 423196.923 423195.731 423194.682 564602.296 564604.340 564605.250 564608.549 564615.400 564615.113 564618.909 564619.824 564620.002 564619.877 564619.605 564619.553 564619.498 564619.296 564619.050 564618.439 564615.250 564614.959 564602.296 564602.296
20 423194.682 423194.870 423194.950 423195.230 423195.850 423192.796 423192.796 423193.622 423195.270 423195.926 423196.427 423196.493 423196.541 423196.717 423196.931 423197.178 423196.950 423196.923 423195.731 423194.682 564602.296 564604.340 564605.250 564608.549 564615.400 564615.113 564618.909 564619.824 564620.002 564619.877 564619.605 564619.553 564619.498 564619.296 564619.050 564618.439 564615.250 564614.959 564602.296 564602.296
53 423279.630 423279.650 423279.660 423279.660 423279.670 423279.660 423279.510 423278.961 423278.280 423276.810 423274.495 423274.910 423275.500 423273.630 423274.050 423273.200 423257.750 423257.480 423256.949 423256.830 423256.600 423256.286 423256.180 423256.180 423255.370 423256.845 423256.855 423256.950 423256.948 423256.948 423257.176 423257.587 423257.784 423257.974 423258.158 423258.808 423260.553 423262.247 423262.602 423273.745 423273.888 423276.219 423276.990 423277.759 423277.906 423278.526 423278.759 423279.019 423279.195 423279.216 423279.600 423279.620 423279.630 564622.380 564622.280 564622.190 564622.090 564621.990 564621.840 564620.140 564619.519 564618.750 564602.296 564602.296 564607.090 564613.950 564614.200 564619.000 564620.350 564619.800 564616.270 564610.453 564609.150 564606.650 564603.400 564602.300 564602.296 564602.296 564618.639 564618.750 564619.800 564622.154 564622.406 564623.115 564623.641 564623.799 564623.903 564624.004 564624.155 564624.176 564622.672 564622.356 564622.875 564622.994 564624.929 564624.995 564624.992 564624.924 564624.636 564624.417 564624.033 564623.397 564623.320 564622.550 564622.470 564622.380
53 423279.630 423279.650 423279.660 423279.660 423279.670 423279.660 423279.510 423278.961 423278.280 423276.810 423274.495 423274.910 423275.500 423273.630 423274.050 423273.200 423257.750 423257.480 423256.949 423256.830 423256.600 423256.286 423256.180 423256.180 423255.370 423256.845 423256.855 423256.950 423256.948 423256.948 423257.176 423257.587 423257.784 423257.974 423258.158 423258.808 423260.553 423262.247 423262.602 423273.745 423273.888 423276.219 423276.990 423277.759 423277.906 423278.526 423278.759 423279.019 423279.195 423279.216 423279.600 423279.620 423279.630 564622.380 564622.280 564622.190 564622.090 564621.990 564621.840 564620.140 564619.519 564618.750 564602.296 564602.296 564607.090 564613.950 564614.200 564619.000 564620.350 564619.800 564616.270 564610.453 564609.150 564606.650 564603.400 564602.300 564602.296 564602.296 564618.639 564618.750 564619.800 564622.154 564622.406 564623.115 564623.641 564623.799 564623.903 564624.004 564624.155 564624.176 564622.672 564622.356 564622.875 564622.994 564624.929 564624.995 564624.992 564624.924 564624.636 564624.417 564624.033 564623.397 564623.320 564622.550 564622.470 564622.380
47 423252.183 423252.274 423252.511 423252.528 423252.584 423252.739 423252.761 423252.740 423252.504 423252.494 423251.115 423249.992 423250.073 423250.600 423251.070 423251.280 423251.550 423249.360 423240.450 423235.200 423234.350 423234.010 423232.600 423232.280 423231.600 423231.460 423229.193 423230.409 423230.524 423230.650 423231.231 423231.233 423231.366 423231.379 423231.833 423232.119 423232.488 423233.172 423241.318 423242.861 423243.298 423248.902 423249.216 423250.266 423250.803 423251.508 423252.183 564623.088 564622.974 564622.674 564622.641 564622.532 564621.914 564621.826 564621.571 564618.778 564618.657 564602.296 564602.296 564603.193 564609.050 564614.230 564616.400 564619.450 564619.360 564618.820 564618.500 564617.450 564613.800 564613.900 564610.650 564603.740 564602.296 564602.296 564615.524 564616.780 564618.150 564621.014 564621.026 564621.626 564621.683 564622.281 564622.471 564622.605 564622.619 564623.123 564621.645 564621.226 564621.567 564622.030 564623.575 564623.624 564623.507 564623.088
47 423252.183 423252.274 423252.511 423252.528 423252.584 423252.739 423252.761 423252.740 423252.504 423252.494 423251.115 423249.992 423250.073 423250.600 423251.070 423251.280 423251.550 423249.360 423240.450 423235.200 423234.350 423234.010 423232.600 423232.280 423231.600 423231.460 423229.193 423230.409 423230.524 423230.650 423231.231 423231.233 423231.366 423231.379 423231.833 423232.119 423232.488 423233.172 423241.318 423242.861 423243.298 423248.902 423249.216 423250.266 423250.803 423251.508 423252.183 564623.088 564622.974 564622.674 564622.641 564622.532 564621.914 564621.826 564621.571 564618.778 564618.657 564602.296 564602.296 564603.193 564609.050 564614.230 564616.400 564619.450 564619.360 564618.820 564618.500 564617.450 564613.800 564613.900 564610.650 564603.740 564602.296 564602.296 564615.524 564616.780 564618.150 564621.014 564621.026 564621.626 564621.683 564622.281 564622.471 564622.605 564622.619 564623.123 564621.645 564621.226 564621.567 564622.030 564623.575 564623.624 564623.507 564623.088
10 423227.231 423226.860 423226.450 423226.029 423224.821 423225.271 423225.317 423225.998 423226.364 423227.231 564644.183 564639.110 564639.134 564639.158 564639.227 564645.307 564645.921 564645.833 564645.785 564644.183
20 423192.796 423193.350 423193.366 423197.265 423197.332 423198.354 423198.350 423198.308 423198.252 423197.982 423197.890 423197.625 423197.112 423196.943 423196.445 423195.315 423193.567 423193.097 423192.796 423192.796 564630.614 564630.650 564630.988 564631.209 564631.213 564631.271 564631.220 564630.143 564628.716 564628.014 564627.776 564627.452 564627.072 564627.000 564626.899 564626.756 564628.083 564628.440 564628.414 564630.614
20 423192.796 423193.350 423193.366 423197.265 423197.332 423198.354 423198.350 423198.308 423198.252 423197.982 423197.890 423197.625 423197.112 423196.943 423196.445 423195.315 423193.567 423193.097 423192.796 423192.796 564630.614 564630.650 564630.988 564631.209 564631.213 564631.271 564631.220 564630.143 564628.716 564628.014 564627.776 564627.452 564627.072 564627.000 564626.899 564626.756 564628.083 564628.440 564628.414 564630.614
40 423226.631 423226.450 423225.500 423227.709 423227.036 423226.864 423226.563 423226.525 423226.398 423226.026 423225.450 423225.242 423224.773 423221.320 423219.494 423219.174 423207.121 423206.722 423205.248 423203.837 423203.212 423202.812 423202.714 423202.519 423202.397 423202.312 423202.397 423203.400 423206.850 423210.700 423216.300 423220.100 423220.450 423222.136 423222.320 423222.760 423223.290 423223.900 423224.330 423226.631 564661.198 564659.100 564646.900 564644.197 564636.491 564634.525 564631.159 564630.733 564630.121 564629.530 564629.118 564629.066 564628.949 564628.615 564630.170 564630.442 564629.562 564629.106 564627.421 564627.397 564627.599 564627.899 564628.008 564628.361 564628.583 564629.223 564631.333 564631.400 564631.630 564631.850 564632.240 564632.500 564637.010 564636.876 564639.300 564643.940 564649.910 564656.700 564661.198 564661.198
40 423226.631 423226.450 423225.500 423227.709 423227.036 423226.864 423226.563 423226.525 423226.398 423226.026 423225.450 423225.242 423224.773 423221.320 423219.494 423219.174 423207.121 423206.722 423205.248 423203.837 423203.212 423202.812 423202.714 423202.519 423202.397 423202.312 423202.397 423203.400 423206.850 423210.700 423216.300 423220.100 423220.450 423222.136 423222.320 423222.760 423223.290 423223.900 423224.330 423226.631 564661.198 564659.100 564646.900 564644.197 564636.491 564634.525 564631.159 564630.733 564630.121 564629.530 564629.118 564629.066 564628.949 564628.615 564630.170 564630.442 564629.562 564629.106 564627.421 564627.397 564627.599 564627.899 564628.008 564628.361 564628.583 564629.223 564631.333 564631.400 564631.630 564631.850 564632.240 564632.500 564637.010 564636.876 564639.300 564643.940 564649.910 564656.700 564661.198 564661.198
43 423236.852 423236.520 423235.860 423235.170 423234.800 423234.638 423236.130 423235.800 423240.900 423249.300 423252.800 423253.816 423253.800 423253.707 423253.689 423253.688 423253.685 423253.587 423253.524 423253.499 423253.332 423253.081 423252.836 423252.472 423251.850 423251.446 423250.056 423249.698 423242.635 423242.376 423241.271 423234.218 423233.395 423232.904 423232.755 423232.305 423232.157 423232.154 423232.100 423232.136 423233.050 423234.578 423236.852 564661.198 564657.640 564650.500 564643.300 564639.450 564637.407 564637.330 564633.350 564633.750 564634.400 564634.650 564634.723 564634.550 564632.545 564632.149 564632.138 564632.127 564631.800 564631.593 564631.509 564631.238 564630.961 564630.813 564630.592 564630.470 564630.469 564631.940 564632.319 564631.898 564631.499 564629.796 564629.263 564629.377 564629.646 564629.774 564630.431 564631.213 564631.335 564633.800 564634.230 564645.150 564661.198 564661.198
43 423236.852 423236.520 423235.860 423235.170 423234.800 423234.638 423236.130 423235.800 423240.900 423249.300 423252.800 423253.816 423253.800 423253.707 423253.689 423253.688 423253.685 423253.587 423253.524 423253.499 423253.332 423253.081 423252.836 423252.472 423251.850 423251.446 423250.056 423249.698 423242.635 423242.376 423241.271 423234.218 423233.395 423232.904 423232.755 423232.305 423232.157 423232.154 423232.100 423232.136 423233.050 423234.578 423236.852 564661.198 564657.640 564650.500 564643.300 564639.450 564637.407 564637.330 564633.350 564633.750 564634.400 564634.650 564634.723 564634.550 564632.545 564632.149 564632.138 564632.127 564631.800 564631.593 564631.509 564631.238 564630.961 564630.813 564630.592 564630.470 564630.469 564631.940 564632.319 564631.898 564631.499 564629.796 564629.263 564629.377 564629.646 564629.774 564630.431 564631.213 564631.335 564633.800 564634.230 564645.150 564661.198 564661.198
47 423281.564 423280.750 423279.537 423279.506 423279.300 423279.300 423279.300 423279.290 423279.280 423279.268 423279.265 423279.177 423279.172 423279.079 423279.011 423278.878 423278.608 423278.490 423278.021 423277.406 423276.024 423274.461 423274.026 423262.789 423262.373 423260.886 423259.534 423258.910 423258.863 423258.334 423258.047 423257.930 423257.944 423258.146 423258.900 423261.600 423269.350 423274.600 423275.707 423277.289 423277.600 423277.767 423278.020 423278.600 423279.270 423279.456 423281.564 564661.198 564651.800 564637.364 564636.995 564634.550 564634.460 564634.370 564634.290 564634.210 564634.120 564634.098 564633.426 564633.389 564633.008 564632.733 564632.539 564632.148 564632.041 564631.759 564631.614 564631.599 564633.091 564633.506 564633.003 564632.554 564630.947 564630.911 564631.021 564631.029 564631.390 564631.814 564632.623 564632.782 564635.153 564635.200 564635.300 564635.630 564635.850 564635.896 564636.748 564640.350 564642.293 564645.250 564652.050 564659.200 564661.198 564661.198
47 423281.564 423280.750 423279.537 423279.506 423279.300 423279.300 423279.300 423279.290 423279.280 423279.268 423279.265 423279.177 423279.172 423279.079 423279.011 423278.878 423278.608 423278.490 423278.021 423277.406 423276.024 423274.461 423274.026 423262.789 423262.373 423260.886 423259.534 423258.910 423258.863 423258.334 423258.047 423257.930 423257.944 423258.146 423258.900 423261.600 423269.350 423274.600 423275.707 423277.289 423277.600 423277.767 423278.020 423278.600 423279.270 423279.456 423281.564 564661.198 564651.800 564637.364 564636.995 564634.550 564634.460 564634.370 564634.290 564634.210 564634.120 564634.098 564633.426 564633.389 564633.008 564632.733 564632.539 564632.148 564632.041 564631.759 564631.614 564631.599 564633.091 564633.506 564633.003 564632.554 564630.947 564630.911 564631.021 564631.029 564631.390 564631.814 564632.623 564632.782 564635.153 564635.200 564635.300 564635.630 564635.850 564635.896 564636.748 564640.350 564642.293 564645.250 564652.050 564659.200 564661.198 564661.198
