16
28 423948.542 423933.050 423928.650 423926.050 423925.850 423925.650 423925.300 423925.050 423924.800 423924.350 423922.900 423923.000 423923.100 423923.150 423923.150 423923.050 423922.900 423922.050 423921.841 423925.244 423926.081 423926.850 423934.400 423941.900 423942.390 423948.350 423951.876 423948.542 564661.198 564682.300 564688.250 564691.750 564692.000 564692.150 564692.300 564692.450 564692.450 564692.550 564694.450 564694.700 564695.100 564695.400 564695.800 564696.050 564696.450 564697.450 564697.751 564697.751 564696.604 564695.550 564685.200 564674.860 564674.180 564665.950 564661.198 564661.198
80 423959.063 423947.290 423947.260 423947.240 423947.210 423947.190 423947.170 423947.150 423947.130 423947.110 423947.100 423947.080 423947.070 423947.050 423947.040 423947.030 423947.020 423947.010 423947.010 423947.000 423947.000 423947.000 423947.000 423947.000 423947.010 423947.010 423947.020 423947.030 423947.040 423947.050 423947.060 423947.080 423947.090 423947.110 423947.130 423947.150 423947.170 423947.190 423947.210 423947.240 423947.260 423947.290 423947.340 423947.450 423947.690 423947.740 423947.780 423947.830 423947.870 423947.920 423947.970 423948.020 423948.070 423948.120 423948.170 423948.220 423948.260 423948.330 423948.380 423948.430 423948.470 423948.520 423948.570 423948.610 423948.660 423948.700 423948.740 423948.790 423948.830 423948.870 423948.900 423948.960 423952.211 423951.036 423950.853 423952.727 423952.910 423954.085 423961.992 423959.063 564661.198 564677.020 564677.040 564677.070 564677.090 564677.120 564677.140 564677.170 564677.200 564677.230 564677.260 564677.290 564677.320 564677.350 564677.390 564677.420 564677.450 564677.490 564677.520 564677.550 564677.590 564677.620 564677.680 564677.710 564677.750 564677.780 564677.820 564677.850 564677.880 564677.920 564677.950 564677.980 564678.010 564678.040 564678.070 564678.100 564678.130 564678.150 564678.180 564678.200 564678.230 564678.250 564678.290 564678.400 564678.620 564678.640 564678.660 564678.670 564678.690 564678.700 564678.710 564678.710 564678.720 564678.720 564678.720 564678.720 564678.720 564678.710 564678.700 564678.690 564678.680 564678.660 564678.650 564678.630 564678.610 564678.590 564678.560 564678.540 564678.510 564678.480 564678.450 564678.400 564674.109 564673.219 564673.080 564670.606 564670.745 564671.635 564661.198 564661.198
28 423948.542 423933.050 423928.650 423926.050 423925.850 423925.650 423925.300 423925.050 423924.800 423924.350 423922.900 423923.000 423923.100 423923.150 423923.150 423923.050 423922.900 423922.050 423921.841 423925.244 423926.081 423926.850 423934.400 423941.900 423942.390 423948.350 423951.876 423948.542 564661.198 564682.300 564688.250 564691.750 564692.000 564692.150 564692.300 564692.450 564692.450 564692.550 564694.450 564694.700 564695.100 564695.400 564695.800 564696.050 564696.450 564697.450 564697.751 564697.751 564696.604 564695.550 564685.200 564674.860 564674.180 564665.950 564661.198 564661.198
80 423959.063 423947.290 423947.260 423947.240 423947.210 423947.190 423947.170 423947.150 423947.130 423947.110 423947.100 423947.080 423947.070 423947.050 423947.040 423947.030 423947.020 423947.010 423947.010 423947.000 423947.000 423947.000 423947.000 423947.000 423947.010 423947.010 423947.020 423947.030 423947.040 423947.050 423947.060 423947.080 423947.090 423947.110 423947.130 423947.150 423947.170 423947.190 423947.210 423947.240 423947.260 423947.290 423947.340 423947.450 423947.690 423947.740 423947.780 423947.830 423947.870 423947.920 423947.970 423948.020 423948.070 423948.120 423948.170 423948.220 423948.260 423948.330 423948.380 423948.430 423948.470 423948.520 423948.570 423948.610 423948.660 423948.700 423948.740 423948.790 423948.830 423948.870 423948.900 423948.960 423952.211 423951.036 423950.853 423952.727 423952.910 423954.085 423961.992 423959.063 564661.198 564677.020 564677.040 564677.070 564677.090 564677.120 564677.140 564677.170 564677.200 564677.230 564677.260 564677.290 564677.320 564677.350 564677.390 564677.420 564677.450 564677.490 564677.520 564677.550 564677.590 564677.620 564677.680 564677.710 564677.750 564677.780 564677.820 564677.850 564677.880 564677.920 564677.950 564677.980 564678.010 564678.040 564678.070 564678.100 564678.130 564678.150 564678.180 564678.200 564678.230 564678.250 564678.290 564678.400 564678.620 564678.640 564678.660 564678.670 564678.690 564678.700 564678.710 564678.710 564678.720 564678.720 564678.720 564678.720 564678.720 564678.710 564678.700 564678.690 564678.680 564678.660 564678.650 564678.630 564678.610 564678.590 564678.560 564678.540 564678.510 564678.480 564678.450 564678.400 564674.109 564673.219 564673.080 564670.606 564670.745 564671.635 564661.198 564661.198
34 423952.512 423956.483 423957.200 423959.150 423960.800 423963.200 423964.850 423966.450 423967.650 423968.750 423970.450 423972.150 423974.250 423977.000 423979.950 423982.400 423985.000 423986.850 423988.100 423988.700 423989.300 423989.700 423990.250 423990.850 423991.500 423992.400 423992.900 423993.800 423993.802 423988.707 423983.290 423972.580 423962.930 423952.512 564697.751 564697.751 564697.000 564694.800 564693.000 564690.400 564688.550 564686.900 564685.650 564684.500 564682.850 564681.150 564678.950 564676.300 564673.550 564671.050 564668.700 564666.850 564665.750 564665.200 564664.550 564664.350 564663.850 564663.400 564662.900 564662.150 564661.800 564661.200 564661.198 564661.198 564665.790 564675.900 564685.770 564697.751
34 423952.512 423956.483 423957.200 423959.150 423960.800 423963.200 423964.850 423966.450 423967.650 423968.750 423970.450 423972.150 423974.250 423977.000 423979.950 423982.400 423985.000 423986.850 423988.100 423988.700 423989.300 423989.700 423990.250 423990.850 423991.500 423992.400 423992.900 423993.800 423993.802 423988.707 423983.290 423972.580 423962.930 423952.512 564697.751 564697.751 564697.000 564694.800 564693.000 564690.400 564688.550 564686.900 564685.650 564684.500 564682.850 564681.150 564678.950 564676.300 564673.550 564671.050 564668.700 564666.850 564665.750 564665.200 564664.550 564664.350 564663.850 564663.400 564662.900 564662.150 564661.800 564661.200 564661.198 564661.198 564665.790 564675.900 564685.770 564697.751
34 423952.512 423956.483 423957.200 423959.150 423960.800 423963.200 423964.850 423966.450 423967.650 423968.750 423970.450 423972.150 423974.250 423977.000 423979.950 423982.400 423985.000 423986.850 423988.100 423988.700 423989.300 423989.700 423990.250 423990.850 423991.500 423992.400 423992.900 423993.800 423993.802 423988.707 423983.290 423972.580 423962.930 423952.512 564697.751 564697.751 564697.000 564694.800 564693.000 564690.400 564688.550 564686.900 564685.650 564684.500 564682.850 564681.150 564678.950 564676.300 564673.550 564671.050 564668.700 564666.850 564665.750 564665.200 564664.550 564664.350 564663.850 564663.400 564662.900 564662.150 564661.800 564661.200 564661.198 564661.198 564665.790 564675.900 564685.770 564697.751
77 423932.060 423932.000 423931.960 423931.920 423931.870 423931.830 423931.780 423931.740 423931.690 423931.650 423931.600 423931.550 423931.510 423931.460 423931.410 423931.370 423931.320 423931.280 423931.230 423931.190 423931.140 423931.100 423931.050 423931.010 423930.970 423930.930 423930.890 423930.850 423930.820 423930.780 423930.740 423930.710 423930.680 423922.740 423918.040 423916.683 423919.888 423920.240 423925.640 423932.400 423932.440 423932.460 423932.480 423932.490 423932.510 423932.520 423932.540 423932.550 423932.550 423932.560 423932.560 423932.570 423932.570 423932.560 423932.560 423932.560 423932.550 423932.540 423932.530 423932.520 423932.500 423932.490 423932.470 423932.450 423932.430 423932.410 423932.380 423932.360 423932.330 423932.300 423932.270 423932.240 423932.210 423932.170 423932.140 423932.100 423932.060 564699.780 564699.750 564699.730 564699.710 564699.690 564699.680 564699.660 564699.650 564699.650 564699.640 564699.630 564699.630 564699.630 564699.630 564699.640 564699.640 564699.650 564699.650 564699.660 564699.680 564699.690 564699.710 564699.720 564699.740 564699.760 564699.790 564699.810 564699.840 564699.860 564699.890 564699.920 564699.960 564699.990 564711.220 564718.000 564720.099 564720.099 564719.520 564711.070 564701.310 564701.250 564701.210 564701.170 564701.130 564701.080 564701.040 564700.990 564700.950 564700.900 564700.860 564700.810 564700.770 564700.720 564700.670 564700.630 564700.580 564700.530 564700.490 564700.440 564700.400 564700.350 564700.310 564700.270 564700.220 564700.180 564700.140 564700.100 564700.060 564700.030 564699.990 564699.960 564699.920 564699.890 564699.860 564699.830 564699.810 564699.780
18 423909.672 423910.550 423914.750 423919.300 423925.244 423921.841 423919.944 423919.550 423918.550 423915.583 423912.850 423912.700 423912.050 423910.800 423908.850 423906.950 423906.550 423909.672 564720.099 564718.700 564712.400 564705.900 564697.751 564697.751 564700.483 564701.050 564702.600 564706.739 564710.550 564710.750 564711.800 564713.550 564716.700 564719.500 564720.099 564720.099
18 423909.672 423910.550 423914.750 423919.300 423925.244 423921.841 423919.944 423919.550 423918.550 423915.583 423912.850 423912.700 423912.050 423910.800 423908.850 423906.950 423906.550 423909.672 564720.099 564718.700 564712.400 564705.900 564697.751 564697.751 564700.483 564701.050 564702.600 564706.739 564710.550 564710.750 564711.800 564713.550 564716.700 564719.500 564720.099 564720.099
18 423909.672 423910.550 423914.750 423919.300 423925.244 423921.841 423919.944 423919.550 423918.550 423915.583 423912.850 423912.700 423912.050 423910.800 423908.850 423906.950 423906.550 423909.672 564720.099 564718.700 564712.400 564705.900 564697.751 564697.751 564700.483 564701.050 564702.600 564706.739 564710.550 564710.750 564711.800 564713.550 564716.700 564719.500 564720.099 564720.099
24 423956.483 423952.512 423952.130 423943.350 423935.466 423938.787 423940.000 423941.350 423942.550 423943.650 423944.950 423945.950 423946.600 423947.150 423947.750 423948.600 423949.850 423950.850 423951.950 423953.200 423954.250 423955.200 423956.150 423956.483 564697.751 564697.751 564698.190 564709.190 564720.099 564720.099 564718.300 564716.400 564714.900 564713.250 564711.550 564710.400 564709.400 564708.750 564707.900 564706.950 564705.300 564704.250 564702.900 564701.400 564700.150 564699.150 564698.100 564697.751
24 423956.483 423952.512 423952.130 423943.350 423935.466 423938.787 423940.000 423941.350 423942.550 423943.650 423944.950 423945.950 423946.600 423947.150 423947.750 423948.600 423949.850 423950.850 423951.950 423953.200 423954.250 423955.200 423956.150 423956.483 564697.751 564697.751 564698.190 564709.190 564720.099 564720.099 564718.300 564716.400 564714.900 564713.250 564711.550 564710.400 564709.400 564708.750 564707.900 564706.950 564705.300 564704.250 564702.900 564701.400 564700.150 564699.150 564698.100 564697.751
24 423956.483 423952.512 423952.130 423943.350 423935.466 423938.787 423940.000 423941.350 423942.550 423943.650 423944.950 423945.950 423946.600 423947.150 423947.750 423948.600 423949.850 423950.850 423951.950 423953.200 423954.250 423955.200 423956.150 423956.483 564697.751 564697.751 564698.190 564709.190 564720.099 564720.099 564718.300 564716.400 564714.900 564713.250 564711.550 564710.400 564709.400 564708.750 564707.900 564706.950 564705.300 564704.250 564702.900 564701.400 564700.150 564699.150 564698.100 564697.751
24 423956.483 423952.512 423952.130 423943.350 423935.466 423938.787 423940.000 423941.350 423942.550 423943.650 423944.950 423945.950 423946.600 423947.150 423947.750 423948.600 423949.850 423950.850 423951.950 423953.200 423954.250 423955.200 423956.150 423956.483 564697.751 564697.751 564698.190 564709.190 564720.099 564720.099 564718.300 564716.400 564714.900 564713.250 564711.550 564710.400 564709.400 564708.750 564707.900 564706.950 564705.300 564704.250 564702.900 564701.400 564700.150 564699.150 564698.100 564697.751
24 423956.483 423952.512 423952.130 423943.350 423935.466 423938.787 423940.000 423941.350 423942.550 423943.650 423944.950 423945.950 423946.600 423947.150 423947.750 423948.600 423949.850 423950.850 423951.950 423953.200 423954.250 423955.200 423956.150 423956.483 564697.751 564697.751 564698.190 564709.190 564720.099 564720.099 564718.300 564716.400 564714.900 564713.250 564711.550 564710.400 564709.400 564708.750 564707.900 564706.950 564705.300 564704.250 564702.900 564701.400 564700.150 564699.150 564698.100 564697.751
