14
166 423696.479 423696.450 423696.550 423696.600 423696.650 423696.650 423696.500 423696.190 423696.200 423696.500 423696.850 423697.000 423700.450 423701.100 423704.170 423707.453 423707.940 423708.324 423711.600 423711.660 423714.080 423714.550 423714.750 423715.000 423715.250 423715.650 423715.800 423716.250 423716.900 423717.500 423718.100 423717.350 423717.400 423717.100 423717.050 423717.050 423717.150 423717.400 423717.700 423718.150 423718.650 423719.300 423719.650 423720.100 423720.400 423720.800 423720.950 423721.200 423721.400 423721.700 423722.050 423724.350 423724.300 423724.200 423724.100 423724.150 423724.250 423724.300 423724.600 423724.800 423725.000 423725.200 423725.450 423725.800 423726.050 423726.400 423726.800 423727.130 423727.130 423726.197 423723.081 423722.297 423718.680 423717.700 423717.691 423715.611 423715.700 423715.800 423716.100 423716.650 423717.170 423717.900 423718.400 423718.850 423719.250 423719.700 423720.000 423720.300 423720.850 423721.100 423721.600 423721.900 423722.350 423722.600 423722.700 423722.750 423722.850 423722.850 423722.800 423722.750 423722.650 423722.450 423722.200 423721.900 423721.650 423721.300 423721.000 423720.500 423719.900 423719.500 423718.900 423718.250 423717.700 423717.350 423716.800 423716.350 423716.050 423715.700 423715.280 423715.900 423717.350 423717.800 423718.150 423718.300 423718.250 423718.150 423717.950 423717.700 423717.500 423716.950 423716.500 423716.000 423715.550 423714.750 423713.900 423713.150 423712.700 423712.300 423711.950 423711.300 423710.150 423708.150 423704.950 423702.300 423701.650 423701.500 423701.400 423701.050 423700.450 423700.050 423699.550 423699.100 423698.900 423698.700 423698.550 423698.550 423698.600 423698.750 423698.900 423698.750 423698.650 423698.550 423698.550 423698.450 423698.417 423696.479 564661.198 564662.000 564664.854 564666.300 564671.750 564675.100 564675.400 564675.750 564676.200 564676.150 564676.050 564676.050 564679.000 564678.200 564681.080 564684.155 564684.610 564684.969 564688.030 564688.180 564690.350 564689.900 564689.650 564689.500 564689.400 564689.450 564689.350 564689.500 564690.150 564689.500 564688.850 564688.300 564688.240 564687.900 564687.600 564687.300 564687.000 564686.550 564686.250 564685.850 564685.200 564684.550 564684.050 564683.250 564682.550 564681.950 564681.450 564681.100 564680.950 564680.700 564680.500 564674.200 564674.000 564673.650 564673.200 564672.700 564672.350 564671.900 564671.300 564670.800 564670.200 564669.750 564669.250 564668.750 564668.250 564667.700 564667.150 564666.798 564666.199 564665.326 564662.409 564661.675 564661.770 564661.800 564661.198 564661.198 564661.750 564662.400 564663.400 564663.950 564664.390 564664.300 564664.300 564664.250 564664.350 564664.400 564664.550 564664.650 564665.150 564665.550 564665.950 564666.500 564667.250 564667.700 564668.150 564668.550 564669.050 564670.150 564670.600 564671.100 564671.650 564672.100 564672.500 564672.900 564673.250 564673.600 564673.800 564673.950 564674.100 564674.150 564674.250 564674.350 564674.350 564674.250 564674.150 564674.050 564674.050 564674.250 564674.630 564675.250 564676.500 564676.950 564677.500 564677.850 564678.250 564678.600 564678.950 564679.350 564679.900 564681.450 564682.700 564683.200 564683.700 564684.600 564685.550 564686.200 564686.420 564686.150 564685.800 564685.250 564684.200 564682.300 564679.400 564676.850 564676.350 564675.800 564675.700 564675.600 564675.150 564674.800 564674.450 564673.950 564673.650 564673.450 564673.100 564671.600 564671.150 564670.850 564670.600 564670.250 564669.750 564668.500 564667.400 564664.450 564661.198 564661.198
166 423696.479 423696.450 423696.550 423696.600 423696.650 423696.650 423696.500 423696.190 423696.200 423696.500 423696.850 423697.000 423700.450 423701.100 423704.170 423707.453 423707.940 423708.324 423711.600 423711.660 423714.080 423714.550 423714.750 423715.000 423715.250 423715.650 423715.800 423716.250 423716.900 423717.500 423718.100 423717.350 423717.400 423717.100 423717.050 423717.050 423717.150 423717.400 423717.700 423718.150 423718.650 423719.300 423719.650 423720.100 423720.400 423720.800 423720.950 423721.200 423721.400 423721.700 423722.050 423724.350 423724.300 423724.200 423724.100 423724.150 423724.250 423724.300 423724.600 423724.800 423725.000 423725.200 423725.450 423725.800 423726.050 423726.400 423726.800 423727.130 423727.130 423726.197 423723.081 423722.297 423718.680 423717.700 423717.691 423715.611 423715.700 423715.800 423716.100 423716.650 423717.170 423717.900 423718.400 423718.850 423719.250 423719.700 423720.000 423720.300 423720.850 423721.100 423721.600 423721.900 423722.350 423722.600 423722.700 423722.750 423722.850 423722.850 423722.800 423722.750 423722.650 423722.450 423722.200 423721.900 423721.650 423721.300 423721.000 423720.500 423719.900 423719.500 423718.900 423718.250 423717.700 423717.350 423716.800 423716.350 423716.050 423715.700 423715.280 423715.900 423717.350 423717.800 423718.150 423718.300 423718.250 423718.150 423717.950 423717.700 423717.500 423716.950 423716.500 423716.000 423715.550 423714.750 423713.900 423713.150 423712.700 423712.300 423711.950 423711.300 423710.150 423708.150 423704.950 423702.300 423701.650 423701.500 423701.400 423701.050 423700.450 423700.050 423699.550 423699.100 423698.900 423698.700 423698.550 423698.550 423698.600 423698.750 423698.900 423698.750 423698.650 423698.550 423698.550 423698.450 423698.417 423696.479 564661.198 564662.000 564664.854 564666.300 564671.750 564675.100 564675.400 564675.750 564676.200 564676.150 564676.050 564676.050 564679.000 564678.200 564681.080 564684.155 564684.610 564684.969 564688.030 564688.180 564690.350 564689.900 564689.650 564689.500 564689.400 564689.450 564689.350 564689.500 564690.150 564689.500 564688.850 564688.300 564688.240 564687.900 564687.600 564687.300 564687.000 564686.550 564686.250 564685.850 564685.200 564684.550 564684.050 564683.250 564682.550 564681.950 564681.450 564681.100 564680.950 564680.700 564680.500 564674.200 564674.000 564673.650 564673.200 564672.700 564672.350 564671.900 564671.300 564670.800 564670.200 564669.750 564669.250 564668.750 564668.250 564667.700 564667.150 564666.798 564666.199 564665.326 564662.409 564661.675 564661.770 564661.800 564661.198 564661.198 564661.750 564662.400 564663.400 564663.950 564664.390 564664.300 564664.300 564664.250 564664.350 564664.400 564664.550 564664.650 564665.150 564665.550 564665.950 564666.500 564667.250 564667.700 564668.150 564668.550 564669.050 564670.150 564670.600 564671.100 564671.650 564672.100 564672.500 564672.900 564673.250 564673.600 564673.800 564673.950 564674.100 564674.150 564674.250 564674.350 564674.350 564674.250 564674.150 564674.050 564674.050 564674.250 564674.630 564675.250 564676.500 564676.950 564677.500 564677.850 564678.250 564678.600 564678.950 564679.350 564679.900 564681.450 564682.700 564683.200 564683.700 564684.600 564685.550 564686.200 564686.420 564686.150 564685.800 564685.250 564684.200 564682.300 564679.400 564676.850 564676.350 564675.800 564675.700 564675.600 564675.150 564674.800 564674.450 564673.950 564673.650 564673.450 564673.100 564671.600 564671.150 564670.850 564670.600 564670.250 564669.750 564668.500 564667.400 564664.450 564661.198 564661.198
69 423717.170 423717.600 423717.950 423718.150 423718.150 423717.850 423715.900 423715.050 423714.800 423714.500 423713.800 423713.200 423712.650 423712.250 423711.850 423711.450 423711.000 423710.550 423710.300 423710.100 423709.950 423709.850 423709.700 423709.700 423709.900 423710.200 423711.100 423711.950 423713.050 423714.000 423715.280 423715.700 423716.050 423716.350 423716.800 423717.350 423717.700 423718.250 423718.900 423719.500 423719.900 423720.500 423721.000 423721.300 423721.650 423721.900 423722.200 423722.450 423722.650 423722.750 423722.800 423722.850 423722.850 423722.750 423722.700 423722.600 423722.350 423721.900 423721.600 423721.100 423720.850 423720.300 423720.000 423719.700 423719.250 423718.850 423718.400 423717.900 423717.170 564664.390 564664.750 564665.300 564665.650 564666.000 564666.300 564668.400 564669.150 564669.100 564668.900 564668.250 564667.600 564667.100 564666.850 564666.700 564666.650 564666.650 564666.800 564667.050 564667.350 564667.700 564668.050 564668.500 564669.000 564669.350 564669.650 564670.600 564671.450 564672.350 564673.350 564674.630 564674.250 564674.050 564674.050 564674.150 564674.250 564674.350 564674.350 564674.250 564674.150 564674.100 564673.950 564673.800 564673.600 564673.250 564672.900 564672.500 564672.100 564671.650 564671.100 564670.600 564670.150 564669.050 564668.550 564668.150 564667.700 564667.250 564666.500 564665.950 564665.550 564665.150 564664.650 564664.550 564664.400 564664.350 564664.250 564664.300 564664.300 564664.390
11 423696.600 423696.550 423696.019 423696.020 423696.100 423696.110 423696.190 423696.500 423696.650 423696.650 423696.600 564666.300 564664.854 564664.866 564664.900 564669.750 564670.500 564675.750 564675.400 564675.100 564671.750 564666.300
33 423701.400 423701.500 423702.100 423702.500 423703.000 423703.350 423703.600 423703.800 423703.850 423703.650 423703.400 423703.150 423702.900 423702.650 423702.100 423701.200 423700.900 423700.200 423699.600 423699.150 423698.900 423698.750 423698.600 423698.550 423698.550 423698.700 423698.900 423699.100 423699.550 423700.050 423700.450 423701.050 423701.400 564675.700 564675.800 564675.200 564674.700 564674.150 564673.750 564673.400 564672.900 564672.250 564671.750 564671.400 564671.150 564671.100 564671.000 564670.900 564670.900 564671.000 564670.900 564670.850 564670.700 564670.600 564670.850 564671.150 564671.600 564673.100 564673.450 564673.650 564673.950 564674.450 564674.800 564675.150 564675.600 564675.700
33 423648.260 423648.150 423648.050 423647.300 423647.400 423647.450 423647.450 423647.350 423647.350 423647.300 423647.150 423645.800 423645.300 423645.100 423645.000 423645.050 423645.350 423645.850 423646.800 423647.760 423648.350 423649.150 423650.050 423650.350 423650.550 423650.450 423650.300 423650.200 423650.050 423649.650 423648.850 423648.550 423648.260 564693.950 564691.450 564686.570 564686.590 564687.350 564687.850 564688.450 564689.450 564690.250 564691.150 564692.150 564692.300 564692.700 564692.900 564693.100 564693.620 564693.700 564694.600 564695.950 564697.480 564697.050 564696.250 564695.500 564695.150 564694.800 564694.500 564694.250 564694.100 564694.050 564693.950 564694.000 564694.050 564693.950
13 423638.074 423638.150 423638.350 423638.850 423639.600 423640.150 423639.774 423639.236 423638.931 423638.662 423638.220 423638.074 423638.074 564696.245 564696.200 564695.850 564695.100 564694.400 564693.770 564693.387 564692.695 564692.168 564691.704 564690.880 564690.884 564696.245
5 423647.928 423653.413 423653.389 423647.760 423647.928 564697.751 564697.751 564697.081 564697.480 564697.751
5 423647.928 423653.413 423653.389 423647.760 423647.928 564697.751 564697.751 564697.081 564697.480 564697.751
60 423653.413 423647.928 423648.300 423650.200 423650.450 423650.400 423650.250 423652.450 423654.000 423655.750 423656.200 423656.450 423656.700 423656.800 423656.950 423657.050 423656.950 423656.800 423656.550 423656.300 423655.950 423655.650 423655.050 423653.650 423648.420 423648.230 423647.700 423644.000 423638.550 423638.074 423638.074 423656.500 423657.200 423657.800 423658.450 423659.450 423659.500 423659.050 423658.450 423657.900 423657.150 423656.450 423655.850 423655.700 423655.700 423655.650 423655.600 423655.600 423655.626 423654.836 423654.605 423654.466 423654.190 423654.012 423653.831 423653.765 423653.563 423653.482 423653.417 423653.413 564697.751 564697.751 564698.350 564701.500 564701.950 564702.200 564702.650 564702.850 564703.050 564703.200 564703.250 564703.450 564703.800 564704.100 564704.500 564704.900 564705.250 564705.900 564706.400 564706.450 564706.650 564706.600 564706.600 564706.650 564706.780 564706.820 564706.950 564707.050 564707.150 564707.170 564708.874 564708.400 564707.900 564707.350 564707.000 564706.400 564702.950 564702.700 564702.550 564702.350 564702.050 564701.800 564701.450 564701.350 564701.000 564700.700 564700.300 564699.950 564699.797 564699.794 564699.747 564699.680 564699.465 564699.314 564699.093 564698.998 564698.551 564698.253 564697.855 564697.751
60 423653.413 423647.928 423648.300 423650.200 423650.450 423650.400 423650.250 423652.450 423654.000 423655.750 423656.200 423656.450 423656.700 423656.800 423656.950 423657.050 423656.950 423656.800 423656.550 423656.300 423655.950 423655.650 423655.050 423653.650 423648.420 423648.230 423647.700 423644.000 423638.550 423638.074 423638.074 423656.500 423657.200 423657.800 423658.450 423659.450 423659.500 423659.050 423658.450 423657.900 423657.150 423656.450 423655.850 423655.700 423655.700 423655.650 423655.600 423655.600 423655.626 423654.836 423654.605 423654.466 423654.190 423654.012 423653.831 423653.765 423653.563 423653.482 423653.417 423653.413 564697.751 564697.751 564698.350 564701.500 564701.950 564702.200 564702.650 564702.850 564703.050 564703.200 564703.250 564703.450 564703.800 564704.100 564704.500 564704.900 564705.250 564705.900 564706.400 564706.450 564706.650 564706.600 564706.600 564706.650 564706.780 564706.820 564706.950 564707.050 564707.150 564707.170 564708.874 564708.400 564707.900 564707.350 564707.000 564706.400 564702.950 564702.700 564702.550 564702.350 564702.050 564701.800 564701.450 564701.350 564701.000 564700.700 564700.300 564699.950 564699.797 564699.794 564699.747 564699.680 564699.465 564699.314 564699.093 564698.998 564698.551 564698.253 564697.855 564697.751
60 423653.413 423647.928 423648.300 423650.200 423650.450 423650.400 423650.250 423652.450 423654.000 423655.750 423656.200 423656.450 423656.700 423656.800 423656.950 423657.050 423656.950 423656.800 423656.550 423656.300 423655.950 423655.650 423655.050 423653.650 423648.420 423648.230 423647.700 423644.000 423638.550 423638.074 423638.074 423656.500 423657.200 423657.800 423658.450 423659.450 423659.500 423659.050 423658.450 423657.900 423657.150 423656.450 423655.850 423655.700 423655.700 423655.650 423655.600 423655.600 423655.626 423654.836 423654.605 423654.466 423654.190 423654.012 423653.831 423653.765 423653.563 423653.482 423653.417 423653.413 564697.751 564697.751 564698.350 564701.500 564701.950 564702.200 564702.650 564702.850 564703.050 564703.200 564703.250 564703.450 564703.800 564704.100 564704.500 564704.900 564705.250 564705.900 564706.400 564706.450 564706.650 564706.600 564706.600 564706.650 564706.780 564706.820 564706.950 564707.050 564707.150 564707.170 564708.874 564708.400 564707.900 564707.350 564707.000 564706.400 564702.950 564702.700 564702.550 564702.350 564702.050 564701.800 564701.450 564701.350 564701.000 564700.700 564700.300 564699.950 564699.797 564699.794 564699.747 564699.680 564699.465 564699.314 564699.093 564698.998 564698.551 564698.253 564697.855 564697.751
26 423652.450 423650.250 423650.000 423649.950 423649.800 423649.600 423649.350 423648.750 423648.420 423653.650 423655.050 423655.650 423655.950 423656.300 423656.550 423656.800 423656.950 423657.050 423656.950 423656.800 423656.700 423656.450 423656.200 423655.750 423654.000 423652.450 564702.850 564702.650 564703.500 564703.850 564704.400 564705.000 564705.500 564706.300 564706.780 564706.650 564706.600 564706.600 564706.650 564706.450 564706.400 564705.900 564705.250 564704.900 564704.500 564704.100 564703.800 564703.450 564703.250 564703.200 564703.050 564702.850
26 423652.450 423650.250 423650.000 423649.950 423649.800 423649.600 423649.350 423648.750 423648.420 423653.650 423655.050 423655.650 423655.950 423656.300 423656.550 423656.800 423656.950 423657.050 423656.950 423656.800 423656.700 423656.450 423656.200 423655.750 423654.000 423652.450 564702.850 564702.650 564703.500 564703.850 564704.400 564705.000 564705.500 564706.300 564706.780 564706.650 564706.600 564706.600 564706.650 564706.450 564706.400 564705.900 564705.250 564704.900 564704.500 564704.100 564703.800 564703.450 564703.250 564703.200 564703.050 564702.850
