9
5 423370.566 423364.007 423370.908 423370.908 423370.566 564528.223 564528.980 564528.424 564528.186 564528.223
63 423370.908 423370.850 423361.520 423355.050 423348.150 423337.010 423336.800 423336.580 423336.370 423336.160 423336.040 423335.950 423335.740 423335.530 423335.320 423335.120 423334.920 423334.720 423334.520 423334.330 423334.140 423333.880 423333.700 423333.540 423333.370 423333.210 423333.060 423332.920 423332.780 423332.640 423332.520 423332.400 423332.290 423332.180 423332.080 423332.000 423331.910 423331.840 423331.780 423331.720 423331.670 423331.630 423331.600 423331.580 423331.570 423331.570 423331.570 423331.590 423331.602 423338.443 423338.650 423339.250 423339.650 423340.650 423341.650 423342.800 423343.950 423344.200 423359.400 423367.300 423369.450 423370.908 423370.908 564536.095 564536.100 564536.800 564537.290 564537.810 564537.650 564537.640 564537.640 564537.660 564537.680 564537.690 564537.700 564537.740 564537.790 564537.840 564537.900 564537.970 564538.050 564538.140 564538.230 564538.340 564538.500 564538.620 564538.750 564538.890 564539.030 564539.180 564539.330 564539.490 564539.660 564539.830 564540.010 564540.190 564540.380 564540.570 564540.760 564540.960 564541.160 564541.360 564541.560 564541.770 564541.980 564542.210 564542.420 564542.630 564542.850 564543.060 564543.270 564543.395 564543.395 564543.050 564542.450 564542.100 564541.500 564541.100 564540.800 564540.650 564540.650 564539.550 564539.000 564538.850 564538.737 564536.095
63 423370.908 423370.850 423361.520 423355.050 423348.150 423337.010 423336.800 423336.580 423336.370 423336.160 423336.040 423335.950 423335.740 423335.530 423335.320 423335.120 423334.920 423334.720 423334.520 423334.330 423334.140 423333.880 423333.700 423333.540 423333.370 423333.210 423333.060 423332.920 423332.780 423332.640 423332.520 423332.400 423332.290 423332.180 423332.080 423332.000 423331.910 423331.840 423331.780 423331.720 423331.670 423331.630 423331.600 423331.580 423331.570 423331.570 423331.570 423331.590 423331.602 423338.443 423338.650 423339.250 423339.650 423340.650 423341.650 423342.800 423343.950 423344.200 423359.400 423367.300 423369.450 423370.908 423370.908 564536.095 564536.100 564536.800 564537.290 564537.810 564537.650 564537.640 564537.640 564537.660 564537.680 564537.690 564537.700 564537.740 564537.790 564537.840 564537.900 564537.970 564538.050 564538.140 564538.230 564538.340 564538.500 564538.620 564538.750 564538.890 564539.030 564539.180 564539.330 564539.490 564539.660 564539.830 564540.010 564540.190 564540.380 564540.570 564540.760 564540.960 564541.160 564541.360 564541.560 564541.770 564541.980 564542.210 564542.420 564542.630 564542.850 564543.060 564543.270 564543.395 564543.395 564543.050 564542.450 564542.100 564541.500 564541.100 564540.800 564540.650 564540.650 564539.550 564539.000 564538.850 564538.737 564536.095
54 423327.360 423327.270 423327.080 423326.870 423326.650 423326.410 423326.160 423325.900 423325.800 423325.730 423325.650 423325.560 423325.470 423325.380 423325.360 423325.280 423325.180 423325.080 423325.010 423324.910 423324.790 423324.680 423324.560 423324.450 423324.330 423324.200 423324.080 423323.960 423323.830 423323.700 423323.580 423323.450 423323.320 423322.798 423317.516 423307.500 423307.050 423306.600 423306.350 423306.000 423305.650 423305.450 423305.300 423305.250 423305.300 423305.300 423306.016 423306.000 423312.550 423321.250 423322.017 423324.214 423324.252 423327.360 564543.395 564543.220 564542.880 564542.540 564542.220 564541.900 564541.600 564541.300 564541.160 564541.060 564540.960 564540.860 564540.770 564540.680 564540.670 564540.600 564540.520 564540.450 564540.400 564540.330 564540.270 564540.210 564540.160 564540.110 564540.060 564540.020 564539.990 564539.960 564539.930 564539.920 564539.900 564539.890 564539.890 564539.933 564540.370 564541.200 564541.200 564541.300 564541.400 564541.650 564542.000 564542.300 564542.600 564542.900 564543.200 564543.395 564543.395 564543.200 564542.700 564542.050 564543.009 564542.855 564543.395 564543.395
54 423327.360 423327.270 423327.080 423326.870 423326.650 423326.410 423326.160 423325.900 423325.800 423325.730 423325.650 423325.560 423325.470 423325.380 423325.360 423325.280 423325.180 423325.080 423325.010 423324.910 423324.790 423324.680 423324.560 423324.450 423324.330 423324.200 423324.080 423323.960 423323.830 423323.700 423323.580 423323.450 423323.320 423322.798 423317.516 423307.500 423307.050 423306.600 423306.350 423306.000 423305.650 423305.450 423305.300 423305.250 423305.300 423305.300 423306.016 423306.000 423312.550 423321.250 423322.017 423324.214 423324.252 423327.360 564543.395 564543.220 564542.880 564542.540 564542.220 564541.900 564541.600 564541.300 564541.160 564541.060 564540.960 564540.860 564540.770 564540.680 564540.670 564540.600 564540.520 564540.450 564540.400 564540.330 564540.270 564540.210 564540.160 564540.110 564540.060 564540.020 564539.990 564539.960 564539.930 564539.920 564539.900 564539.890 564539.890 564539.933 564540.370 564541.200 564541.200 564541.300 564541.400 564541.650 564542.000 564542.300 564542.600 564542.900 564543.200 564543.395 564543.395 564543.200 564542.700 564542.050 564543.009 564542.855 564543.395 564543.395
54 423327.360 423327.270 423327.080 423326.870 423326.650 423326.410 423326.160 423325.900 423325.800 423325.730 423325.650 423325.560 423325.470 423325.380 423325.360 423325.280 423325.180 423325.080 423325.010 423324.910 423324.790 423324.680 423324.560 423324.450 423324.330 423324.200 423324.080 423323.960 423323.830 423323.700 423323.580 423323.450 423323.320 423322.798 423317.516 423307.500 423307.050 423306.600 423306.350 423306.000 423305.650 423305.450 423305.300 423305.250 423305.300 423305.300 423306.016 423306.000 423312.550 423321.250 423322.017 423324.214 423324.252 423327.360 564543.395 564543.220 564542.880 564542.540 564542.220 564541.900 564541.600 564541.300 564541.160 564541.060 564540.960 564540.860 564540.770 564540.680 564540.670 564540.600 564540.520 564540.450 564540.400 564540.330 564540.270 564540.210 564540.160 564540.110 564540.060 564540.020 564539.990 564539.960 564539.930 564539.920 564539.900 564539.890 564539.890 564539.933 564540.370 564541.200 564541.200 564541.300 564541.400 564541.650 564542.000 564542.300 564542.600 564542.900 564543.200 564543.395 564543.395 564543.200 564542.700 564542.050 564543.009 564542.855 564543.395 564543.395
16 423300.921 423300.950 423300.900 423300.800 423300.650 423300.450 423300.200 423299.990 423299.750 423299.250 423298.850 423298.350 423282.400 423281.852 423281.852 423300.921 564543.395 564543.250 564543.050 564542.800 564542.650 564542.500 564542.350 564542.230 564542.100 564541.950 564541.850 564541.850 564543.050 564543.100 564543.395 564543.395
16 423300.921 423300.950 423300.900 423300.800 423300.650 423300.450 423300.200 423299.990 423299.750 423299.250 423298.850 423298.350 423282.400 423281.852 423281.852 423300.921 564543.395 564543.250 564543.050 564542.800 564542.650 564542.500 564542.350 564542.230 564542.100 564541.950 564541.850 564541.850 564543.050 564543.100 564543.395 564543.395
16 423300.921 423300.950 423300.900 423300.800 423300.650 423300.450 423300.200 423299.990 423299.750 423299.250 423298.850 423298.350 423282.400 423281.852 423281.852 423300.921 564543.395 564543.250 564543.050 564542.800 564542.650 564542.500 564542.350 564542.230 564542.100 564541.950 564541.850 564541.850 564543.050 564543.100 564543.395 564543.395
