28
72 423727.130 423723.550 423712.800 423706.500 423705.800 423705.200 423704.700 423703.900 423703.300 423702.650 423702.350 423701.750 423701.150 423700.250 423699.950 423699.700 423699.600 423699.000 423698.750 423698.050 423697.200 423696.650 423696.400 423696.400 423696.450 423696.600 423696.850 423697.100 423697.450 423697.950 423698.600 423699.350 423702.910 423702.700 423702.610 423701.920 423698.300 423697.200 423696.450 423696.000 423695.550 423695.200 423695.000 423694.800 423694.700 423694.600 423694.550 423694.650 423694.750 423695.400 423696.050 423697.000 423697.500 423698.150 423698.650 423699.050 423699.450 423700.150 423701.450 423702.150 423702.650 423703.100 423703.550 423704.050 423704.500 423705.100 423705.850 423706.650 423715.040 423726.950 423727.130 423727.130 564861.710 564862.850 564866.400 564868.550 564868.750 564868.900 564869.000 564869.000 564869.050 564868.950 564868.800 564868.550 564868.200 564867.300 564866.900 564866.450 564866.150 564865.050 564863.850 564861.300 564857.900 564854.300 564853.250 564852.900 564852.500 564852.100 564851.700 564851.350 564851.050 564850.700 564850.550 564850.350 564849.910 564848.830 564848.340 564847.960 564848.600 564848.950 564849.250 564849.650 564850.000 564850.400 564850.800 564851.150 564851.700 564852.300 564853.000 564854.050 564854.950 564857.300 564860.350 564864.300 564866.000 564867.450 564868.400 564868.800 564869.250 564869.800 564870.450 564870.700 564870.800 564870.900 564871.050 564871.150 564871.150 564871.200 564871.150 564870.900 564868.250 564864.550 564864.492 564861.710
72 423727.130 423723.550 423712.800 423706.500 423705.800 423705.200 423704.700 423703.900 423703.300 423702.650 423702.350 423701.750 423701.150 423700.250 423699.950 423699.700 423699.600 423699.000 423698.750 423698.050 423697.200 423696.650 423696.400 423696.400 423696.450 423696.600 423696.850 423697.100 423697.450 423697.950 423698.600 423699.350 423702.910 423702.700 423702.610 423701.920 423698.300 423697.200 423696.450 423696.000 423695.550 423695.200 423695.000 423694.800 423694.700 423694.600 423694.550 423694.650 423694.750 423695.400 423696.050 423697.000 423697.500 423698.150 423698.650 423699.050 423699.450 423700.150 423701.450 423702.150 423702.650 423703.100 423703.550 423704.050 423704.500 423705.100 423705.850 423706.650 423715.040 423726.950 423727.130 423727.130 564861.710 564862.850 564866.400 564868.550 564868.750 564868.900 564869.000 564869.000 564869.050 564868.950 564868.800 564868.550 564868.200 564867.300 564866.900 564866.450 564866.150 564865.050 564863.850 564861.300 564857.900 564854.300 564853.250 564852.900 564852.500 564852.100 564851.700 564851.350 564851.050 564850.700 564850.550 564850.350 564849.910 564848.830 564848.340 564847.960 564848.600 564848.950 564849.250 564849.650 564850.000 564850.400 564850.800 564851.150 564851.700 564852.300 564853.000 564854.050 564854.950 564857.300 564860.350 564864.300 564866.000 564867.450 564868.400 564868.800 564869.250 564869.800 564870.450 564870.700 564870.800 564870.900 564871.050 564871.150 564871.150 564871.200 564871.150 564870.900 564868.250 564864.550 564864.492 564861.710
72 423727.130 423723.550 423712.800 423706.500 423705.800 423705.200 423704.700 423703.900 423703.300 423702.650 423702.350 423701.750 423701.150 423700.250 423699.950 423699.700 423699.600 423699.000 423698.750 423698.050 423697.200 423696.650 423696.400 423696.400 423696.450 423696.600 423696.850 423697.100 423697.450 423697.950 423698.600 423699.350 423702.910 423702.700 423702.610 423701.920 423698.300 423697.200 423696.450 423696.000 423695.550 423695.200 423695.000 423694.800 423694.700 423694.600 423694.550 423694.650 423694.750 423695.400 423696.050 423697.000 423697.500 423698.150 423698.650 423699.050 423699.450 423700.150 423701.450 423702.150 423702.650 423703.100 423703.550 423704.050 423704.500 423705.100 423705.850 423706.650 423715.040 423726.950 423727.130 423727.130 564861.710 564862.850 564866.400 564868.550 564868.750 564868.900 564869.000 564869.000 564869.050 564868.950 564868.800 564868.550 564868.200 564867.300 564866.900 564866.450 564866.150 564865.050 564863.850 564861.300 564857.900 564854.300 564853.250 564852.900 564852.500 564852.100 564851.700 564851.350 564851.050 564850.700 564850.550 564850.350 564849.910 564848.830 564848.340 564847.960 564848.600 564848.950 564849.250 564849.650 564850.000 564850.400 564850.800 564851.150 564851.700 564852.300 564853.000 564854.050 564854.950 564857.300 564860.350 564864.300 564866.000 564867.450 564868.400 564868.800 564869.250 564869.800 564870.450 564870.700 564870.800 564870.900 564871.050 564871.150 564871.150 564871.200 564871.150 564870.900 564868.250 564864.550 564864.492 564861.710
5 423700.603 423700.740 423703.340 423723.445 423700.603 564837.902 564838.620 564838.670 564837.902 564837.902
24 423690.833 423690.800 423690.950 423691.000 423691.150 423691.250 423691.450 423691.850 423692.100 423692.450 423692.750 423693.100 423693.350 423693.950 423694.600 423695.050 423695.600 423696.300 423696.950 423697.350 423698.780 423697.850 423697.771 423690.833 564837.902 564838.050 564838.500 564839.050 564839.500 564839.950 564840.350 564840.950 564841.300 564841.550 564841.900 564842.100 564842.250 564842.450 564842.650 564842.700 564842.800 564842.850 564842.900 564842.890 564842.870 564838.200 564837.902 564837.902
7 423700.740 423700.603 423697.771 423697.850 423698.780 423701.550 423700.740 564838.620 564837.902 564837.902 564838.200 564842.870 564842.840 564838.620
114 423638.074 423641.900 423646.400 423647.500 423647.900 423648.700 423649.950 423655.250 423660.950 423661.950 423662.500 423663.050 423664.000 423670.400 423680.500 423685.400 423686.550 423687.300 423687.800 423688.200 423688.600 423689.150 423689.500 423689.850 423690.500 423688.550 423686.800 423686.100 423685.450 423685.000 423684.750 423684.500 423684.350 423684.150 423684.100 423684.050 423684.050 423684.000 423683.950 423684.000 423684.000 423683.950 423684.050 423684.050 423684.150 423684.200 423684.250 423684.250 423684.200 423684.200 423684.100 423684.050 423683.700 423683.550 423683.450 423683.150 423682.550 423681.950 423681.100 423680.780 423680.300 423679.800 423679.748 423676.352 423676.366 423678.282 423678.625 423679.100 423679.570 423679.700 423680.350 423680.439 423681.000 423681.350 423681.484 423681.600 423681.800 423682.050 423682.150 423682.200 423682.150 423682.150 423682.150 423682.080 423682.250 423682.300 423682.200 423682.050 423681.900 423681.700 423681.300 423678.800 423672.300 423668.989 423667.150 423666.510 423660.450 423660.200 423659.150 423657.650 423654.850 423653.950 423651.900 423649.750 423648.200 423647.350 423646.200 423644.900 423643.450 423641.100 423639.250 423638.500 423638.074 423638.074 564889.539 564888.250 564886.800 564886.450 564886.400 564886.350 564886.250 564885.850 564885.400 564885.250 564885.150 564885.000 564884.650 564882.600 564879.350 564877.800 564877.300 564877.000 564876.600 564876.250 564876.000 564875.400 564875.000 564874.300 564873.500 564874.000 564874.650 564874.950 564875.150 564875.250 564875.250 564875.150 564874.950 564874.450 564874.200 564873.750 564873.250 564872.550 564871.900 564870.900 564870.200 564869.650 564868.500 564866.800 564865.950 564865.400 564864.400 564863.850 564863.550 564863.000 564862.550 564862.000 564860.450 564859.200 564858.200 564856.700 564853.350 564849.850 564845.700 564843.650 564841.150 564838.200 564837.902 564837.902 564838.332 564841.271 564843.065 564845.700 564848.244 564848.950 564852.750 564853.174 564855.850 564857.750 564858.527 564859.200 564860.750 564861.800 564862.500 564863.450 564868.250 564868.942 564869.600 564874.000 564874.950 564875.600 564875.850 564876.050 564876.100 564876.200 564876.500 564877.300 564879.400 564880.396 564880.950 564881.110 564883.000 564883.150 564883.250 564883.300 564883.400 564883.450 564883.650 564883.600 564883.700 564883.850 564884.300 564884.650 564885.150 564885.850 564886.300 564886.600 564886.731 564889.539
114 423638.074 423641.900 423646.400 423647.500 423647.900 423648.700 423649.950 423655.250 423660.950 423661.950 423662.500 423663.050 423664.000 423670.400 423680.500 423685.400 423686.550 423687.300 423687.800 423688.200 423688.600 423689.150 423689.500 423689.850 423690.500 423688.550 423686.800 423686.100 423685.450 423685.000 423684.750 423684.500 423684.350 423684.150 423684.100 423684.050 423684.050 423684.000 423683.950 423684.000 423684.000 423683.950 423684.050 423684.050 423684.150 423684.200 423684.250 423684.250 423684.200 423684.200 423684.100 423684.050 423683.700 423683.550 423683.450 423683.150 423682.550 423681.950 423681.100 423680.780 423680.300 423679.800 423679.748 423676.352 423676.366 423678.282 423678.625 423679.100 423679.570 423679.700 423680.350 423680.439 423681.000 423681.350 423681.484 423681.600 423681.800 423682.050 423682.150 423682.200 423682.150 423682.150 423682.150 423682.080 423682.250 423682.300 423682.200 423682.050 423681.900 423681.700 423681.300 423678.800 423672.300 423668.989 423667.150 423666.510 423660.450 423660.200 423659.150 423657.650 423654.850 423653.950 423651.900 423649.750 423648.200 423647.350 423646.200 423644.900 423643.450 423641.100 423639.250 423638.500 423638.074 423638.074 564889.539 564888.250 564886.800 564886.450 564886.400 564886.350 564886.250 564885.850 564885.400 564885.250 564885.150 564885.000 564884.650 564882.600 564879.350 564877.800 564877.300 564877.000 564876.600 564876.250 564876.000 564875.400 564875.000 564874.300 564873.500 564874.000 564874.650 564874.950 564875.150 564875.250 564875.250 564875.150 564874.950 564874.450 564874.200 564873.750 564873.250 564872.550 564871.900 564870.900 564870.200 564869.650 564868.500 564866.800 564865.950 564865.400 564864.400 564863.850 564863.550 564863.000 564862.550 564862.000 564860.450 564859.200 564858.200 564856.700 564853.350 564849.850 564845.700 564843.650 564841.150 564838.200 564837.902 564837.902 564838.332 564841.271 564843.065 564845.700 564848.244 564848.950 564852.750 564853.174 564855.850 564857.750 564858.527 564859.200 564860.750 564861.800 564862.500 564863.450 564868.250 564868.942 564869.600 564874.000 564874.950 564875.600 564875.850 564876.050 564876.100 564876.200 564876.500 564877.300 564879.400 564880.396 564880.950 564881.110 564883.000 564883.150 564883.250 564883.300 564883.400 564883.450 564883.650 564883.600 564883.700 564883.850 564884.300 564884.650 564885.150 564885.850 564886.300 564886.600 564886.731 564889.539
114 423638.074 423641.900 423646.400 423647.500 423647.900 423648.700 423649.950 423655.250 423660.950 423661.950 423662.500 423663.050 423664.000 423670.400 423680.500 423685.400 423686.550 423687.300 423687.800 423688.200 423688.600 423689.150 423689.500 423689.850 423690.500 423688.550 423686.800 423686.100 423685.450 423685.000 423684.750 423684.500 423684.350 423684.150 423684.100 423684.050 423684.050 423684.000 423683.950 423684.000 423684.000 423683.950 423684.050 423684.050 423684.150 423684.200 423684.250 423684.250 423684.200 423684.200 423684.100 423684.050 423683.700 423683.550 423683.450 423683.150 423682.550 423681.950 423681.100 423680.780 423680.300 423679.800 423679.748 423676.352 423676.366 423678.282 423678.625 423679.100 423679.570 423679.700 423680.350 423680.439 423681.000 423681.350 423681.484 423681.600 423681.800 423682.050 423682.150 423682.200 423682.150 423682.150 423682.150 423682.080 423682.250 423682.300 423682.200 423682.050 423681.900 423681.700 423681.300 423678.800 423672.300 423668.989 423667.150 423666.510 423660.450 423660.200 423659.150 423657.650 423654.850 423653.950 423651.900 423649.750 423648.200 423647.350 423646.200 423644.900 423643.450 423641.100 423639.250 423638.500 423638.074 423638.074 564889.539 564888.250 564886.800 564886.450 564886.400 564886.350 564886.250 564885.850 564885.400 564885.250 564885.150 564885.000 564884.650 564882.600 564879.350 564877.800 564877.300 564877.000 564876.600 564876.250 564876.000 564875.400 564875.000 564874.300 564873.500 564874.000 564874.650 564874.950 564875.150 564875.250 564875.250 564875.150 564874.950 564874.450 564874.200 564873.750 564873.250 564872.550 564871.900 564870.900 564870.200 564869.650 564868.500 564866.800 564865.950 564865.400 564864.400 564863.850 564863.550 564863.000 564862.550 564862.000 564860.450 564859.200 564858.200 564856.700 564853.350 564849.850 564845.700 564843.650 564841.150 564838.200 564837.902 564837.902 564838.332 564841.271 564843.065 564845.700 564848.244 564848.950 564852.750 564853.174 564855.850 564857.750 564858.527 564859.200 564860.750 564861.800 564862.500 564863.450 564868.250 564868.942 564869.600 564874.000 564874.950 564875.600 564875.850 564876.050 564876.100 564876.200 564876.500 564877.300 564879.400 564880.396 564880.950 564881.110 564883.000 564883.150 564883.250 564883.300 564883.400 564883.450 564883.650 564883.600 564883.700 564883.850 564884.300 564884.650 564885.150 564885.850 564886.300 564886.600 564886.731 564889.539
114 423638.074 423641.900 423646.400 423647.500 423647.900 423648.700 423649.950 423655.250 423660.950 423661.950 423662.500 423663.050 423664.000 423670.400 423680.500 423685.400 423686.550 423687.300 423687.800 423688.200 423688.600 423689.150 423689.500 423689.850 423690.500 423688.550 423686.800 423686.100 423685.450 423685.000 423684.750 423684.500 423684.350 423684.150 423684.100 423684.050 423684.050 423684.000 423683.950 423684.000 423684.000 423683.950 423684.050 423684.050 423684.150 423684.200 423684.250 423684.250 423684.200 423684.200 423684.100 423684.050 423683.700 423683.550 423683.450 423683.150 423682.550 423681.950 423681.100 423680.780 423680.300 423679.800 423679.748 423676.352 423676.366 423678.282 423678.625 423679.100 423679.570 423679.700 423680.350 423680.439 423681.000 423681.350 423681.484 423681.600 423681.800 423682.050 423682.150 423682.200 423682.150 423682.150 423682.150 423682.080 423682.250 423682.300 423682.200 423682.050 423681.900 423681.700 423681.300 423678.800 423672.300 423668.989 423667.150 423666.510 423660.450 423660.200 423659.150 423657.650 423654.850 423653.950 423651.900 423649.750 423648.200 423647.350 423646.200 423644.900 423643.450 423641.100 423639.250 423638.500 423638.074 423638.074 564889.539 564888.250 564886.800 564886.450 564886.400 564886.350 564886.250 564885.850 564885.400 564885.250 564885.150 564885.000 564884.650 564882.600 564879.350 564877.800 564877.300 564877.000 564876.600 564876.250 564876.000 564875.400 564875.000 564874.300 564873.500 564874.000 564874.650 564874.950 564875.150 564875.250 564875.250 564875.150 564874.950 564874.450 564874.200 564873.750 564873.250 564872.550 564871.900 564870.900 564870.200 564869.650 564868.500 564866.800 564865.950 564865.400 564864.400 564863.850 564863.550 564863.000 564862.550 564862.000 564860.450 564859.200 564858.200 564856.700 564853.350 564849.850 564845.700 564843.650 564841.150 564838.200 564837.902 564837.902 564838.332 564841.271 564843.065 564845.700 564848.244 564848.950 564852.750 564853.174 564855.850 564857.750 564858.527 564859.200 564860.750 564861.800 564862.500 564863.450 564868.250 564868.942 564869.600 564874.000 564874.950 564875.600 564875.850 564876.050 564876.100 564876.200 564876.500 564877.300 564879.400 564880.396 564880.950 564881.110 564883.000 564883.150 564883.250 564883.300 564883.400 564883.450 564883.650 564883.600 564883.700 564883.850 564884.300 564884.650 564885.150 564885.850 564886.300 564886.600 564886.731 564889.539
57 423688.550 423690.500 423690.750 423691.050 423691.250 423691.450 423691.600 423691.650 423691.700 423691.650 423691.550 423690.750 423689.800 423689.050 423688.250 423687.550 423686.800 423686.450 423684.910 423679.748 423679.800 423680.300 423680.780 423681.100 423681.950 423682.550 423683.150 423683.450 423683.550 423683.700 423684.050 423684.100 423684.200 423684.200 423684.250 423684.250 423684.200 423684.150 423684.050 423684.050 423683.950 423684.000 423684.000 423683.950 423684.000 423684.050 423684.050 423684.100 423684.150 423684.350 423684.500 423684.750 423685.000 423685.450 423686.100 423686.800 423688.550 564874.000 564873.500 564872.850 564872.100 564871.400 564870.600 564869.800 564869.200 564868.550 564868.000 564867.150 564864.200 564859.700 564856.450 564853.000 564850.100 564847.350 564845.600 564837.902 564837.902 564838.200 564841.150 564843.650 564845.700 564849.850 564853.350 564856.700 564858.200 564859.200 564860.450 564862.000 564862.550 564863.000 564863.550 564863.850 564864.400 564865.400 564865.950 564866.800 564868.500 564869.650 564870.200 564870.900 564871.900 564872.550 564873.250 564873.750 564874.200 564874.450 564874.950 564875.150 564875.250 564875.250 564875.150 564874.950 564874.650 564874.000
57 423688.550 423690.500 423690.750 423691.050 423691.250 423691.450 423691.600 423691.650 423691.700 423691.650 423691.550 423690.750 423689.800 423689.050 423688.250 423687.550 423686.800 423686.450 423684.910 423679.748 423679.800 423680.300 423680.780 423681.100 423681.950 423682.550 423683.150 423683.450 423683.550 423683.700 423684.050 423684.100 423684.200 423684.200 423684.250 423684.250 423684.200 423684.150 423684.050 423684.050 423683.950 423684.000 423684.000 423683.950 423684.000 423684.050 423684.050 423684.100 423684.150 423684.350 423684.500 423684.750 423685.000 423685.450 423686.100 423686.800 423688.550 564874.000 564873.500 564872.850 564872.100 564871.400 564870.600 564869.800 564869.200 564868.550 564868.000 564867.150 564864.200 564859.700 564856.450 564853.000 564850.100 564847.350 564845.600 564837.902 564837.902 564838.200 564841.150 564843.650 564845.700 564849.850 564853.350 564856.700 564858.200 564859.200 564860.450 564862.000 564862.550 564863.000 564863.550 564863.850 564864.400 564865.400 564865.950 564866.800 564868.500 564869.650 564870.200 564870.900 564871.900 564872.550 564873.250 564873.750 564874.200 564874.450 564874.950 564875.150 564875.250 564875.250 564875.150 564874.950 564874.650 564874.000
68 423721.850 423721.830 423721.810 423721.800 423721.780 423721.770 423721.750 423721.740 423721.730 423721.710 423721.700 423721.690 423721.670 423721.660 423721.650 423721.640 423721.630 423721.620 423721.610 423721.600 423721.590 423721.580 423721.570 423721.570 423721.560 423721.560 423721.550 423721.550 423721.550 423721.550 423721.550 423721.550 423721.550 423721.550 423721.550 423721.550 423722.800 423724.140 423725.180 423725.170 423725.150 423725.140 423725.120 423725.110 423725.090 423725.070 423725.050 423725.040 423725.020 423725.000 423724.960 423724.940 423724.920 423724.900 423724.880 423724.860 423724.840 423724.820 423724.800 423724.770 423724.750 423724.730 423724.710 423724.690 423724.670 423724.650 423724.620 423721.850 564867.920 564867.920 564867.930 564867.930 564867.930 564867.940 564867.950 564867.950 564867.960 564867.970 564867.980 564867.980 564867.990 564868.000 564868.010 564868.020 564868.040 564868.050 564868.060 564868.080 564868.100 564868.110 564868.120 564868.140 564868.150 564868.170 564868.180 564868.200 564868.210 564868.230 564868.240 564868.260 564868.270 564868.290 564868.300 564868.320 564869.300 564868.880 564867.190 564867.170 564867.160 564867.140 564867.130 564867.120 564867.100 564867.090 564867.080 564867.070 564867.060 564867.050 564867.040 564867.030 564867.030 564867.020 564867.020 564867.020 564867.020 564867.020 564867.020 564867.020 564867.020 564867.020 564867.030 564867.030 564867.040 564867.050 564867.060 564867.920
72 423706.670 423708.960 423708.980 423708.990 423709.010 423709.020 423709.030 423709.050 423709.060 423709.080 423709.090 423709.100 423709.110 423709.130 423709.140 423709.150 423709.160 423709.170 423709.180 423709.190 423709.200 423709.220 423709.220 423709.230 423709.230 423709.240 423709.240 423709.250 423709.250 423709.250 423709.260 423709.260 423709.260 423709.260 423709.260 423709.260 423709.260 423709.250 423709.250 423707.800 423706.470 423706.200 423706.210 423706.220 423706.230 423706.240 423706.250 423706.260 423706.280 423706.290 423706.300 423706.320 423706.330 423706.350 423706.360 423706.390 423706.410 423706.420 423706.440 423706.460 423706.470 423706.490 423706.510 423706.520 423706.540 423706.560 423706.580 423706.590 423706.610 423706.630 423706.640 423706.670 564876.670 564875.940 564875.940 564875.940 564875.930 564875.930 564875.920 564875.920 564875.910 564875.910 564875.900 564875.890 564875.880 564875.870 564875.870 564875.860 564875.850 564875.830 564875.820 564875.810 564875.800 564875.780 564875.760 564875.750 564875.740 564875.720 564875.710 564875.690 564875.680 564875.660 564875.650 564875.630 564875.620 564875.600 564875.590 564875.570 564875.560 564875.540 564875.530 564874.630 564875.060 564876.510 564876.520 564876.540 564876.550 564876.570 564876.580 564876.590 564876.600 564876.610 564876.620 564876.630 564876.640 564876.650 564876.660 564876.670 564876.680 564876.680 564876.690 564876.690 564876.690 564876.690 564876.700 564876.700 564876.700 564876.690 564876.690 564876.690 564876.690 564876.680 564876.680 564876.670
23 423682.250 423682.080 423676.100 423666.500 423663.500 423662.761 423662.850 423663.750 423664.500 423665.000 423665.600 423666.510 423667.150 423668.989 423672.300 423678.800 423681.300 423681.700 423681.900 423682.050 423682.200 423682.300 423682.250 564874.950 564874.000 564874.000 564874.100 564874.200 564874.195 564874.550 564877.350 564879.400 564880.050 564880.450 564881.110 564880.950 564880.396 564879.400 564877.300 564876.500 564876.200 564876.100 564876.050 564875.850 564875.600 564874.950
51 423685.050 423685.350 423687.550 423687.700 423687.900 423688.300 423689.200 423690.906 423692.709 423699.504 423699.146 423702.200 423707.550 423709.850 423711.900 423713.650 423714.350 423716.351 423716.979 423717.520 423719.593 423723.001 423726.250 423727.130 423727.130 423724.950 423716.350 423711.190 423703.100 423696.600 423693.320 423688.000 423680.050 423671.900 423664.750 423660.000 423656.950 423650.650 423649.300 423657.004 423660.850 423665.700 423671.150 423673.800 423676.800 423678.450 423679.600 423682.800 423684.350 423684.750 423685.050 564888.150 564888.150 564887.300 564887.200 564887.100 564886.950 564886.600 564886.075 564886.687 564884.503 564883.449 564882.400 564880.800 564880.000 564879.350 564878.850 564878.600 564878.350 564878.271 564878.030 564877.247 564876.216 564875.150 564874.872 564871.929 564872.600 564875.450 564877.010 564879.600 564881.600 564882.670 564884.400 564886.950 564889.600 564891.850 564893.300 564894.400 564896.400 564896.804 564896.804 564895.650 564894.150 564892.450 564891.650 564890.650 564890.200 564889.850 564888.750 564888.300 564888.200 564888.150
51 423685.050 423685.350 423687.550 423687.700 423687.900 423688.300 423689.200 423690.906 423692.709 423699.504 423699.146 423702.200 423707.550 423709.850 423711.900 423713.650 423714.350 423716.351 423716.979 423717.520 423719.593 423723.001 423726.250 423727.130 423727.130 423724.950 423716.350 423711.190 423703.100 423696.600 423693.320 423688.000 423680.050 423671.900 423664.750 423660.000 423656.950 423650.650 423649.300 423657.004 423660.850 423665.700 423671.150 423673.800 423676.800 423678.450 423679.600 423682.800 423684.350 423684.750 423685.050 564888.150 564888.150 564887.300 564887.200 564887.100 564886.950 564886.600 564886.075 564886.687 564884.503 564883.449 564882.400 564880.800 564880.000 564879.350 564878.850 564878.600 564878.350 564878.271 564878.030 564877.247 564876.216 564875.150 564874.872 564871.929 564872.600 564875.450 564877.010 564879.600 564881.600 564882.670 564884.400 564886.950 564889.600 564891.850 564893.300 564894.400 564896.400 564896.804 564896.804 564895.650 564894.150 564892.450 564891.650 564890.650 564890.200 564889.850 564888.750 564888.300 564888.200 564888.150
51 423685.050 423685.350 423687.550 423687.700 423687.900 423688.300 423689.200 423690.906 423692.709 423699.504 423699.146 423702.200 423707.550 423709.850 423711.900 423713.650 423714.350 423716.351 423716.979 423717.520 423719.593 423723.001 423726.250 423727.130 423727.130 423724.950 423716.350 423711.190 423703.100 423696.600 423693.320 423688.000 423680.050 423671.900 423664.750 423660.000 423656.950 423650.650 423649.300 423657.004 423660.850 423665.700 423671.150 423673.800 423676.800 423678.450 423679.600 423682.800 423684.350 423684.750 423685.050 564888.150 564888.150 564887.300 564887.200 564887.100 564886.950 564886.600 564886.075 564886.687 564884.503 564883.449 564882.400 564880.800 564880.000 564879.350 564878.850 564878.600 564878.350 564878.271 564878.030 564877.247 564876.216 564875.150 564874.872 564871.929 564872.600 564875.450 564877.010 564879.600 564881.600 564882.670 564884.400 564886.950 564889.600 564891.850 564893.300 564894.400 564896.400 564896.804 564896.804 564895.650 564894.150 564892.450 564891.650 564890.650 564890.200 564889.850 564888.750 564888.300 564888.200 564888.150
25 423688.841 423716.979 423716.351 423714.350 423713.650 423711.900 423709.850 423707.550 423702.200 423699.146 423699.504 423692.709 423690.906 423689.200 423688.300 423687.900 423687.700 423687.550 423687.450 423687.400 423687.450 423688.150 423688.740 423688.750 423688.841 564890.840 564878.271 564878.350 564878.600 564878.850 564879.350 564880.000 564880.800 564882.400 564883.449 564884.503 564886.687 564886.075 564886.600 564886.950 564887.100 564887.200 564887.300 564887.500 564887.650 564887.950 564889.550 564890.700 564890.660 564890.840
13 423667.840 423668.369 423668.851 423669.161 423669.439 423669.646 423669.651 423669.610 423669.466 423669.119 423668.834 423668.531 423667.840 564886.268 564887.753 564887.581 564887.431 564887.193 564886.931 564886.613 564886.428 564886.272 564886.107 564886.071 564886.094 564886.268
6 423668.369 423667.840 423665.377 423665.888 423667.447 423668.369 564887.753 564886.268 564887.106 564888.576 564888.081 564887.753
12 423665.888 423665.377 423664.750 423664.322 423664.165 423663.975 423663.950 423664.052 423664.281 423664.650 423665.206 423665.888 564888.576 564887.106 564887.311 564887.544 564887.717 564888.057 564888.311 564888.556 564888.751 564888.863 564888.792 564888.576
12 423686.650 423685.850 423686.400 423689.460 423689.120 423689.050 423688.841 423688.750 423688.740 423687.800 423687.610 423686.650 564891.300 564891.540 564893.200 564892.100 564891.390 564891.250 564890.840 564890.660 564890.700 564891.100 564891.130 564891.300
8 423680.550 423678.800 423679.000 423679.560 423686.400 423685.850 423681.900 423680.550 564893.050 564893.530 564894.100 564895.550 564893.200 564891.540 564892.700 564893.050
33 423660.200 423660.450 423660.900 423661.300 423661.450 423661.650 423661.700 423661.700 423661.550 423661.300 423660.960 423660.880 423659.000 423658.200 423651.250 423644.600 423638.074 423638.074 423638.500 423639.250 423641.100 423643.450 423644.900 423646.200 423647.350 423648.200 423649.750 423651.900 423653.950 423654.850 423657.650 423659.150 423660.200 564883.150 564883.000 564882.750 564882.350 564882.050 564881.550 564881.000 564880.400 564879.900 564879.400 564878.260 564877.890 564878.350 564878.600 564880.200 564881.650 564883.147 564886.731 564886.600 564886.300 564885.850 564885.150 564884.650 564884.300 564883.850 564883.700 564883.600 564883.650 564883.450 564883.400 564883.300 564883.250 564883.150
33 423660.200 423660.450 423660.900 423661.300 423661.450 423661.650 423661.700 423661.700 423661.550 423661.300 423660.960 423660.880 423659.000 423658.200 423651.250 423644.600 423638.074 423638.074 423638.500 423639.250 423641.100 423643.450 423644.900 423646.200 423647.350 423648.200 423649.750 423651.900 423653.950 423654.850 423657.650 423659.150 423660.200 564883.150 564883.000 564882.750 564882.350 564882.050 564881.550 564881.000 564880.400 564879.900 564879.400 564878.260 564877.890 564878.350 564878.600 564880.200 564881.650 564883.147 564886.731 564886.600 564886.300 564885.850 564885.150 564884.650 564884.300 564883.850 564883.700 564883.600 564883.650 564883.450 564883.400 564883.300 564883.250 564883.150
47 423685.850 423686.650 423687.610 423686.900 423686.650 423686.450 423686.250 423686.050 423685.850 423685.600 423685.350 423685.050 423684.750 423684.350 423682.800 423679.600 423678.450 423676.800 423673.800 423671.150 423665.700 423660.850 423657.004 423658.802 423661.500 423663.450 423664.600 423665.400 423665.950 423666.900 423667.700 423668.150 423668.550 423669.300 423670.150 423671.450 423673.200 423674.750 423676.000 423676.600 423677.600 423678.280 423678.600 423678.800 423680.550 423681.900 423685.850 564891.540 564891.300 564891.130 564889.850 564889.200 564888.800 564888.550 564888.500 564888.400 564888.250 564888.150 564888.150 564888.200 564888.300 564888.750 564889.850 564890.200 564890.650 564891.650 564892.450 564894.150 564895.650 564896.804 564896.804 564896.050 564895.450 564895.100 564894.850 564894.800 564894.650 564894.450 564894.350 564894.350 564894.250 564894.050 564893.750 564893.450 564893.100 564892.900 564892.700 564892.600 564892.460 564893.050 564893.530 564893.050 564892.700 564891.540
47 423685.850 423686.650 423687.610 423686.900 423686.650 423686.450 423686.250 423686.050 423685.850 423685.600 423685.350 423685.050 423684.750 423684.350 423682.800 423679.600 423678.450 423676.800 423673.800 423671.150 423665.700 423660.850 423657.004 423658.802 423661.500 423663.450 423664.600 423665.400 423665.950 423666.900 423667.700 423668.150 423668.550 423669.300 423670.150 423671.450 423673.200 423674.750 423676.000 423676.600 423677.600 423678.280 423678.600 423678.800 423680.550 423681.900 423685.850 564891.540 564891.300 564891.130 564889.850 564889.200 564888.800 564888.550 564888.500 564888.400 564888.250 564888.150 564888.150 564888.200 564888.300 564888.750 564889.850 564890.200 564890.650 564891.650 564892.450 564894.150 564895.650 564896.804 564896.804 564896.050 564895.450 564895.100 564894.850 564894.800 564894.650 564894.450 564894.350 564894.350 564894.250 564894.050 564893.750 564893.450 564893.100 564892.900 564892.700 564892.600 564892.460 564893.050 564893.530 564893.050 564892.700 564891.540
