19
68 423846.144 423846.150 423844.180 423844.170 423845.300 423845.900 423846.350 423846.700 423846.250 423845.850 423845.300 423844.600 423843.600 423842.800 423842.000 423841.050 423836.300 423826.150 423825.650 423825.300 423825.000 423824.850 423824.750 423824.600 423824.500 423824.100 423820.050 423818.750 423816.450 423816.250 423816.186 423816.186 423816.950 423817.700 423819.100 423819.800 423820.750 423821.950 423822.700 423823.500 423823.800 423824.100 423824.450 423825.100 423826.350 423832.050 423836.850 423837.160 423840.100 423841.650 423842.450 423842.800 423843.300 423843.850 423844.650 423845.850 423847.150 423847.500 423847.800 423848.250 423848.700 423849.150 423849.400 423849.650 423849.900 423850.000 423850.074 423846.144 564720.099 564720.600 564720.600 564722.100 564722.050 564722.000 564722.400 564722.850 564723.400 564723.850 564724.300 564724.750 564725.000 564725.350 564725.550 564725.600 564725.600 564725.750 564725.750 564725.550 564725.350 564725.150 564724.950 564724.700 564724.150 564724.160 564724.200 564723.150 564721.900 564722.000 564722.008 564725.099 564725.300 564725.500 564726.050 564726.300 564726.800 564727.100 564727.300 564727.450 564727.500 564727.600 564727.650 564727.600 564727.600 564727.600 564727.550 564727.550 564727.500 564727.450 564727.350 564727.350 564727.200 564727.000 564726.750 564726.450 564725.800 564725.600 564725.300 564724.500 564723.950 564723.150 564722.700 564722.200 564721.200 564720.450 564720.099 564720.099
68 423846.144 423846.150 423844.180 423844.170 423845.300 423845.900 423846.350 423846.700 423846.250 423845.850 423845.300 423844.600 423843.600 423842.800 423842.000 423841.050 423836.300 423826.150 423825.650 423825.300 423825.000 423824.850 423824.750 423824.600 423824.500 423824.100 423820.050 423818.750 423816.450 423816.250 423816.186 423816.186 423816.950 423817.700 423819.100 423819.800 423820.750 423821.950 423822.700 423823.500 423823.800 423824.100 423824.450 423825.100 423826.350 423832.050 423836.850 423837.160 423840.100 423841.650 423842.450 423842.800 423843.300 423843.850 423844.650 423845.850 423847.150 423847.500 423847.800 423848.250 423848.700 423849.150 423849.400 423849.650 423849.900 423850.000 423850.074 423846.144 564720.099 564720.600 564720.600 564722.100 564722.050 564722.000 564722.400 564722.850 564723.400 564723.850 564724.300 564724.750 564725.000 564725.350 564725.550 564725.600 564725.600 564725.750 564725.750 564725.550 564725.350 564725.150 564724.950 564724.700 564724.150 564724.160 564724.200 564723.150 564721.900 564722.000 564722.008 564725.099 564725.300 564725.500 564726.050 564726.300 564726.800 564727.100 564727.300 564727.450 564727.500 564727.600 564727.650 564727.600 564727.600 564727.600 564727.550 564727.550 564727.500 564727.450 564727.350 564727.350 564727.200 564727.000 564726.750 564726.450 564725.800 564725.600 564725.300 564724.500 564723.950 564723.150 564722.700 564722.200 564721.200 564720.450 564720.099 564720.099
27 423840.850 423835.350 423829.750 423824.500 423824.600 423824.750 423824.850 423825.000 423825.300 423825.650 423826.150 423836.300 423841.050 423842.000 423842.800 423843.600 423844.600 423845.300 423845.850 423846.250 423846.700 423846.350 423845.900 423845.300 423844.170 423844.150 423840.850 564723.980 564724.040 564724.100 564724.150 564724.700 564724.950 564725.150 564725.350 564725.550 564725.750 564725.750 564725.600 564725.600 564725.550 564725.350 564725.000 564724.750 564724.300 564723.850 564723.400 564722.850 564722.400 564722.000 564722.050 564722.100 564723.950 564723.980
24 423816.186 423824.600 423825.050 423825.400 423825.800 423826.050 423826.150 423826.300 423826.350 423826.500 423826.500 423826.400 423826.150 423826.050 423825.550 423824.950 423824.300 423823.700 423822.450 423821.900 423820.800 423820.150 423816.186 423816.186 564738.029 564738.000 564737.950 564737.800 564737.500 564737.100 564736.950 564736.500 564736.050 564735.150 564734.400 564734.050 564733.650 564733.550 564733.200 564733.000 564732.900 564732.950 564732.950 564732.900 564732.700 564732.550 564731.108 564738.029
23 423835.780 423844.300 423851.450 423851.250 423850.950 423850.500 423849.950 423849.850 423849.200 423847.800 423846.900 423845.900 423844.850 423840.250 423839.850 423839.500 423839.100 423838.750 423838.450 423838.150 423837.150 423835.500 423835.780 564738.950 564738.650 564738.450 564737.850 564737.150 564736.500 564736.050 564735.950 564735.550 564735.050 564734.850 564734.750 564734.800 564734.950 564734.900 564734.950 564735.050 564735.200 564735.400 564735.650 564736.400 564738.100 564738.950
7 423905.241 423880.647 423883.939 423884.020 423886.940 423905.241 423905.241 564738.175 564779.001 564779.001 564778.890 564774.300 564744.194 564738.175
14 423846.550 423846.700 423846.950 423847.800 423848.600 423849.300 423849.700 423850.350 423850.900 423851.150 423851.400 423851.500 423851.450 423846.550 564761.980 564770.980 564770.950 564770.800 564770.500 564770.100 564769.800 564769.250 564768.600 564768.050 564767.350 564766.600 564761.850 564761.980
11 423868.261 423866.100 423864.936 423869.754 423870.672 423870.854 423870.790 423870.775 423870.378 423869.558 423868.261 564775.719 564775.570 564779.001 564779.001 564777.563 564777.068 564776.749 564776.671 564776.301 564776.010 564775.719
75 423816.186 423820.800 423823.800 423824.050 423824.350 423824.650 423825.000 423825.300 423825.650 423827.250 423828.350 423828.800 423829.900 423830.950 423831.100 423832.050 423832.950 423844.350 423844.440 423844.500 423844.500 423844.560 423844.650 423844.650 423844.732 423846.767 423846.700 423846.550 423846.400 423846.350 423849.100 423851.100 423851.700 423852.250 423852.600 423853.050 423853.350 423853.450 423853.500 423853.450 423853.400 423853.250 423853.000 423852.600 423852.150 423851.850 423851.150 423850.450 423849.850 423849.000 423848.150 423847.500 423846.300 423845.050 423841.500 423840.150 423839.050 423838.300 423837.500 423837.250 423836.600 423836.100 423835.250 423832.800 423832.050 423831.050 423830.000 423828.900 423827.700 423826.350 423825.200 423822.750 423818.000 423816.186 423816.186 564745.119 564745.100 564744.900 564744.950 564744.950 564744.900 564744.850 564744.850 564745.050 564744.650 564744.400 564744.200 564743.700 564743.050 564742.900 564742.200 564741.200 564740.900 564751.470 564758.350 564758.750 564764.750 564773.170 564773.600 564779.001 564779.001 564770.980 564761.980 564747.000 564740.800 564740.750 564740.750 564740.650 564740.450 564740.250 564739.900 564739.400 564739.200 564738.700 564738.250 564737.750 564737.150 564736.450 564735.800 564735.150 564734.800 564734.250 564733.750 564733.450 564733.150 564732.950 564732.850 564732.750 564732.750 564732.800 564732.800 564732.950 564733.150 564733.500 564733.650 564734.100 564734.600 564735.550 564738.250 564739.100 564740.050 564740.800 564741.450 564742.050 564742.450 564742.700 564742.700 564742.650 564742.671 564745.119
126 423873.416 423878.300 423878.900 423879.450 423880.500 423882.350 423883.900 423885.500 423887.700 423889.600 423893.300 423895.950 423897.800 423899.300 423903.900 423905.241 423905.241 423905.150 423904.100 423903.550 423902.900 423901.450 423896.300 423893.250 423892.250 423890.350 423888.100 423885.650 423883.600 423881.950 423880.650 423880.500 423880.350 423880.150 423879.550 423879.100 423878.500 423877.100 423877.350 423877.500 423877.600 423877.550 423877.450 423877.150 423875.800 423873.850 423873.600 423873.400 423873.250 423873.050 423872.410 423872.300 423871.800 423871.100 423870.700 423870.450 423870.050 423869.650 423869.250 423868.850 423868.550 423867.850 423867.550 423867.150 423866.750 423866.050 423865.550 423865.100 423864.800 423864.600 423864.550 423864.500 423864.300 423864.250 423864.150 423864.150 423864.200 423864.300 423864.450 423864.350 423864.250 423864.250 423864.150 423863.600 423863.517 423856.083 423856.150 423856.350 423856.600 423856.950 423857.300 423857.750 423858.400 423859.050 423859.223 423859.550 423859.788 423860.000 423860.500 423860.900 423860.926 423861.150 423861.200 423861.400 423861.500 423861.750 423861.750 423861.900 423862.050 423862.250 423862.600 423863.100 423863.550 423864.200 423864.700 423865.250 423866.100 423868.261 423869.558 423870.378 423870.775 423870.790 423870.854 423870.672 423869.754 423873.416 564779.001 564770.720 564769.750 564768.850 564767.300 564764.150 564761.800 564759.150 564755.450 564752.550 564746.550 564742.050 564739.250 564736.750 564729.300 564727.162 564722.063 564722.200 564723.750 564724.600 564725.750 564727.950 564736.550 564741.050 564742.850 564746.050 564749.650 564753.650 564757.200 564759.850 564762.050 564762.350 564762.700 564762.900 564763.350 564763.750 564764.050 564765.850 564766.200 564766.500 564766.800 564767.150 564767.450 564768.000 564770.700 564772.750 564772.900 564773.000 564773.150 564773.300 564773.810 564773.950 564774.250 564774.450 564774.500 564774.500 564774.450 564774.350 564774.300 564774.200 564774.100 564773.900 564773.700 564773.450 564773.150 564772.650 564772.150 564771.200 564770.600 564770.100 564769.800 564769.600 564768.400 564768.000 564767.650 564763.650 564763.300 564762.850 564762.500 564758.950 564758.750 564758.150 564750.900 564726.500 564720.099 564720.099 564720.350 564720.950 564721.550 564722.300 564723.000 564723.700 564724.550 564725.350 564725.610 564726.100 564726.443 564726.750 564727.300 564727.700 564728.366 564734.080 564735.300 564748.000 564757.850 564766.100 564769.350 564770.100 564770.550 564771.050 564771.750 564772.600 564773.350 564774.100 564774.650 564775.000 564775.570 564775.719 564776.010 564776.301 564776.671 564776.749 564777.068 564777.563 564779.001 564779.001
75 423816.186 423820.800 423823.800 423824.050 423824.350 423824.650 423825.000 423825.300 423825.650 423827.250 423828.350 423828.800 423829.900 423830.950 423831.100 423832.050 423832.950 423844.350 423844.440 423844.500 423844.500 423844.560 423844.650 423844.650 423844.732 423846.767 423846.700 423846.550 423846.400 423846.350 423849.100 423851.100 423851.700 423852.250 423852.600 423853.050 423853.350 423853.450 423853.500 423853.450 423853.400 423853.250 423853.000 423852.600 423852.150 423851.850 423851.150 423850.450 423849.850 423849.000 423848.150 423847.500 423846.300 423845.050 423841.500 423840.150 423839.050 423838.300 423837.500 423837.250 423836.600 423836.100 423835.250 423832.800 423832.050 423831.050 423830.000 423828.900 423827.700 423826.350 423825.200 423822.750 423818.000 423816.186 423816.186 564745.119 564745.100 564744.900 564744.950 564744.950 564744.900 564744.850 564744.850 564745.050 564744.650 564744.400 564744.200 564743.700 564743.050 564742.900 564742.200 564741.200 564740.900 564751.470 564758.350 564758.750 564764.750 564773.170 564773.600 564779.001 564779.001 564770.980 564761.980 564747.000 564740.800 564740.750 564740.750 564740.650 564740.450 564740.250 564739.900 564739.400 564739.200 564738.700 564738.250 564737.750 564737.150 564736.450 564735.800 564735.150 564734.800 564734.250 564733.750 564733.450 564733.150 564732.950 564732.850 564732.750 564732.750 564732.800 564732.800 564732.950 564733.150 564733.500 564733.650 564734.100 564734.600 564735.550 564738.250 564739.100 564740.050 564740.800 564741.450 564742.050 564742.450 564742.700 564742.700 564742.650 564742.671 564745.119
126 423873.416 423878.300 423878.900 423879.450 423880.500 423882.350 423883.900 423885.500 423887.700 423889.600 423893.300 423895.950 423897.800 423899.300 423903.900 423905.241 423905.241 423905.150 423904.100 423903.550 423902.900 423901.450 423896.300 423893.250 423892.250 423890.350 423888.100 423885.650 423883.600 423881.950 423880.650 423880.500 423880.350 423880.150 423879.550 423879.100 423878.500 423877.100 423877.350 423877.500 423877.600 423877.550 423877.450 423877.150 423875.800 423873.850 423873.600 423873.400 423873.250 423873.050 423872.410 423872.300 423871.800 423871.100 423870.700 423870.450 423870.050 423869.650 423869.250 423868.850 423868.550 423867.850 423867.550 423867.150 423866.750 423866.050 423865.550 423865.100 423864.800 423864.600 423864.550 423864.500 423864.300 423864.250 423864.150 423864.150 423864.200 423864.300 423864.450 423864.350 423864.250 423864.250 423864.150 423863.600 423863.517 423856.083 423856.150 423856.350 423856.600 423856.950 423857.300 423857.750 423858.400 423859.050 423859.223 423859.550 423859.788 423860.000 423860.500 423860.900 423860.926 423861.150 423861.200 423861.400 423861.500 423861.750 423861.750 423861.900 423862.050 423862.250 423862.600 423863.100 423863.550 423864.200 423864.700 423865.250 423866.100 423868.261 423869.558 423870.378 423870.775 423870.790 423870.854 423870.672 423869.754 423873.416 564779.001 564770.720 564769.750 564768.850 564767.300 564764.150 564761.800 564759.150 564755.450 564752.550 564746.550 564742.050 564739.250 564736.750 564729.300 564727.162 564722.063 564722.200 564723.750 564724.600 564725.750 564727.950 564736.550 564741.050 564742.850 564746.050 564749.650 564753.650 564757.200 564759.850 564762.050 564762.350 564762.700 564762.900 564763.350 564763.750 564764.050 564765.850 564766.200 564766.500 564766.800 564767.150 564767.450 564768.000 564770.700 564772.750 564772.900 564773.000 564773.150 564773.300 564773.810 564773.950 564774.250 564774.450 564774.500 564774.500 564774.450 564774.350 564774.300 564774.200 564774.100 564773.900 564773.700 564773.450 564773.150 564772.650 564772.150 564771.200 564770.600 564770.100 564769.800 564769.600 564768.400 564768.000 564767.650 564763.650 564763.300 564762.850 564762.500 564758.950 564758.750 564758.150 564750.900 564726.500 564720.099 564720.099 564720.350 564720.950 564721.550 564722.300 564723.000 564723.700 564724.550 564725.350 564725.610 564726.100 564726.443 564726.750 564727.300 564727.700 564728.366 564734.080 564735.300 564748.000 564757.850 564766.100 564769.350 564770.100 564770.550 564771.050 564771.750 564772.600 564773.350 564774.100 564774.650 564775.000 564775.570 564775.719 564776.010 564776.301 564776.671 564776.749 564777.068 564777.563 564779.001 564779.001
75 423816.186 423820.800 423823.800 423824.050 423824.350 423824.650 423825.000 423825.300 423825.650 423827.250 423828.350 423828.800 423829.900 423830.950 423831.100 423832.050 423832.950 423844.350 423844.440 423844.500 423844.500 423844.560 423844.650 423844.650 423844.732 423846.767 423846.700 423846.550 423846.400 423846.350 423849.100 423851.100 423851.700 423852.250 423852.600 423853.050 423853.350 423853.450 423853.500 423853.450 423853.400 423853.250 423853.000 423852.600 423852.150 423851.850 423851.150 423850.450 423849.850 423849.000 423848.150 423847.500 423846.300 423845.050 423841.500 423840.150 423839.050 423838.300 423837.500 423837.250 423836.600 423836.100 423835.250 423832.800 423832.050 423831.050 423830.000 423828.900 423827.700 423826.350 423825.200 423822.750 423818.000 423816.186 423816.186 564745.119 564745.100 564744.900 564744.950 564744.950 564744.900 564744.850 564744.850 564745.050 564744.650 564744.400 564744.200 564743.700 564743.050 564742.900 564742.200 564741.200 564740.900 564751.470 564758.350 564758.750 564764.750 564773.170 564773.600 564779.001 564779.001 564770.980 564761.980 564747.000 564740.800 564740.750 564740.750 564740.650 564740.450 564740.250 564739.900 564739.400 564739.200 564738.700 564738.250 564737.750 564737.150 564736.450 564735.800 564735.150 564734.800 564734.250 564733.750 564733.450 564733.150 564732.950 564732.850 564732.750 564732.750 564732.800 564732.800 564732.950 564733.150 564733.500 564733.650 564734.100 564734.600 564735.550 564738.250 564739.100 564740.050 564740.800 564741.450 564742.050 564742.450 564742.700 564742.700 564742.650 564742.671 564745.119
126 423873.416 423878.300 423878.900 423879.450 423880.500 423882.350 423883.900 423885.500 423887.700 423889.600 423893.300 423895.950 423897.800 423899.300 423903.900 423905.241 423905.241 423905.150 423904.100 423903.550 423902.900 423901.450 423896.300 423893.250 423892.250 423890.350 423888.100 423885.650 423883.600 423881.950 423880.650 423880.500 423880.350 423880.150 423879.550 423879.100 423878.500 423877.100 423877.350 423877.500 423877.600 423877.550 423877.450 423877.150 423875.800 423873.850 423873.600 423873.400 423873.250 423873.050 423872.410 423872.300 423871.800 423871.100 423870.700 423870.450 423870.050 423869.650 423869.250 423868.850 423868.550 423867.850 423867.550 423867.150 423866.750 423866.050 423865.550 423865.100 423864.800 423864.600 423864.550 423864.500 423864.300 423864.250 423864.150 423864.150 423864.200 423864.300 423864.450 423864.350 423864.250 423864.250 423864.150 423863.600 423863.517 423856.083 423856.150 423856.350 423856.600 423856.950 423857.300 423857.750 423858.400 423859.050 423859.223 423859.550 423859.788 423860.000 423860.500 423860.900 423860.926 423861.150 423861.200 423861.400 423861.500 423861.750 423861.750 423861.900 423862.050 423862.250 423862.600 423863.100 423863.550 423864.200 423864.700 423865.250 423866.100 423868.261 423869.558 423870.378 423870.775 423870.790 423870.854 423870.672 423869.754 423873.416 564779.001 564770.720 564769.750 564768.850 564767.300 564764.150 564761.800 564759.150 564755.450 564752.550 564746.550 564742.050 564739.250 564736.750 564729.300 564727.162 564722.063 564722.200 564723.750 564724.600 564725.750 564727.950 564736.550 564741.050 564742.850 564746.050 564749.650 564753.650 564757.200 564759.850 564762.050 564762.350 564762.700 564762.900 564763.350 564763.750 564764.050 564765.850 564766.200 564766.500 564766.800 564767.150 564767.450 564768.000 564770.700 564772.750 564772.900 564773.000 564773.150 564773.300 564773.810 564773.950 564774.250 564774.450 564774.500 564774.500 564774.450 564774.350 564774.300 564774.200 564774.100 564773.900 564773.700 564773.450 564773.150 564772.650 564772.150 564771.200 564770.600 564770.100 564769.800 564769.600 564768.400 564768.000 564767.650 564763.650 564763.300 564762.850 564762.500 564758.950 564758.750 564758.150 564750.900 564726.500 564720.099 564720.099 564720.350 564720.950 564721.550 564722.300 564723.000 564723.700 564724.550 564725.350 564725.610 564726.100 564726.443 564726.750 564727.300 564727.700 564728.366 564734.080 564735.300 564748.000 564757.850 564766.100 564769.350 564770.100 564770.550 564771.050 564771.750 564772.600 564773.350 564774.100 564774.650 564775.000 564775.570 564775.719 564776.010 564776.301 564776.671 564776.749 564777.068 564777.563 564779.001 564779.001
8 423905.241 423900.880 423899.131 423902.259 423903.000 423904.600 423905.241 423905.241 564768.828 564776.120 564779.001 564779.001 564777.900 564775.350 564774.207 564768.828
8 423905.241 423900.880 423899.131 423902.259 423903.000 423904.600 423905.241 423905.241 564768.828 564776.120 564779.001 564779.001 564777.900 564775.350 564774.207 564768.828
8 423905.241 423900.880 423899.131 423902.259 423903.000 423904.600 423905.241 423905.241 564768.828 564776.120 564779.001 564779.001 564777.900 564775.350 564774.207 564768.828
8 423905.241 423900.880 423899.131 423902.259 423903.000 423904.600 423905.241 423905.241 564768.828 564776.120 564779.001 564779.001 564777.900 564775.350 564774.207 564768.828
8 423905.241 423900.880 423899.131 423902.259 423903.000 423904.600 423905.241 423905.241 564768.828 564776.120 564779.001 564779.001 564777.900 564775.350 564774.207 564768.828
