39
35 423630.823 423630.950 423631.050 423627.050 423627.000 423626.950 423626.950 423626.850 423626.950 423627.050 423627.200 423627.300 423627.350 423627.400 423627.500 423627.700 423627.900 423628.150 423628.250 423628.150 423628.200 423628.150 423627.750 423627.900 423627.800 423628.500 423632.700 423633.250 423633.250 423633.207 423633.050 423633.027 423633.000 423632.921 423630.823 564661.198 564667.750 564670.400 564670.600 564670.950 564671.250 564672.000 564672.800 564674.050 564675.950 564680.350 564684.700 564689.300 564691.600 564692.200 564692.800 564693.900 564694.700 564693.800 564692.750 564691.850 564691.150 564676.050 564676.050 564673.450 564672.400 564672.270 564672.250 564670.250 564669.267 564665.700 564665.162 564664.550 564661.198 564661.198
35 423630.823 423630.950 423631.050 423627.050 423627.000 423626.950 423626.950 423626.850 423626.950 423627.050 423627.200 423627.300 423627.350 423627.400 423627.500 423627.700 423627.900 423628.150 423628.250 423628.150 423628.200 423628.150 423627.750 423627.900 423627.800 423628.500 423632.700 423633.250 423633.250 423633.207 423633.050 423633.027 423633.000 423632.921 423630.823 564661.198 564667.750 564670.400 564670.600 564670.950 564671.250 564672.000 564672.800 564674.050 564675.950 564680.350 564684.700 564689.300 564691.600 564692.200 564692.800 564693.900 564694.700 564693.800 564692.750 564691.850 564691.150 564676.050 564676.050 564673.450 564672.400 564672.270 564672.250 564670.250 564669.267 564665.700 564665.162 564664.550 564661.198 564661.198
37 423618.954 423619.000 423619.100 423614.030 423613.570 423613.853 423613.900 423614.100 423614.150 423614.270 423614.400 423614.454 423614.550 423614.690 423614.800 423614.300 423616.105 423616.328 423618.651 423617.650 423616.850 423616.700 423616.650 423616.600 423616.500 423616.400 423616.250 423616.250 423616.150 423616.000 423616.000 423616.100 423616.200 423615.900 423620.900 423620.810 423618.954 564661.198 564663.300 564666.050 564666.150 564666.170 564670.489 564671.200 564675.800 564677.350 564681.650 564686.200 564686.580 564687.250 564691.700 564695.050 564695.550 564697.324 564697.751 564697.751 564696.750 564695.850 564695.700 564695.100 564693.300 564690.200 564686.600 564685.000 564684.400 564679.550 564675.650 564675.050 564674.400 564674.050 564668.250 564668.150 564661.198 564661.198
37 423618.954 423619.000 423619.100 423614.030 423613.570 423613.853 423613.900 423614.100 423614.150 423614.270 423614.400 423614.454 423614.550 423614.690 423614.800 423614.300 423616.105 423616.328 423618.651 423617.650 423616.850 423616.700 423616.650 423616.600 423616.500 423616.400 423616.250 423616.250 423616.150 423616.000 423616.000 423616.100 423616.200 423615.900 423620.900 423620.810 423618.954 564661.198 564663.300 564666.050 564666.150 564666.170 564670.489 564671.200 564675.800 564677.350 564681.650 564686.200 564686.580 564687.250 564691.700 564695.050 564695.550 564697.324 564697.751 564697.751 564696.750 564695.850 564695.700 564695.100 564693.300 564690.200 564686.600 564685.000 564684.400 564679.550 564675.650 564675.050 564674.400 564674.050 564668.250 564668.150 564661.198 564661.198
20 423551.789 423555.969 423555.969 423553.400 423553.050 423553.600 423553.557 423553.400 423553.400 423553.400 423553.350 423553.250 423553.200 423553.175 423549.281 423549.380 423551.050 423551.250 423551.450 423551.789 564697.751 564697.751 564696.288 564696.350 564675.850 564673.750 564672.799 564669.300 564668.474 564667.750 564666.400 564663.620 564662.050 564661.198 564661.198 564663.800 564663.750 564669.400 564675.850 564697.751
20 423551.789 423555.969 423555.969 423553.400 423553.050 423553.600 423553.557 423553.400 423553.400 423553.400 423553.350 423553.250 423553.200 423553.175 423549.281 423549.380 423551.050 423551.250 423551.450 423551.789 564697.751 564697.751 564696.288 564696.350 564675.850 564673.750 564672.799 564669.300 564668.474 564667.750 564666.400 564663.620 564662.050 564661.198 564661.198 564663.800 564663.750 564669.400 564675.850 564697.751
8 423631.050 423630.950 423629.800 423628.650 423628.050 423627.650 423627.050 423631.050 564670.400 564667.750 564668.450 564669.300 564669.550 564669.700 564670.600 564670.400
24 423615.900 423616.200 423616.400 423616.700 423617.050 423617.700 423618.000 423618.350 423618.650 423618.950 423619.250 423619.600 423619.900 423620.500 423620.800 423621.050 423621.100 423621.050 423621.000 423620.900 423620.850 423620.850 423620.900 423615.900 564668.250 564674.050 564673.700 564673.450 564673.300 564672.950 564672.800 564672.650 564672.550 564672.400 564672.300 564672.250 564672.100 564671.900 564671.650 564671.300 564670.950 564670.550 564670.200 564669.800 564669.350 564668.500 564668.150 564668.250
10 423551.050 423549.380 423549.550 423549.019 423549.019 423549.330 423551.789 423551.450 423551.250 423551.050 564663.750 564663.800 564668.600 564669.043 564697.604 564697.751 564697.751 564675.850 564669.400 564663.750
10 423551.050 423549.380 423549.550 423549.019 423549.019 423549.330 423551.789 423551.450 423551.250 423551.050 564663.750 564663.800 564668.600 564669.043 564697.604 564697.751 564697.751 564675.850 564669.400 564663.750
28 423617.650 423618.651 423623.411 423623.730 423623.300 423622.850 423622.450 423622.100 423622.050 423621.900 423621.800 423621.500 423620.900 423620.500 423620.150 423619.650 423619.100 423618.450 423617.750 423617.150 423616.800 423616.400 423616.500 423616.600 423616.650 423616.700 423616.850 423617.650 564696.750 564697.751 564697.751 564697.400 564696.750 564695.850 564694.950 564694.050 564693.850 564692.700 564691.550 564689.400 564689.000 564688.700 564688.500 564688.200 564687.900 564687.500 564687.100 564686.800 564686.700 564686.600 564690.200 564693.300 564695.100 564695.700 564695.850 564696.750
28 423617.650 423618.651 423623.411 423623.730 423623.300 423622.850 423622.450 423622.100 423622.050 423621.900 423621.800 423621.500 423620.900 423620.500 423620.150 423619.650 423619.100 423618.450 423617.750 423617.150 423616.800 423616.400 423616.500 423616.600 423616.650 423616.700 423616.850 423617.650 564696.750 564697.751 564697.751 564697.400 564696.750 564695.850 564694.950 564694.050 564693.850 564692.700 564691.550 564689.400 564689.000 564688.700 564688.500 564688.200 564687.900 564687.500 564687.100 564686.800 564686.700 564686.600 564690.200 564693.300 564695.100 564695.700 564695.850 564696.750
13 423637.400 423637.640 423637.900 423638.074 423638.074 423637.050 423637.050 423637.100 423637.150 423637.100 423637.150 423637.300 423637.400 564695.450 564696.350 564696.350 564696.245 564690.884 564690.910 564691.550 564692.100 564692.700 564693.650 564694.200 564694.900 564695.450
29 423628.250 423628.150 423628.250 423628.550 423628.800 423629.050 423629.500 423630.300 423630.750 423631.450 423632.100 423632.750 423634.050 423636.800 423637.640 423637.400 423637.300 423637.150 423637.100 423637.150 423637.100 423637.050 423637.050 423634.850 423630.550 423628.150 423628.200 423628.150 423628.250 564693.800 564694.700 564695.100 564695.550 564695.800 564696.000 564696.250 564696.450 564696.600 564696.650 564696.700 564696.700 564696.600 564696.350 564696.350 564695.450 564694.900 564694.200 564693.650 564692.700 564692.100 564691.550 564690.910 564690.960 564691.100 564691.150 564691.850 564692.750 564693.800
10 423568.191 423572.876 423572.822 423568.954 423567.781 423566.125 423565.137 423565.900 423567.100 423568.191 564697.751 564697.751 564695.495 564695.701 564695.764 564695.852 564695.905 564696.350 564697.050 564697.751
10 423568.191 423572.876 423572.822 423568.954 423567.781 423566.125 423565.137 423565.900 423567.100 423568.191 564697.751 564697.751 564695.495 564695.701 564695.764 564695.852 564695.905 564696.350 564697.050 564697.751
11 423555.969 423555.969 423559.449 423559.450 423559.700 423559.800 423559.800 423559.750 423559.600 423557.758 423555.969 564696.288 564697.751 564697.751 564697.750 564697.350 564696.950 564696.600 564696.500 564696.200 564696.245 564696.288
11 423555.969 423555.969 423559.449 423559.450 423559.700 423559.800 423559.800 423559.750 423559.600 423557.758 423555.969 564696.288 564697.751 564697.751 564697.750 564697.350 564696.950 564696.600 564696.500 564696.200 564696.245 564696.288
5 423623.411 423623.961 423623.800 423623.730 423623.411 564697.751 564697.751 564697.500 564697.400 564697.751
5 423623.411 423623.961 423623.800 423623.730 423623.411 564697.751 564697.751 564697.500 564697.400 564697.751
9 423559.449 423555.969 423555.969 423557.200 423557.950 423558.350 423558.800 423559.200 423559.449 564697.751 564697.751 564698.393 564698.350 564698.400 564698.400 564698.300 564698.050 564697.751
9 423559.449 423555.969 423555.969 423557.200 423557.950 423558.350 423558.800 423559.200 423559.449 564697.751 564697.751 564698.393 564698.350 564698.400 564698.400 564698.300 564698.050 564697.751
6 423551.800 423551.789 423549.330 423549.750 423550.800 423551.800 564698.450 564697.751 564697.751 564697.950 564698.250 564698.450
6 423551.800 423551.789 423549.330 423549.750 423550.800 423551.800 564698.450 564697.751 564697.751 564697.950 564698.250 564698.450
6 423555.969 423555.969 423551.789 423551.800 423552.900 423555.969 564698.393 564697.751 564697.751 564698.450 564698.500 564698.393
6 423555.969 423555.969 423551.789 423551.800 423552.900 423555.969 564698.393 564697.751 564697.751 564698.450 564698.500 564698.393
11 423622.550 423623.411 423618.651 423618.750 423619.800 423620.300 423620.700 423621.150 423621.450 423621.750 423622.550 564698.700 564697.751 564697.751 564697.850 564699.400 564699.850 564699.950 564700.050 564699.750 564699.350 564698.700
11 423622.550 423623.411 423618.651 423618.750 423619.800 423620.300 423620.700 423621.150 423621.450 423621.750 423622.550 564698.700 564697.751 564697.751 564697.850 564699.400 564699.850 564699.950 564700.050 564699.750 564699.350 564698.700
35 423630.400 423631.460 423631.150 423631.000 423630.900 423630.750 423630.200 423629.450 423628.650 423628.150 423627.600 423627.050 423626.150 423625.550 423624.950 423623.750 423623.350 423623.000 423622.750 423622.600 423622.550 423622.500 423622.550 423622.700 423623.000 423623.650 423624.600 423626.000 423626.350 423627.500 423628.550 423628.950 423629.400 423629.950 423630.400 564706.700 564706.910 564706.600 564706.400 564706.200 564706.000 564705.000 564703.350 564701.500 564700.350 564700.300 564700.200 564699.700 564699.350 564698.950 564700.150 564700.600 564700.850 564701.050 564701.250 564701.400 564701.600 564701.800 564702.150 564702.650 564703.450 564704.700 564706.200 564706.100 564706.200 564706.200 564706.300 564706.450 564706.550 564706.700
59 423638.074 423635.050 423634.350 423633.350 423632.200 423631.850 423631.460 423630.400 423629.950 423629.400 423628.950 423628.550 423627.500 423626.350 423626.000 423624.600 423623.650 423623.000 423622.700 423622.550 423622.500 423622.550 423622.600 423622.750 423623.000 423623.350 423623.750 423624.950 423624.800 423624.250 423623.961 423623.411 423622.550 423621.750 423621.450 423621.150 423620.700 423620.300 423619.800 423618.750 423618.651 423616.328 423616.850 423617.700 423618.850 423620.050 423620.850 423621.150 423621.350 423621.500 423621.500 423621.550 423621.450 423621.530 423626.820 423630.430 423636.471 423638.074 423638.074 564707.170 564707.300 564707.300 564707.250 564707.200 564707.150 564706.910 564706.700 564706.550 564706.450 564706.300 564706.200 564706.200 564706.100 564706.200 564704.700 564703.450 564702.650 564702.150 564701.800 564701.600 564701.400 564701.250 564701.050 564700.850 564700.600 564700.150 564698.950 564698.800 564698.200 564697.751 564697.751 564698.700 564699.350 564699.750 564700.050 564699.950 564699.850 564699.400 564697.850 564697.751 564697.751 564698.750 564699.700 564700.950 564702.450 564703.250 564703.700 564704.050 564704.350 564705.100 564705.350 564705.550 564708.760 564708.640 564709.070 564708.915 564708.874 564707.170
59 423638.074 423635.050 423634.350 423633.350 423632.200 423631.850 423631.460 423630.400 423629.950 423629.400 423628.950 423628.550 423627.500 423626.350 423626.000 423624.600 423623.650 423623.000 423622.700 423622.550 423622.500 423622.550 423622.600 423622.750 423623.000 423623.350 423623.750 423624.950 423624.800 423624.250 423623.961 423623.411 423622.550 423621.750 423621.450 423621.150 423620.700 423620.300 423619.800 423618.750 423618.651 423616.328 423616.850 423617.700 423618.850 423620.050 423620.850 423621.150 423621.350 423621.500 423621.500 423621.550 423621.450 423621.530 423626.820 423630.430 423636.471 423638.074 423638.074 564707.170 564707.300 564707.300 564707.250 564707.200 564707.150 564706.910 564706.700 564706.550 564706.450 564706.300 564706.200 564706.200 564706.100 564706.200 564704.700 564703.450 564702.650 564702.150 564701.800 564701.600 564701.400 564701.250 564701.050 564700.850 564700.600 564700.150 564698.950 564698.800 564698.200 564697.751 564697.751 564698.700 564699.350 564699.750 564700.050 564699.950 564699.850 564699.400 564697.850 564697.751 564697.751 564698.750 564699.700 564700.950 564702.450 564703.250 564703.700 564704.050 564704.350 564705.100 564705.350 564705.550 564708.760 564708.640 564709.070 564708.915 564708.874 564707.170
59 423638.074 423635.050 423634.350 423633.350 423632.200 423631.850 423631.460 423630.400 423629.950 423629.400 423628.950 423628.550 423627.500 423626.350 423626.000 423624.600 423623.650 423623.000 423622.700 423622.550 423622.500 423622.550 423622.600 423622.750 423623.000 423623.350 423623.750 423624.950 423624.800 423624.250 423623.961 423623.411 423622.550 423621.750 423621.450 423621.150 423620.700 423620.300 423619.800 423618.750 423618.651 423616.328 423616.850 423617.700 423618.850 423620.050 423620.850 423621.150 423621.350 423621.500 423621.500 423621.550 423621.450 423621.530 423626.820 423630.430 423636.471 423638.074 423638.074 564707.170 564707.300 564707.300 564707.250 564707.200 564707.150 564706.910 564706.700 564706.550 564706.450 564706.300 564706.200 564706.200 564706.100 564706.200 564704.700 564703.450 564702.650 564702.150 564701.800 564701.600 564701.400 564701.250 564701.050 564700.850 564700.600 564700.150 564698.950 564698.800 564698.200 564697.751 564697.751 564698.700 564699.350 564699.750 564700.050 564699.950 564699.850 564699.400 564697.850 564697.751 564697.751 564698.750 564699.700 564700.950 564702.450 564703.250 564703.700 564704.050 564704.350 564705.100 564705.350 564705.550 564708.760 564708.640 564709.070 564708.915 564708.874 564707.170
69 423557.950 423555.969 423555.969 423558.970 423561.990 423564.800 423569.200 423570.300 423573.350 423574.250 423574.900 423579.270 423579.250 423579.460 423580.200 423580.950 423581.500 423582.150 423581.650 423581.350 423581.100 423580.800 423580.300 423578.650 423577.600 423577.350 423576.900 423576.750 423576.650 423576.550 423576.600 423576.700 423576.771 423572.929 423572.897 423572.876 423568.191 423568.500 423569.600 423569.900 423570.900 423573.200 423574.000 423574.150 423574.300 423574.300 423574.200 423574.000 423577.250 423578.450 423578.750 423578.950 423579.000 423578.950 423578.750 423578.500 423578.350 423578.000 423577.550 423577.050 423576.550 423576.050 423575.700 423575.250 423574.250 423571.220 423564.850 423561.950 423557.950 564709.350 564709.300 564710.864 564710.740 564710.580 564710.850 564710.730 564710.700 564710.650 564711.450 564710.600 564710.600 564709.600 564709.590 564709.000 564708.500 564708.050 564707.550 564703.650 564703.800 564704.150 564704.150 564704.050 564703.800 564703.550 564703.400 564702.900 564702.550 564702.050 564701.800 564701.350 564700.950 564699.883 564699.975 564698.649 564697.751 564697.751 564697.950 564698.730 564698.950 564699.550 564700.850 564701.500 564701.650 564701.900 564702.600 564702.900 564703.400 564705.400 564706.050 564706.350 564706.750 564707.150 564707.550 564707.850 564708.100 564708.200 564708.400 564708.500 564708.600 564708.650 564708.750 564708.800 564708.850 564708.850 564708.950 564709.100 564709.210 564709.350
69 423557.950 423555.969 423555.969 423558.970 423561.990 423564.800 423569.200 423570.300 423573.350 423574.250 423574.900 423579.270 423579.250 423579.460 423580.200 423580.950 423581.500 423582.150 423581.650 423581.350 423581.100 423580.800 423580.300 423578.650 423577.600 423577.350 423576.900 423576.750 423576.650 423576.550 423576.600 423576.700 423576.771 423572.929 423572.897 423572.876 423568.191 423568.500 423569.600 423569.900 423570.900 423573.200 423574.000 423574.150 423574.300 423574.300 423574.200 423574.000 423577.250 423578.450 423578.750 423578.950 423579.000 423578.950 423578.750 423578.500 423578.350 423578.000 423577.550 423577.050 423576.550 423576.050 423575.700 423575.250 423574.250 423571.220 423564.850 423561.950 423557.950 564709.350 564709.300 564710.864 564710.740 564710.580 564710.850 564710.730 564710.700 564710.650 564711.450 564710.600 564710.600 564709.600 564709.590 564709.000 564708.500 564708.050 564707.550 564703.650 564703.800 564704.150 564704.150 564704.050 564703.800 564703.550 564703.400 564702.900 564702.550 564702.050 564701.800 564701.350 564700.950 564699.883 564699.975 564698.649 564697.751 564697.751 564697.950 564698.730 564698.950 564699.550 564700.850 564701.500 564701.650 564701.900 564702.600 564702.900 564703.400 564705.400 564706.050 564706.350 564706.750 564707.150 564707.550 564707.850 564708.100 564708.200 564708.400 564708.500 564708.600 564708.650 564708.750 564708.800 564708.850 564708.850 564708.950 564709.100 564709.210 564709.350
20 423574.000 423571.220 423574.250 423575.250 423575.700 423576.050 423576.550 423577.050 423577.550 423578.000 423578.350 423578.500 423578.750 423578.950 423579.000 423578.950 423578.750 423578.450 423577.250 423574.000 564703.400 564708.950 564708.850 564708.850 564708.800 564708.750 564708.650 564708.600 564708.500 564708.400 564708.200 564708.100 564707.850 564707.550 564707.150 564706.750 564706.350 564706.050 564705.400 564703.400
7 423555.969 423555.969 423557.950 423557.750 423557.250 423556.450 423555.969 564704.681 564709.300 564709.350 564703.200 564703.550 564704.200 564704.681
6 423555.969 423554.000 423549.019 423549.019 423555.969 423555.969 564709.300 564709.250 564709.321 564711.153 564710.864 564709.300
6 423555.969 423554.000 423549.019 423549.019 423555.969 423555.969 564709.300 564709.250 564709.321 564711.153 564710.864 564709.300
9 423555.969 423555.969 423555.750 423555.450 423555.000 423554.450 423554.150 423554.000 423555.969 564709.300 564704.681 564704.900 564705.250 564706.100 564707.200 564708.200 564709.250 564709.300
