12
135 423459.963 423468.700 423500.000 423502.500 423508.500 423518.450 423520.536 423525.668 423526.121 423528.700 423537.200 423544.350 423547.000 423547.800 423548.650 423549.019 423549.019 423548.650 423548.200 423546.650 423544.300 423538.650 423534.750 423530.000 423529.326 423526.339 423524.950 423520.800 423515.700 423510.300 423505.450 423504.000 423503.440 423502.300 423502.201 423500.550 423500.550 423501.500 423501.950 423502.250 423502.600 423502.900 423503.150 423503.450 423503.650 423503.600 423503.700 423503.750 423503.800 423504.000 423504.200 423504.450 423504.950 423506.050 423507.400 423509.700 423513.100 423516.200 423517.550 423518.000 423518.100 423518.400 423518.500 423518.700 423518.800 423518.950 423519.000 423519.000 423519.100 423519.200 423523.050 423523.800 423524.800 423525.950 423527.800 423529.400 423531.850 423532.750 423533.250 423533.600 423534.200 423534.550 423535.110 423535.250 423535.900 423536.286 423532.777 423531.950 423530.450 423527.600 423525.200 423524.900 423524.000 423520.250 423518.600 423514.150 423513.400 423511.850 423508.400 423503.500 423502.600 423501.800 423501.600 423501.450 423501.450 423501.800 423501.850 423502.000 423502.050 423502.100 423502.100 423501.800 423500.350 423500.250 423500.000 423498.170 423499.450 423500.000 423500.110 423501.300 423500.000 423496.750 423496.530 423492.420 423488.550 423487.640 423482.660 423478.050 423477.850 423472.890 423467.950 423465.050 423463.210 423459.963 423459.963 564941.468 564939.250 564931.250 564930.650 564929.000 564926.350 564925.780 564924.378 564924.254 564923.550 564921.250 564919.450 564918.750 564918.550 564918.300 564918.164 564915.916 564916.100 564916.200 564916.700 564917.300 564918.800 564919.850 564921.150 564921.330 564922.129 564922.500 564923.650 564924.950 564926.450 564927.700 564928.150 564928.260 564924.620 564924.300 564918.950 564918.700 564916.950 564916.300 564915.750 564915.200 564914.700 564914.150 564913.600 564913.050 564912.500 564911.500 564909.500 564908.650 564907.900 564907.300 564906.850 564906.550 564906.550 564906.400 564906.500 564906.400 564906.300 564906.350 564906.350 564906.400 564906.700 564906.850 564907.050 564907.300 564907.500 564907.850 564908.200 564908.750 564909.040 564908.050 564907.500 564906.600 564905.650 564903.800 564902.300 564900.200 564899.350 564898.950 564898.900 564898.700 564898.650 564898.650 564898.350 564897.300 564896.804 564896.804 564897.700 564899.050 564901.800 564904.050 564904.150 564904.200 564904.300 564904.300 564904.450 564904.470 564904.500 564904.650 564904.700 564904.800 564904.750 564905.100 564905.450 564910.150 564910.450 564910.600 564910.950 564911.350 564911.850 564912.400 564913.450 564915.800 564915.950 564916.130 564917.660 564922.400 564924.450 564924.770 564928.700 564929.100 564930.000 564930.060 564931.110 564932.100 564932.330 564933.590 564934.750 564934.800 564936.100 564937.390 564938.150 564938.620 564939.450 564941.468
14 423549.019 423548.150 423547.100 423546.000 423544.850 423543.850 423542.830 423542.250 423541.700 423541.100 423548.011 423548.919 423549.019 423549.019 564897.872 564897.700 564897.600 564897.700 564897.950 564898.250 564898.700 564898.950 564899.300 564899.950 564899.713 564899.864 564899.906 564897.872
135 423459.963 423468.700 423500.000 423502.500 423508.500 423518.450 423520.536 423525.668 423526.121 423528.700 423537.200 423544.350 423547.000 423547.800 423548.650 423549.019 423549.019 423548.650 423548.200 423546.650 423544.300 423538.650 423534.750 423530.000 423529.326 423526.339 423524.950 423520.800 423515.700 423510.300 423505.450 423504.000 423503.440 423502.300 423502.201 423500.550 423500.550 423501.500 423501.950 423502.250 423502.600 423502.900 423503.150 423503.450 423503.650 423503.600 423503.700 423503.750 423503.800 423504.000 423504.200 423504.450 423504.950 423506.050 423507.400 423509.700 423513.100 423516.200 423517.550 423518.000 423518.100 423518.400 423518.500 423518.700 423518.800 423518.950 423519.000 423519.000 423519.100 423519.200 423523.050 423523.800 423524.800 423525.950 423527.800 423529.400 423531.850 423532.750 423533.250 423533.600 423534.200 423534.550 423535.110 423535.250 423535.900 423536.286 423532.777 423531.950 423530.450 423527.600 423525.200 423524.900 423524.000 423520.250 423518.600 423514.150 423513.400 423511.850 423508.400 423503.500 423502.600 423501.800 423501.600 423501.450 423501.450 423501.800 423501.850 423502.000 423502.050 423502.100 423502.100 423501.800 423500.350 423500.250 423500.000 423498.170 423499.450 423500.000 423500.110 423501.300 423500.000 423496.750 423496.530 423492.420 423488.550 423487.640 423482.660 423478.050 423477.850 423472.890 423467.950 423465.050 423463.210 423459.963 423459.963 564941.468 564939.250 564931.250 564930.650 564929.000 564926.350 564925.780 564924.378 564924.254 564923.550 564921.250 564919.450 564918.750 564918.550 564918.300 564918.164 564915.916 564916.100 564916.200 564916.700 564917.300 564918.800 564919.850 564921.150 564921.330 564922.129 564922.500 564923.650 564924.950 564926.450 564927.700 564928.150 564928.260 564924.620 564924.300 564918.950 564918.700 564916.950 564916.300 564915.750 564915.200 564914.700 564914.150 564913.600 564913.050 564912.500 564911.500 564909.500 564908.650 564907.900 564907.300 564906.850 564906.550 564906.550 564906.400 564906.500 564906.400 564906.300 564906.350 564906.350 564906.400 564906.700 564906.850 564907.050 564907.300 564907.500 564907.850 564908.200 564908.750 564909.040 564908.050 564907.500 564906.600 564905.650 564903.800 564902.300 564900.200 564899.350 564898.950 564898.900 564898.700 564898.650 564898.650 564898.350 564897.300 564896.804 564896.804 564897.700 564899.050 564901.800 564904.050 564904.150 564904.200 564904.300 564904.300 564904.450 564904.470 564904.500 564904.650 564904.700 564904.800 564904.750 564905.100 564905.450 564910.150 564910.450 564910.600 564910.950 564911.350 564911.850 564912.400 564913.450 564915.800 564915.950 564916.130 564917.660 564922.400 564924.450 564924.770 564928.700 564929.100 564930.000 564930.060 564931.110 564932.100 564932.330 564933.590 564934.750 564934.800 564936.100 564937.390 564938.150 564938.620 564939.450 564941.468
14 423549.019 423548.150 423547.100 423546.000 423544.850 423543.850 423542.830 423542.250 423541.700 423541.100 423548.011 423548.919 423549.019 423549.019 564897.872 564897.700 564897.600 564897.700 564897.950 564898.250 564898.700 564898.950 564899.300 564899.950 564899.713 564899.864 564899.906 564897.872
37 423523.800 423523.050 423523.900 423524.950 423525.050 423525.400 423525.800 423526.050 423526.400 423527.150 423527.800 423528.350 423528.850 423529.350 423529.450 423530.300 423531.050 423531.400 423532.000 423532.500 423533.000 423533.400 423533.750 423534.400 423534.750 423535.110 423534.550 423534.200 423533.600 423533.250 423532.750 423531.850 423529.400 423527.800 423525.950 423524.800 423523.800 564907.500 564908.050 564909.850 564912.100 564912.150 564912.300 564912.350 564912.300 564912.150 564911.800 564911.400 564911.000 564910.500 564910.100 564910.000 564909.300 564908.450 564908.000 564907.050 564906.000 564904.700 564903.300 564902.250 564900.400 564899.400 564898.650 564898.650 564898.700 564898.900 564898.950 564899.350 564900.200 564902.300 564903.800 564905.650 564906.600 564907.500
36 423548.011 423541.100 423540.650 423540.200 423539.750 423539.400 423538.450 423537.650 423537.450 423536.550 423536.300 423536.000 423535.550 423535.100 423534.600 423534.150 423533.600 423533.100 423532.400 423531.700 423531.050 423530.350 423529.500 423528.319 423529.326 423530.000 423534.750 423538.650 423544.300 423546.650 423548.200 423548.650 423549.019 423549.019 423548.919 423548.011 564899.713 564899.950 564900.650 564901.500 564902.450 564903.300 564905.950 564907.900 564908.400 564910.350 564910.950 564911.500 564912.150 564912.750 564913.200 564913.550 564914.200 564914.900 564915.500 564916.000 564916.450 564916.900 564917.250 564917.567 564921.330 564921.150 564919.850 564918.800 564917.300 564916.700 564916.200 564916.100 564915.916 564899.906 564899.864 564899.713
44 423503.600 423503.650 423507.850 423510.200 423510.950 423511.100 423511.350 423511.550 423511.800 423512.000 423512.200 423512.350 423512.350 423512.550 423512.700 423512.800 423512.900 423512.950 423512.950 423519.200 423519.100 423519.000 423519.000 423518.950 423518.800 423518.700 423518.500 423518.400 423518.100 423518.000 423517.550 423516.200 423513.100 423509.700 423507.400 423506.050 423504.950 423504.450 423504.200 423504.000 423503.800 423503.750 423503.700 423503.600 564912.500 564913.050 564911.900 564914.650 564915.550 564915.700 564915.800 564915.850 564915.750 564915.650 564915.400 564915.100 564914.750 564914.350 564913.700 564913.050 564912.500 564911.900 564910.650 564909.040 564908.750 564908.200 564907.850 564907.500 564907.300 564907.050 564906.850 564906.700 564906.400 564906.350 564906.350 564906.300 564906.400 564906.500 564906.400 564906.550 564906.550 564906.850 564907.300 564907.900 564908.650 564909.500 564911.500 564912.500
14 423524.950 423526.339 423525.331 423516.550 423510.650 423507.550 423502.300 423503.440 423504.000 423505.450 423510.300 423515.700 423520.800 423524.950 564922.500 564922.129 564918.354 564920.650 564922.250 564923.150 564924.620 564928.260 564928.150 564927.700 564926.450 564924.950 564923.650 564922.500
53 423533.318 423534.607 423534.628 423534.650 423534.672 423534.696 423534.719 423534.744 423534.769 423534.794 423534.820 423534.846 423534.873 423534.900 423534.927 423534.955 423534.985 423535.013 423535.041 423535.068 423535.096 423535.123 423535.151 423535.178 423535.205 423535.231 423535.257 423535.308 423536.185 423536.216 423536.246 423536.276 423536.305 423536.334 423536.361 423536.388 423536.415 423536.440 423536.465 423536.488 423536.521 423536.542 423536.562 423536.580 423536.598 423536.615 423536.630 423536.644 423536.657 423536.668 423536.685 423537.257 423533.318 564924.057 564925.058 564925.076 564925.093 564925.109 564925.124 564925.139 564925.152 564925.164 564925.175 564925.184 564925.193 564925.201 564925.207 564925.212 564925.216 564925.219 564925.221 564925.221 564925.220 564925.218 564925.214 564925.210 564925.204 564925.197 564925.189 564925.179 564925.157 564924.951 564924.941 564924.929 564924.916 564924.902 564924.887 564924.870 564924.852 564924.833 564924.813 564924.792 564924.769 564924.736 564924.711 564924.685 564924.659 564924.632 564924.604 564924.575 564924.546 564924.516 564924.486 564924.431 564922.930 564924.057
21 423549.019 423546.500 423539.000 423534.300 423529.100 423528.400 423527.750 423527.550 423527.400 423527.400 423527.300 423527.500 423527.700 423527.940 423530.570 423530.400 423537.080 423539.110 423545.740 423549.019 423549.019 564926.238 564926.900 564928.800 564930.050 564931.450 564931.650 564932.300 564932.550 564932.800 564933.150 564933.600 564934.700 564935.650 564936.540 564935.870 564935.350 564933.630 564933.110 564931.400 564930.557 564926.238
28 423518.928 423517.818 423517.747 423517.676 423517.603 423517.517 423517.442 423517.366 423517.290 423517.155 423516.256 423516.215 423516.175 423516.136 423516.098 423516.062 423516.026 423515.984 423515.951 423515.920 423515.891 423515.863 423515.837 423515.812 423515.789 423515.755 423515.208 423518.928 564932.633 564931.637 564931.606 564931.577 564931.552 564931.526 564931.507 564931.492 564931.479 564931.465 564931.675 564931.696 564931.720 564931.745 564931.772 564931.801 564931.831 564931.870 564931.904 564931.938 564931.974 564932.011 564932.050 564932.089 564932.130 564932.199 564933.599 564932.633
25 423515.050 423521.500 423522.850 423525.630 423525.350 423525.250 423525.000 423524.950 423524.250 423523.950 423523.450 423523.050 423522.650 423521.600 423518.700 423509.800 423503.400 423500.000 423486.850 423459.963 423459.963 423473.250 423499.700 423500.000 423515.050 564937.740 564936.190 564937.840 564937.130 564936.100 564935.300 564934.750 564934.350 564933.550 564933.250 564933.000 564932.900 564932.900 564933.200 564934.100 564936.350 564937.950 564938.650 564942.400 564949.650 564952.135 564948.650 564941.750 564941.650 564937.740
