22
13 423344.747 423345.850 423346.600 423347.220 423348.084 423349.738 423348.950 423348.780 423348.750 423349.760 423350.700 423352.780 423344.747 564661.198 564673.850 564680.450 564687.720 564697.751 564697.751 564689.500 564687.590 564687.200 564680.390 564674.200 564661.198 564661.198
13 423344.747 423345.850 423346.600 423347.220 423348.084 423349.738 423348.950 423348.780 423348.750 423349.760 423350.700 423352.780 423344.747 564661.198 564673.850 564680.450 564687.720 564697.751 564697.751 564689.500 564687.590 564687.200 564680.390 564674.200 564661.198 564661.198
10 423282.687 423286.860 423284.700 423284.300 423284.150 423282.750 423281.852 423281.852 423282.350 423282.687 564697.751 564697.751 564692.700 564691.500 564690.800 564675.850 564664.624 564688.168 564693.900 564697.751
10 423282.687 423286.860 423284.700 423284.300 423284.150 423282.750 423281.852 423281.852 423282.350 423282.687 564697.751 564697.751 564692.700 564691.500 564690.800 564675.850 564664.624 564688.168 564693.900 564697.751
14 423292.879 423295.185 423294.980 423294.350 423293.710 423293.100 423293.070 423292.480 423291.934 423289.781 423291.900 423289.350 423289.700 423292.879 564697.751 564697.751 564695.460 564688.600 564681.550 564674.800 564674.450 564667.610 564661.198 564661.198 564684.050 564687.100 564689.850 564697.751
14 423292.879 423295.185 423294.980 423294.350 423293.710 423293.100 423293.070 423292.480 423291.934 423289.781 423291.900 423289.350 423289.700 423292.879 564697.751 564697.751 564695.460 564688.600 564681.550 564674.800 564674.450 564667.610 564661.198 564661.198 564684.050 564687.100 564689.850 564697.751
14 423292.879 423295.185 423294.980 423294.350 423293.710 423293.100 423293.070 423292.480 423291.934 423289.781 423291.900 423289.350 423289.700 423292.879 564697.751 564697.751 564695.460 564688.600 564681.550 564674.800 564674.450 564667.610 564661.198 564661.198 564684.050 564687.100 564689.850 564697.751
12 423337.980 423340.210 423337.050 423336.900 423334.671 423335.120 423335.150 423335.740 423336.380 423337.030 423337.670 423337.980 564697.751 564697.751 564662.800 564661.198 564661.198 564666.200 564666.550 564673.060 564680.160 564687.300 564694.300 564697.751
12 423337.980 423340.210 423337.050 423336.900 423334.671 423335.120 423335.150 423335.740 423336.380 423337.030 423337.670 423337.980 564697.751 564697.751 564662.800 564661.198 564661.198 564666.200 564666.550 564673.060 564680.160 564687.300 564694.300 564697.751
7 423292.050 423291.050 423289.950 423290.150 423291.700 423292.500 423292.050 564685.700 564685.800 564687.150 564689.850 564691.250 564691.140 564685.700
7 423285.650 423284.800 423285.320 423286.350 423287.300 423287.100 423285.650 564698.650 564698.750 564704.340 564704.250 564703.050 564699.950 564698.650
41 423349.738 423348.084 423348.200 423348.300 423348.550 423348.950 423349.450 423350.150 423350.900 423351.750 423352.650 423353.600 423354.600 423355.000 423356.150 423357.300 423359.150 423360.950 423361.450 423368.900 423369.450 423370.000 423370.350 423370.700 423370.908 423370.908 423358.050 423357.050 423356.000 423355.050 423354.750 423353.700 423352.750 423352.000 423351.400 423350.950 423350.550 423350.200 423350.000 423349.900 423349.738 564697.751 564697.751 564699.100 564700.200 564701.250 564702.300 564703.300 564704.250 564705.100 564705.800 564706.450 564706.950 564707.300 564707.400 564707.550 564707.600 564707.600 564707.450 564707.380 564706.750 564706.750 564706.650 564706.500 564706.300 564706.058 564705.154 564706.250 564706.250 564706.150 564705.850 564705.800 564705.300 564704.750 564704.200 564703.600 564703.100 564702.250 564701.400 564700.450 564699.450 564697.751
41 423349.738 423348.084 423348.200 423348.300 423348.550 423348.950 423349.450 423350.150 423350.900 423351.750 423352.650 423353.600 423354.600 423355.000 423356.150 423357.300 423359.150 423360.950 423361.450 423368.900 423369.450 423370.000 423370.350 423370.700 423370.908 423370.908 423358.050 423357.050 423356.000 423355.050 423354.750 423353.700 423352.750 423352.000 423351.400 423350.950 423350.550 423350.200 423350.000 423349.900 423349.738 564697.751 564697.751 564699.100 564700.200 564701.250 564702.300 564703.300 564704.250 564705.100 564705.800 564706.450 564706.950 564707.300 564707.400 564707.550 564707.600 564707.600 564707.450 564707.380 564706.750 564706.750 564706.650 564706.500 564706.300 564706.058 564705.154 564706.250 564706.250 564706.150 564705.850 564705.800 564705.300 564704.750 564704.200 564703.600 564703.100 564702.250 564701.400 564700.450 564699.450 564697.751
7 423286.900 423286.200 423286.700 423287.450 423288.650 423288.450 423286.900 564713.300 564713.400 564719.080 564718.950 564717.600 564714.550 564713.300
31 423370.908 423359.300 423357.900 423356.600 423355.700 423354.500 423353.400 423352.650 423352.480 423351.950 423351.350 423350.950 423350.750 423350.600 423352.505 423352.600 423352.750 423352.900 423353.250 423353.500 423354.100 423354.800 423355.200 423355.650 423357.000 423357.750 423358.950 423359.600 423360.200 423370.908 423370.908 564712.137 564713.200 564713.400 564713.800 564714.150 564714.750 564715.550 564716.300 564716.510 564717.200 564718.200 564719.100 564719.650 564720.099 564720.099 564719.750 564719.300 564718.900 564718.300 564717.900 564717.200 564716.600 564716.300 564716.050 564715.450 564715.200 564714.900 564714.850 564714.800 564713.883 564712.137
12 423340.210 423337.980 423338.290 423338.930 423339.550 423340.003 423342.227 423341.980 423341.780 423341.190 423340.960 423340.210 564697.751 564697.751 564701.210 564708.250 564715.100 564720.099 564720.099 564717.370 564715.110 564708.540 564706.050 564697.751
12 423340.210 423337.980 423338.290 423338.930 423339.550 423340.003 423342.227 423341.980 423341.780 423341.190 423340.960 423340.210 564697.751 564697.751 564701.210 564708.250 564715.100 564720.099 564720.099 564717.370 564715.110 564708.540 564706.050 564697.751
10 423295.185 423292.879 423293.100 423295.031 423297.180 423296.890 423296.700 423296.250 423295.610 423295.185 564697.751 564697.751 564698.300 564720.099 564720.099 564716.650 564714.450 564709.470 564702.500 564697.751
10 423295.185 423292.879 423293.100 423295.031 423297.180 423296.890 423296.700 423296.250 423295.610 423295.185 564697.751 564697.751 564698.300 564720.099 564720.099 564716.650 564714.450 564709.470 564702.500 564697.751
10 423295.185 423292.879 423293.100 423295.031 423297.180 423296.890 423296.700 423296.250 423295.610 423295.185 564697.751 564697.751 564698.300 564720.099 564720.099 564716.650 564714.450 564709.470 564702.500 564697.751
15 423286.860 423282.687 423282.950 423283.160 423283.620 423284.581 423287.494 423287.450 423289.200 423288.900 423286.850 423286.300 423287.950 423287.650 423286.860 564697.751 564697.751 564700.750 564703.240 564708.750 564720.099 564720.099 564719.600 564717.700 564714.050 564712.550 564705.200 564703.100 564699.600 564697.751
15 423286.860 423282.687 423282.950 423283.160 423283.620 423284.581 423287.494 423287.450 423289.200 423288.900 423286.850 423286.300 423287.950 423287.650 423286.860 564697.751 564697.751 564700.750 564703.240 564708.750 564720.099 564720.099 564719.600 564717.700 564714.050 564712.550 564705.200 564703.100 564699.600 564697.751
