22
67 423880.647 423879.810 423879.780 423879.760 423879.740 423879.730 423879.720 423879.710 423879.700 423879.700 423879.700 423879.700 423879.700 423879.700 423879.710 423879.720 423879.730 423879.740 423879.760 423879.780 423879.800 423879.820 423879.840 423879.870 423879.890 423879.920 423879.950 423879.990 423880.020 423880.060 423880.100 423880.140 423880.200 423880.250 423880.300 423880.340 423880.390 423880.440 423880.490 423880.540 423880.590 423880.650 423880.700 423880.750 423880.810 423880.860 423880.920 423880.970 423881.020 423881.080 423881.130 423881.190 423881.240 423881.290 423881.350 423881.400 423881.450 423881.500 423881.550 423881.600 423881.640 423881.690 423881.740 423881.780 423881.820 423883.939 423880.647 564779.001 564780.390 564780.470 564780.520 564780.570 564780.630 564780.680 564780.730 564780.790 564780.840 564780.890 564780.950 564781.000 564781.060 564781.110 564781.170 564781.220 564781.270 564781.320 564781.380 564781.430 564781.480 564781.530 564781.570 564781.620 564781.670 564781.710 564781.750 564781.800 564781.840 564781.870 564781.910 564781.960 564781.990 564782.020 564782.050 564782.070 564782.090 564782.110 564782.130 564782.150 564782.160 564782.170 564782.180 564782.190 564782.200 564782.200 564782.200 564782.200 564782.200 564782.190 564782.180 564782.170 564782.160 564782.150 564782.130 564782.110 564782.090 564782.070 564782.050 564782.020 564781.990 564781.960 564781.930 564781.890 564779.001 564779.001
7 423864.936 423863.800 423862.350 423863.250 423865.000 423869.754 423864.936 564779.001 564782.350 564782.410 564786.600 564786.450 564779.001 564779.001
133 423844.732 423844.750 423844.800 423844.900 423847.450 423857.150 423858.350 423865.350 423866.980 423867.450 423868.550 423868.950 423869.300 423869.450 423869.650 423869.750 423869.750 423869.650 423869.450 423869.150 423868.050 423866.100 423861.750 423854.650 423850.600 423849.550 423843.650 423842.500 423841.300 423840.570 423833.450 423833.300 423819.600 423819.100 423817.900 423817.700 423817.500 423818.850 423819.850 423820.110 423818.100 423816.186 423816.186 423816.450 423817.650 423817.550 423817.000 423816.850 423816.186 423816.186 423817.500 423817.100 423816.400 423816.186 423816.186 423816.950 423817.800 423818.700 423820.120 423821.570 423824.300 423825.600 423826.920 423828.240 423829.960 423831.300 423832.640 423833.980 423835.410 423840.450 423844.710 423846.100 423846.940 423847.770 423848.580 423849.380 423850.360 423850.890 423851.400 423851.900 423852.390 423852.870 423853.330 423853.770 423861.730 423866.580 423872.080 423872.170 423872.210 423872.250 423872.290 423872.330 423872.360 423872.390 423872.410 423872.430 423872.450 423872.460 423872.470 423872.470 423872.470 423872.470 423872.460 423872.450 423872.440 423872.420 423872.400 423872.370 423872.330 423872.290 423872.250 423872.210 423872.160 423872.110 423872.060 423872.000 423871.940 423871.880 423871.810 423871.750 423871.680 423871.600 423871.530 423871.450 423867.300 423873.416 423869.754 423865.000 423863.250 423862.350 423846.800 423846.767 423844.732 564779.001 564780.150 564783.000 564784.900 564784.900 564784.550 564785.570 564790.650 564791.860 564792.200 564792.900 564793.100 564793.400 564793.600 564794.050 564794.500 564794.800 564795.200 564795.650 564796.250 564797.350 564799.850 564805.400 564814.500 564819.600 564819.350 564818.100 564817.850 564817.850 564817.850 564817.800 564817.850 564823.600 564822.500 564819.600 564816.350 564812.250 564812.300 564794.800 564790.020 564789.650 564789.237 564792.083 564792.250 564793.500 564794.700 564805.200 564808.300 564808.982 564821.299 564824.400 564824.450 564824.400 564824.367 564826.258 564826.300 564826.150 564826.000 564825.420 564824.900 564824.090 564823.780 564823.510 564823.290 564823.090 564823.000 564822.960 564822.980 564823.060 564823.420 564823.410 564823.230 564823.080 564822.890 564822.660 564822.370 564821.930 564821.660 564821.360 564821.050 564820.710 564820.360 564819.980 564819.590 564809.600 564803.300 564795.980 564795.840 564795.760 564795.680 564795.590 564795.500 564795.420 564795.330 564795.230 564795.140 564795.050 564794.960 564794.860 564794.770 564794.680 564794.580 564794.490 564794.400 564794.300 564794.210 564794.120 564794.030 564793.900 564793.820 564793.730 564793.650 564793.570 564793.490 564793.410 564793.330 564793.260 564793.190 564793.120 564793.060 564793.000 564792.940 564792.880 564792.830 564789.370 564779.001 564779.001 564786.450 564786.600 564782.410 564783.000 564779.001 564779.001
133 423844.732 423844.750 423844.800 423844.900 423847.450 423857.150 423858.350 423865.350 423866.980 423867.450 423868.550 423868.950 423869.300 423869.450 423869.650 423869.750 423869.750 423869.650 423869.450 423869.150 423868.050 423866.100 423861.750 423854.650 423850.600 423849.550 423843.650 423842.500 423841.300 423840.570 423833.450 423833.300 423819.600 423819.100 423817.900 423817.700 423817.500 423818.850 423819.850 423820.110 423818.100 423816.186 423816.186 423816.450 423817.650 423817.550 423817.000 423816.850 423816.186 423816.186 423817.500 423817.100 423816.400 423816.186 423816.186 423816.950 423817.800 423818.700 423820.120 423821.570 423824.300 423825.600 423826.920 423828.240 423829.960 423831.300 423832.640 423833.980 423835.410 423840.450 423844.710 423846.100 423846.940 423847.770 423848.580 423849.380 423850.360 423850.890 423851.400 423851.900 423852.390 423852.870 423853.330 423853.770 423861.730 423866.580 423872.080 423872.170 423872.210 423872.250 423872.290 423872.330 423872.360 423872.390 423872.410 423872.430 423872.450 423872.460 423872.470 423872.470 423872.470 423872.470 423872.460 423872.450 423872.440 423872.420 423872.400 423872.370 423872.330 423872.290 423872.250 423872.210 423872.160 423872.110 423872.060 423872.000 423871.940 423871.880 423871.810 423871.750 423871.680 423871.600 423871.530 423871.450 423867.300 423873.416 423869.754 423865.000 423863.250 423862.350 423846.800 423846.767 423844.732 564779.001 564780.150 564783.000 564784.900 564784.900 564784.550 564785.570 564790.650 564791.860 564792.200 564792.900 564793.100 564793.400 564793.600 564794.050 564794.500 564794.800 564795.200 564795.650 564796.250 564797.350 564799.850 564805.400 564814.500 564819.600 564819.350 564818.100 564817.850 564817.850 564817.850 564817.800 564817.850 564823.600 564822.500 564819.600 564816.350 564812.250 564812.300 564794.800 564790.020 564789.650 564789.237 564792.083 564792.250 564793.500 564794.700 564805.200 564808.300 564808.982 564821.299 564824.400 564824.450 564824.400 564824.367 564826.258 564826.300 564826.150 564826.000 564825.420 564824.900 564824.090 564823.780 564823.510 564823.290 564823.090 564823.000 564822.960 564822.980 564823.060 564823.420 564823.410 564823.230 564823.080 564822.890 564822.660 564822.370 564821.930 564821.660 564821.360 564821.050 564820.710 564820.360 564819.980 564819.590 564809.600 564803.300 564795.980 564795.840 564795.760 564795.680 564795.590 564795.500 564795.420 564795.330 564795.230 564795.140 564795.050 564794.960 564794.860 564794.770 564794.680 564794.580 564794.490 564794.400 564794.300 564794.210 564794.120 564794.030 564793.900 564793.820 564793.730 564793.650 564793.570 564793.490 564793.410 564793.330 564793.260 564793.190 564793.120 564793.060 564793.000 564792.940 564792.880 564792.830 564789.370 564779.001 564779.001 564786.450 564786.600 564782.410 564783.000 564779.001 564779.001
133 423844.732 423844.750 423844.800 423844.900 423847.450 423857.150 423858.350 423865.350 423866.980 423867.450 423868.550 423868.950 423869.300 423869.450 423869.650 423869.750 423869.750 423869.650 423869.450 423869.150 423868.050 423866.100 423861.750 423854.650 423850.600 423849.550 423843.650 423842.500 423841.300 423840.570 423833.450 423833.300 423819.600 423819.100 423817.900 423817.700 423817.500 423818.850 423819.850 423820.110 423818.100 423816.186 423816.186 423816.450 423817.650 423817.550 423817.000 423816.850 423816.186 423816.186 423817.500 423817.100 423816.400 423816.186 423816.186 423816.950 423817.800 423818.700 423820.120 423821.570 423824.300 423825.600 423826.920 423828.240 423829.960 423831.300 423832.640 423833.980 423835.410 423840.450 423844.710 423846.100 423846.940 423847.770 423848.580 423849.380 423850.360 423850.890 423851.400 423851.900 423852.390 423852.870 423853.330 423853.770 423861.730 423866.580 423872.080 423872.170 423872.210 423872.250 423872.290 423872.330 423872.360 423872.390 423872.410 423872.430 423872.450 423872.460 423872.470 423872.470 423872.470 423872.470 423872.460 423872.450 423872.440 423872.420 423872.400 423872.370 423872.330 423872.290 423872.250 423872.210 423872.160 423872.110 423872.060 423872.000 423871.940 423871.880 423871.810 423871.750 423871.680 423871.600 423871.530 423871.450 423867.300 423873.416 423869.754 423865.000 423863.250 423862.350 423846.800 423846.767 423844.732 564779.001 564780.150 564783.000 564784.900 564784.900 564784.550 564785.570 564790.650 564791.860 564792.200 564792.900 564793.100 564793.400 564793.600 564794.050 564794.500 564794.800 564795.200 564795.650 564796.250 564797.350 564799.850 564805.400 564814.500 564819.600 564819.350 564818.100 564817.850 564817.850 564817.850 564817.800 564817.850 564823.600 564822.500 564819.600 564816.350 564812.250 564812.300 564794.800 564790.020 564789.650 564789.237 564792.083 564792.250 564793.500 564794.700 564805.200 564808.300 564808.982 564821.299 564824.400 564824.450 564824.400 564824.367 564826.258 564826.300 564826.150 564826.000 564825.420 564824.900 564824.090 564823.780 564823.510 564823.290 564823.090 564823.000 564822.960 564822.980 564823.060 564823.420 564823.410 564823.230 564823.080 564822.890 564822.660 564822.370 564821.930 564821.660 564821.360 564821.050 564820.710 564820.360 564819.980 564819.590 564809.600 564803.300 564795.980 564795.840 564795.760 564795.680 564795.590 564795.500 564795.420 564795.330 564795.230 564795.140 564795.050 564794.960 564794.860 564794.770 564794.680 564794.580 564794.490 564794.400 564794.300 564794.210 564794.120 564794.030 564793.900 564793.820 564793.730 564793.650 564793.570 564793.490 564793.410 564793.330 564793.260 564793.190 564793.120 564793.060 564793.000 564792.940 564792.880 564792.830 564789.370 564779.001 564779.001 564786.450 564786.600 564782.410 564783.000 564779.001 564779.001
6 423816.186 423817.550 423817.650 423816.450 423816.186 423816.186 564794.624 564794.700 564793.500 564792.250 564792.083 564794.624
5 423816.850 423817.000 423816.186 423816.186 423816.850 564808.300 564805.200 564805.200 564808.982 564808.300
78 423860.110 423861.520 423862.910 423862.940 423862.960 423862.980 423863.010 423863.030 423863.040 423863.060 423863.070 423863.090 423863.100 423863.110 423863.120 423863.120 423863.130 423863.130 423863.140 423863.140 423863.140 423863.130 423863.130 423863.120 423863.120 423863.110 423863.100 423863.090 423863.080 423863.060 423863.050 423863.030 423863.010 423862.990 423862.970 423862.950 423862.920 423862.900 423862.870 423862.840 423862.810 423862.760 423862.730 423862.700 423862.660 423862.630 423862.590 423862.560 423862.520 423862.480 423862.440 423862.400 423862.370 423862.330 423862.290 423862.250 423862.210 423862.170 423862.130 423862.090 423862.050 423862.020 423861.980 423861.940 423861.900 423861.870 423861.830 423861.800 423861.760 423861.730 423861.700 423861.670 423861.640 423861.610 423861.580 423861.550 423861.530 423860.110 564822.390 564823.530 564821.880 564821.850 564821.820 564821.790 564821.750 564821.720 564821.690 564821.650 564821.610 564821.580 564821.540 564821.500 564821.470 564821.430 564821.390 564821.350 564821.310 564821.270 564821.230 564821.190 564821.150 564821.110 564821.080 564821.040 564821.000 564820.960 564820.930 564820.890 564820.850 564820.820 564820.790 564820.750 564820.720 564820.690 564820.660 564820.630 564820.600 564820.580 564820.550 564820.520 564820.500 564820.480 564820.460 564820.440 564820.430 564820.410 564820.400 564820.390 564820.380 564820.380 564820.370 564820.370 564820.370 564820.370 564820.370 564820.370 564820.370 564820.380 564820.390 564820.400 564820.410 564820.420 564820.430 564820.450 564820.460 564820.480 564820.500 564820.520 564820.540 564820.560 564820.590 564820.610 564820.640 564820.670 564820.700 564822.390
6 423817.500 423816.186 423816.186 423816.400 423817.100 423817.500 564824.400 564821.299 564824.367 564824.400 564824.450 564824.400
5 423861.520 423860.110 423858.200 423859.600 423861.520 564823.530 564822.390 564824.570 564825.800 564823.530
72 423859.600 423858.200 423857.600 423857.570 423857.550 423857.540 423857.520 423857.500 423857.490 423857.480 423857.470 423857.460 423857.450 423857.450 423857.450 423857.440 423857.440 423857.450 423857.450 423857.450 423857.460 423857.470 423857.480 423857.490 423857.500 423857.520 423857.540 423857.550 423857.570 423857.590 423857.620 423857.640 423857.660 423857.690 423857.720 423857.750 423857.810 423857.840 423857.880 423857.910 423857.950 423857.980 423858.020 423858.060 423858.100 423858.140 423858.180 423858.220 423858.260 423858.300 423858.340 423858.390 423858.430 423858.470 423858.510 423858.550 423858.590 423858.630 423858.670 423858.710 423858.750 423858.790 423858.820 423858.860 423858.900 423858.930 423858.970 423859.000 423859.030 423859.060 423859.090 423859.600 564825.800 564824.570 564825.260 564825.300 564825.340 564825.370 564825.410 564825.450 564825.490 564825.530 564825.570 564825.610 564825.650 564825.690 564825.730 564825.770 564825.810 564825.850 564825.890 564825.940 564825.980 564826.020 564826.060 564826.100 564826.140 564826.170 564826.210 564826.250 564826.290 564826.320 564826.360 564826.390 564826.420 564826.450 564826.480 564826.510 564826.560 564826.580 564826.600 564826.620 564826.640 564826.660 564826.680 564826.690 564826.700 564826.710 564826.720 564826.730 564826.740 564826.740 564826.740 564826.740 564826.740 564826.740 564826.740 564826.730 564826.730 564826.720 564826.710 564826.690 564826.680 564826.670 564826.650 564826.630 564826.610 564826.590 564826.570 564826.540 564826.520 564826.490 564826.460 564825.800
72 423838.030 423836.780 423836.740 423836.710 423836.670 423836.630 423836.600 423836.560 423836.530 423836.490 423836.460 423836.420 423836.390 423836.360 423836.330 423836.300 423836.270 423836.240 423836.210 423836.190 423836.160 423836.140 423836.120 423836.090 423836.070 423836.060 423836.040 423836.020 423836.010 423835.990 423835.980 423835.970 423835.970 423835.960 423835.960 423835.960 423835.960 423835.960 423835.970 423835.970 423835.980 423835.990 423836.000 423836.010 423836.030 423836.040 423836.060 423836.080 423836.100 423836.120 423836.140 423836.160 423836.180 423836.210 423836.230 423836.260 423836.290 423836.320 423836.340 423836.370 423836.410 423836.440 423836.470 423836.500 423836.540 423836.570 423836.610 423836.640 423836.680 423836.720 423836.760 423838.030 564829.150 564828.980 564828.980 564828.990 564828.990 564829.000 564829.010 564829.020 564829.030 564829.050 564829.060 564829.080 564829.100 564829.120 564829.140 564829.160 564829.180 564829.210 564829.240 564829.260 564829.290 564829.320 564829.350 564829.380 564829.410 564829.440 564829.480 564829.510 564829.540 564829.600 564829.640 564829.670 564829.710 564829.750 564829.780 564829.820 564829.860 564829.890 564829.930 564829.970 564830.000 564830.040 564830.070 564830.110 564830.140 564830.180 564830.210 564830.240 564830.280 564830.310 564830.340 564830.370 564830.400 564830.430 564830.450 564830.480 564830.500 564830.530 564830.550 564830.570 564830.590 564830.610 564830.630 564830.640 564830.660 564830.670 564830.680 564830.690 564830.700 564830.710 564830.710 564829.150
10 423838.030 423836.760 423839.490 423840.950 423840.470 423840.030 423839.580 423838.950 423838.490 423838.030 564829.150 564830.710 564831.760 564829.890 564829.710 564829.570 564829.440 564829.300 564829.210 564829.150
73 423840.950 423839.490 423841.070 423841.110 423841.150 423841.190 423841.230 423841.270 423841.310 423841.350 423841.390 423841.430 423841.470 423841.510 423841.550 423841.600 423841.640 423841.680 423841.720 423841.760 423841.800 423841.830 423841.870 423841.910 423841.980 423842.010 423842.050 423842.080 423842.110 423842.140 423842.170 423842.200 423842.220 423842.250 423842.270 423842.290 423842.310 423842.330 423842.350 423842.500 423842.520 423842.540 423842.550 423842.560 423842.570 423842.570 423842.580 423842.580 423842.580 423842.580 423842.580 423842.570 423842.560 423842.550 423842.540 423842.530 423842.520 423842.500 423842.470 423842.450 423842.430 423842.400 423842.380 423842.350 423842.320 423842.290 423842.260 423842.220 423842.190 423842.150 423842.120 423842.080 423840.950 564829.890 564831.760 564832.400 564832.420 564832.430 564832.440 564832.460 564832.460 564832.470 564832.480 564832.480 564832.480 564832.490 564832.480 564832.480 564832.480 564832.470 564832.460 564832.450 564832.440 564832.430 564832.410 564832.400 564832.380 564832.340 564832.320 564832.290 564832.270 564832.240 564832.210 564832.180 564832.150 564832.120 564832.090 564832.060 564832.020 564831.980 564831.950 564831.910 564831.710 564831.650 564831.610 564831.560 564831.520 564831.470 564831.430 564831.380 564831.340 564831.290 564831.250 564831.200 564831.160 564831.120 564831.070 564831.030 564830.980 564830.940 564830.900 564830.840 564830.800 564830.760 564830.720 564830.680 564830.650 564830.610 564830.580 564830.550 564830.520 564830.490 564830.460 564830.430 564830.410 564829.890
81 423822.123 423825.670 423825.740 423825.810 423825.880 423825.950 423826.020 423826.090 423826.170 423826.240 423826.310 423826.390 423826.460 423826.540 423826.610 423826.690 423826.760 423826.840 423826.910 423826.980 423827.050 423827.120 423827.200 423827.270 423827.330 423827.400 423827.460 423827.520 423827.580 423827.630 423827.690 423827.740 423827.790 423827.840 423827.890 423827.930 423827.970 423828.010 423828.070 423828.633 423832.558 423832.460 423832.320 423832.170 423832.010 423831.830 423831.650 423831.450 423831.250 423831.030 423830.810 423830.570 423830.320 423830.070 423829.800 423829.370 423829.120 423828.870 423828.610 423828.350 423828.080 423827.820 423827.540 423827.270 423826.990 423826.640 423826.430 423826.230 423826.020 423825.820 423825.620 423825.420 423825.220 423825.030 423824.840 423824.650 423821.250 423819.760 423818.500 423816.757 423822.123 564837.902 564836.150 564836.120 564836.090 564836.060 564836.040 564836.020 564836.010 564835.990 564835.980 564835.970 564835.970 564835.970 564835.970 564835.980 564835.980 564835.990 564836.010 564836.030 564836.050 564836.070 564836.100 564836.130 564836.160 564836.200 564836.240 564836.280 564836.320 564836.370 564836.420 564836.470 564836.520 564836.580 564836.630 564836.690 564836.760 564836.820 564836.880 564837.010 564837.902 564837.902 564837.680 564837.400 564837.110 564836.840 564836.570 564836.310 564836.060 564835.820 564835.580 564835.360 564835.150 564834.950 564834.760 564834.590 564834.340 564834.210 564834.090 564833.990 564833.890 564833.810 564833.740 564833.680 564833.650 564833.630 564833.630 564833.650 564833.670 564833.700 564833.740 564833.780 564833.840 564833.900 564833.970 564834.050 564834.140 564835.600 564836.300 564836.900 564837.902 564837.902
81 423822.123 423825.670 423825.740 423825.810 423825.880 423825.950 423826.020 423826.090 423826.170 423826.240 423826.310 423826.390 423826.460 423826.540 423826.610 423826.690 423826.760 423826.840 423826.910 423826.980 423827.050 423827.120 423827.200 423827.270 423827.330 423827.400 423827.460 423827.520 423827.580 423827.630 423827.690 423827.740 423827.790 423827.840 423827.890 423827.930 423827.970 423828.010 423828.070 423828.633 423832.558 423832.460 423832.320 423832.170 423832.010 423831.830 423831.650 423831.450 423831.250 423831.030 423830.810 423830.570 423830.320 423830.070 423829.800 423829.370 423829.120 423828.870 423828.610 423828.350 423828.080 423827.820 423827.540 423827.270 423826.990 423826.640 423826.430 423826.230 423826.020 423825.820 423825.620 423825.420 423825.220 423825.030 423824.840 423824.650 423821.250 423819.760 423818.500 423816.757 423822.123 564837.902 564836.150 564836.120 564836.090 564836.060 564836.040 564836.020 564836.010 564835.990 564835.980 564835.970 564835.970 564835.970 564835.970 564835.980 564835.980 564835.990 564836.010 564836.030 564836.050 564836.070 564836.100 564836.130 564836.160 564836.200 564836.240 564836.280 564836.320 564836.370 564836.420 564836.470 564836.520 564836.580 564836.630 564836.690 564836.760 564836.820 564836.880 564837.010 564837.902 564837.902 564837.680 564837.400 564837.110 564836.840 564836.570 564836.310 564836.060 564835.820 564835.580 564835.360 564835.150 564834.950 564834.760 564834.590 564834.340 564834.210 564834.090 564833.990 564833.890 564833.810 564833.740 564833.680 564833.650 564833.630 564833.630 564833.650 564833.670 564833.700 564833.740 564833.780 564833.840 564833.900 564833.970 564834.050 564834.140 564835.600 564836.300 564836.900 564837.902 564837.902
81 423822.123 423825.670 423825.740 423825.810 423825.880 423825.950 423826.020 423826.090 423826.170 423826.240 423826.310 423826.390 423826.460 423826.540 423826.610 423826.690 423826.760 423826.840 423826.910 423826.980 423827.050 423827.120 423827.200 423827.270 423827.330 423827.400 423827.460 423827.520 423827.580 423827.630 423827.690 423827.740 423827.790 423827.840 423827.890 423827.930 423827.970 423828.010 423828.070 423828.633 423832.558 423832.460 423832.320 423832.170 423832.010 423831.830 423831.650 423831.450 423831.250 423831.030 423830.810 423830.570 423830.320 423830.070 423829.800 423829.370 423829.120 423828.870 423828.610 423828.350 423828.080 423827.820 423827.540 423827.270 423826.990 423826.640 423826.430 423826.230 423826.020 423825.820 423825.620 423825.420 423825.220 423825.030 423824.840 423824.650 423821.250 423819.760 423818.500 423816.757 423822.123 564837.902 564836.150 564836.120 564836.090 564836.060 564836.040 564836.020 564836.010 564835.990 564835.980 564835.970 564835.970 564835.970 564835.970 564835.980 564835.980 564835.990 564836.010 564836.030 564836.050 564836.070 564836.100 564836.130 564836.160 564836.200 564836.240 564836.280 564836.320 564836.370 564836.420 564836.470 564836.520 564836.580 564836.630 564836.690 564836.760 564836.820 564836.880 564837.010 564837.902 564837.902 564837.680 564837.400 564837.110 564836.840 564836.570 564836.310 564836.060 564835.820 564835.580 564835.360 564835.150 564834.950 564834.760 564834.590 564834.340 564834.210 564834.090 564833.990 564833.890 564833.810 564833.740 564833.680 564833.650 564833.630 564833.630 564833.650 564833.670 564833.700 564833.740 564833.780 564833.840 564833.900 564833.970 564834.050 564834.140 564835.600 564836.300 564836.900 564837.902 564837.902
51 423899.131 423891.960 423889.030 423884.520 423881.560 423874.300 423865.170 423856.770 423861.192 423861.580 423863.500 423864.650 423865.350 423866.350 423867.700 423868.850 423869.450 423870.100 423871.100 423871.950 423872.750 423873.450 423874.200 423875.000 423875.900 423876.850 423877.900 423879.450 423880.450 423881.550 423882.600 423883.650 423884.200 423885.150 423886.050 423887.200 423889.150 423889.800 423890.550 423891.550 423892.400 423893.250 423894.400 423895.350 423896.450 423898.000 423899.100 423900.200 423901.350 423902.259 423899.131 564779.001 564790.810 564795.620 564802.590 564807.160 564817.720 564829.130 564837.902 564837.902 564837.470 564835.450 564834.350 564833.600 564832.350 564830.700 564829.300 564828.650 564827.750 564826.550 564825.400 564824.550 564823.500 564822.500 564821.700 564820.300 564819.100 564817.600 564815.450 564813.850 564812.150 564810.750 564809.150 564808.400 564806.900 564805.350 564803.400 564800.200 564799.050 564798.000 564796.300 564795.050 564793.400 564791.700 564790.100 564788.550 564785.750 564784.000 564782.200 564780.350 564779.001 564779.001
51 423899.131 423891.960 423889.030 423884.520 423881.560 423874.300 423865.170 423856.770 423861.192 423861.580 423863.500 423864.650 423865.350 423866.350 423867.700 423868.850 423869.450 423870.100 423871.100 423871.950 423872.750 423873.450 423874.200 423875.000 423875.900 423876.850 423877.900 423879.450 423880.450 423881.550 423882.600 423883.650 423884.200 423885.150 423886.050 423887.200 423889.150 423889.800 423890.550 423891.550 423892.400 423893.250 423894.400 423895.350 423896.450 423898.000 423899.100 423900.200 423901.350 423902.259 423899.131 564779.001 564790.810 564795.620 564802.590 564807.160 564817.720 564829.130 564837.902 564837.902 564837.470 564835.450 564834.350 564833.600 564832.350 564830.700 564829.300 564828.650 564827.750 564826.550 564825.400 564824.550 564823.500 564822.500 564821.700 564820.300 564819.100 564817.600 564815.450 564813.850 564812.150 564810.750 564809.150 564808.400 564806.900 564805.350 564803.400 564800.200 564799.050 564798.000 564796.300 564795.050 564793.400 564791.700 564790.100 564788.550 564785.750 564784.000 564782.200 564780.350 564779.001 564779.001
51 423899.131 423891.960 423889.030 423884.520 423881.560 423874.300 423865.170 423856.770 423861.192 423861.580 423863.500 423864.650 423865.350 423866.350 423867.700 423868.850 423869.450 423870.100 423871.100 423871.950 423872.750 423873.450 423874.200 423875.000 423875.900 423876.850 423877.900 423879.450 423880.450 423881.550 423882.600 423883.650 423884.200 423885.150 423886.050 423887.200 423889.150 423889.800 423890.550 423891.550 423892.400 423893.250 423894.400 423895.350 423896.450 423898.000 423899.100 423900.200 423901.350 423902.259 423899.131 564779.001 564790.810 564795.620 564802.590 564807.160 564817.720 564829.130 564837.902 564837.902 564837.470 564835.450 564834.350 564833.600 564832.350 564830.700 564829.300 564828.650 564827.750 564826.550 564825.400 564824.550 564823.500 564822.500 564821.700 564820.300 564819.100 564817.600 564815.450 564813.850 564812.150 564810.750 564809.150 564808.400 564806.900 564805.350 564803.400 564800.200 564799.050 564798.000 564796.300 564795.050 564793.400 564791.700 564790.100 564788.550 564785.750 564784.000 564782.200 564780.350 564779.001 564779.001
51 423899.131 423891.960 423889.030 423884.520 423881.560 423874.300 423865.170 423856.770 423861.192 423861.580 423863.500 423864.650 423865.350 423866.350 423867.700 423868.850 423869.450 423870.100 423871.100 423871.950 423872.750 423873.450 423874.200 423875.000 423875.900 423876.850 423877.900 423879.450 423880.450 423881.550 423882.600 423883.650 423884.200 423885.150 423886.050 423887.200 423889.150 423889.800 423890.550 423891.550 423892.400 423893.250 423894.400 423895.350 423896.450 423898.000 423899.100 423900.200 423901.350 423902.259 423899.131 564779.001 564790.810 564795.620 564802.590 564807.160 564817.720 564829.130 564837.902 564837.902 564837.470 564835.450 564834.350 564833.600 564832.350 564830.700 564829.300 564828.650 564827.750 564826.550 564825.400 564824.550 564823.500 564822.500 564821.700 564820.300 564819.100 564817.600 564815.450 564813.850 564812.150 564810.750 564809.150 564808.400 564806.900 564805.350 564803.400 564800.200 564799.050 564798.000 564796.300 564795.050 564793.400 564791.700 564790.100 564788.550 564785.750 564784.000 564782.200 564780.350 564779.001 564779.001
51 423899.131 423891.960 423889.030 423884.520 423881.560 423874.300 423865.170 423856.770 423861.192 423861.580 423863.500 423864.650 423865.350 423866.350 423867.700 423868.850 423869.450 423870.100 423871.100 423871.950 423872.750 423873.450 423874.200 423875.000 423875.900 423876.850 423877.900 423879.450 423880.450 423881.550 423882.600 423883.650 423884.200 423885.150 423886.050 423887.200 423889.150 423889.800 423890.550 423891.550 423892.400 423893.250 423894.400 423895.350 423896.450 423898.000 423899.100 423900.200 423901.350 423902.259 423899.131 564779.001 564790.810 564795.620 564802.590 564807.160 564817.720 564829.130 564837.902 564837.902 564837.470 564835.450 564834.350 564833.600 564832.350 564830.700 564829.300 564828.650 564827.750 564826.550 564825.400 564824.550 564823.500 564822.500 564821.700 564820.300 564819.100 564817.600 564815.450 564813.850 564812.150 564810.750 564809.150 564808.400 564806.900 564805.350 564803.400 564800.200 564799.050 564798.000 564796.300 564795.050 564793.400 564791.700 564790.100 564788.550 564785.750 564784.000 564782.200 564780.350 564779.001 564779.001
