19
36 423345.336 423345.850 423346.490 423347.100 423347.710 423348.330 423348.750 423347.400 423347.750 423343.000 423333.800 423330.730 423330.600 423330.450 423330.350 423330.350 423330.450 423330.550 423330.850 423331.150 423331.950 423332.650 423347.000 423348.050 423349.050 423349.250 423349.800 423350.500 423350.850 423351.100 423351.200 423351.300 423351.350 423347.700 423347.617 423345.336 564779.001 564784.800 564791.900 564798.800 564805.550 564812.450 564817.200 564817.400 564821.250 564821.480 564821.920 564822.030 564822.350 564822.700 564823.000 564823.650 564823.950 564824.050 564824.200 564824.250 564824.450 564824.450 564823.600 564823.500 564823.300 564823.200 564823.050 564822.700 564822.350 564821.950 564821.800 564821.400 564821.050 564779.900 564779.001 564779.001
36 423345.336 423345.850 423346.490 423347.100 423347.710 423348.330 423348.750 423347.400 423347.750 423343.000 423333.800 423330.730 423330.600 423330.450 423330.350 423330.350 423330.450 423330.550 423330.850 423331.150 423331.950 423332.650 423347.000 423348.050 423349.050 423349.250 423349.800 423350.500 423350.850 423351.100 423351.200 423351.300 423351.350 423347.700 423347.617 423345.336 564779.001 564784.800 564791.900 564798.800 564805.550 564812.450 564817.200 564817.400 564821.250 564821.480 564821.920 564822.030 564822.350 564822.700 564823.000 564823.650 564823.950 564824.050 564824.200 564824.250 564824.450 564824.450 564823.600 564823.500 564823.300 564823.200 564823.050 564822.700 564822.350 564821.950 564821.800 564821.400 564821.050 564779.900 564779.001 564779.001
39 423300.183 423302.150 423299.500 423300.700 423300.750 423300.900 423301.100 423301.765 423302.010 423302.443 423302.963 423303.727 423305.004 423307.150 423308.100 423322.100 423322.500 423322.950 423323.450 423323.700 423323.950 423324.250 423324.500 423324.550 423324.600 423324.500 423312.500 423308.700 423307.300 423307.080 423305.850 423305.390 423304.770 423304.180 423303.570 423302.980 423302.370 423302.365 423300.183 564779.001 564801.800 564805.450 564817.350 564818.600 564819.850 564821.250 564824.789 564825.297 564825.624 564825.923 564826.035 564825.952 564825.650 564825.600 564825.000 564824.950 564824.850 564824.750 564824.550 564824.300 564823.950 564823.550 564823.300 564822.850 564822.400 564822.960 564823.150 564822.050 564819.460 564819.600 564814.250 564807.060 564800.150 564793.090 564786.210 564779.060 564779.001 564779.001
39 423300.183 423302.150 423299.500 423300.700 423300.750 423300.900 423301.100 423301.765 423302.010 423302.443 423302.963 423303.727 423305.004 423307.150 423308.100 423322.100 423322.500 423322.950 423323.450 423323.700 423323.950 423324.250 423324.500 423324.550 423324.600 423324.500 423312.500 423308.700 423307.300 423307.080 423305.850 423305.390 423304.770 423304.180 423303.570 423302.980 423302.370 423302.365 423300.183 564779.001 564801.800 564805.450 564817.350 564818.600 564819.850 564821.250 564824.789 564825.297 564825.624 564825.923 564826.035 564825.952 564825.650 564825.600 564825.000 564824.950 564824.850 564824.750 564824.550 564824.300 564823.950 564823.550 564823.300 564822.850 564822.400 564822.960 564823.150 564822.050 564819.460 564819.600 564814.250 564807.060 564800.150 564793.090 564786.210 564779.060 564779.001 564779.001
39 423300.183 423302.150 423299.500 423300.700 423300.750 423300.900 423301.100 423301.765 423302.010 423302.443 423302.963 423303.727 423305.004 423307.150 423308.100 423322.100 423322.500 423322.950 423323.450 423323.700 423323.950 423324.250 423324.500 423324.550 423324.600 423324.500 423312.500 423308.700 423307.300 423307.080 423305.850 423305.390 423304.770 423304.180 423303.570 423302.980 423302.370 423302.365 423300.183 564779.001 564801.800 564805.450 564817.350 564818.600 564819.850 564821.250 564824.789 564825.297 564825.624 564825.923 564826.035 564825.952 564825.650 564825.600 564825.000 564824.950 564824.850 564824.750 564824.550 564824.300 564823.950 564823.550 564823.300 564822.850 564822.400 564822.960 564823.150 564822.050 564819.460 564819.600 564814.250 564807.060 564800.150 564793.090 564786.210 564779.060 564779.001 564779.001
26 423289.936 423291.640 423291.650 423292.220 423292.730 423293.250 423291.850 423292.350 423281.852 423281.852 423291.100 423292.050 423292.950 423293.850 423294.450 423294.950 423295.250 423295.600 423295.850 423295.900 423296.000 423296.000 423294.650 423292.950 423292.050 423289.936 564779.001 564798.300 564798.450 564805.400 564811.650 564818.100 564818.330 564824.000 564824.926 564827.031 564826.550 564826.550 564826.400 564826.200 564826.000 564825.750 564825.500 564825.200 564824.900 564824.800 564824.400 564823.950 564809.100 564789.850 564779.001 564779.001
26 423289.936 423291.640 423291.650 423292.220 423292.730 423293.250 423291.850 423292.350 423281.852 423281.852 423291.100 423292.050 423292.950 423293.850 423294.450 423294.950 423295.250 423295.600 423295.850 423295.900 423296.000 423296.000 423294.650 423292.950 423292.050 423289.936 564779.001 564798.300 564798.450 564805.400 564811.650 564818.100 564818.330 564824.000 564824.926 564827.031 564826.550 564826.550 564826.400 564826.200 564826.000 564825.750 564825.500 564825.200 564824.900 564824.800 564824.400 564823.950 564809.100 564789.850 564779.001 564779.001
6 423302.350 423301.200 423300.100 423300.550 423302.900 423302.350 564803.650 564803.700 564805.450 564810.300 564810.100 564803.650
21 423362.370 423362.150 423362.000 423361.900 423361.950 423362.050 423361.700 423361.650 423361.700 423357.475 423355.248 423357.400 423358.380 423357.530 423357.490 423357.440 423358.260 423358.440 423358.460 423360.017 423362.370 564837.902 564835.300 564834.050 564833.400 564832.700 564832.300 564825.960 564825.750 564825.400 564779.001 564779.001 564803.100 564814.530 564821.430 564821.740 564822.140 564831.510 564832.190 564832.250 564837.902 564837.902
21 423362.370 423362.150 423362.000 423361.900 423361.950 423362.050 423361.700 423361.650 423361.700 423357.475 423355.248 423357.400 423358.380 423357.530 423357.490 423357.440 423358.260 423358.440 423358.460 423360.017 423362.370 564837.902 564835.300 564834.050 564833.400 564832.700 564832.300 564825.960 564825.750 564825.400 564779.001 564779.001 564803.100 564814.530 564821.430 564821.740 564822.140 564831.510 564832.190 564832.250 564837.902 564837.902
31 423352.765 423352.500 423352.400 423352.320 423351.750 423351.600 423351.250 423350.950 423350.400 423349.850 423333.050 423332.900 423332.750 423332.550 423332.400 423332.250 423332.150 423332.000 423331.650 423331.500 423331.450 423331.400 423331.450 423331.550 423334.950 423346.900 423348.800 423349.050 423350.300 423350.309 423352.765 564837.902 564834.850 564833.630 564832.730 564832.200 564832.000 564831.800 564831.700 564831.600 564831.550 564832.350 564832.350 564832.400 564832.400 564832.450 564832.600 564832.650 564832.750 564833.450 564833.800 564834.100 564834.350 564834.550 564834.770 564834.450 564833.750 564834.950 564837.890 564837.800 564837.902 564837.902
31 423352.765 423352.500 423352.400 423352.320 423351.750 423351.600 423351.250 423350.950 423350.400 423349.850 423333.050 423332.900 423332.750 423332.550 423332.400 423332.250 423332.150 423332.000 423331.650 423331.500 423331.450 423331.400 423331.450 423331.550 423334.950 423346.900 423348.800 423349.050 423350.300 423350.309 423352.765 564837.902 564834.850 564833.630 564832.730 564832.200 564832.000 564831.800 564831.700 564831.600 564831.550 564832.350 564832.350 564832.400 564832.400 564832.450 564832.600 564832.650 564832.750 564833.450 564833.800 564834.100 564834.350 564834.550 564834.770 564834.450 564833.750 564834.950 564837.890 564837.800 564837.902 564837.902
29 423324.650 423324.400 423324.150 423323.950 423323.800 423323.250 423321.300 423308.450 423307.850 423307.250 423306.550 423305.900 423305.150 423304.450 423303.950 423303.500 423303.234 423307.542 423307.400 423308.680 423313.450 423318.670 423325.370 423325.400 423325.350 423325.250 423325.150 423324.950 423324.650 564833.300 564833.150 564833.100 564833.000 564833.000 564832.900 564832.900 564833.750 564833.800 564833.900 564834.150 564834.400 564835.050 564835.850 564836.450 564837.150 564837.902 564837.902 564836.150 564836.030 564835.720 564835.380 564834.980 564834.700 564834.400 564834.100 564833.850 564833.550 564833.300
29 423324.650 423324.400 423324.150 423323.950 423323.800 423323.250 423321.300 423308.450 423307.850 423307.250 423306.550 423305.900 423305.150 423304.450 423303.950 423303.500 423303.234 423307.542 423307.400 423308.680 423313.450 423318.670 423325.370 423325.400 423325.350 423325.250 423325.150 423324.950 423324.650 564833.300 564833.150 564833.100 564833.000 564833.000 564832.900 564832.900 564833.750 564833.800 564833.900 564834.150 564834.400 564835.050 564835.850 564836.450 564837.150 564837.902 564837.902 564836.150 564836.030 564835.720 564835.380 564834.980 564834.700 564834.400 564834.100 564833.850 564833.550 564833.300
29 423324.650 423324.400 423324.150 423323.950 423323.800 423323.250 423321.300 423308.450 423307.850 423307.250 423306.550 423305.900 423305.150 423304.450 423303.950 423303.500 423303.234 423307.542 423307.400 423308.680 423313.450 423318.670 423325.370 423325.400 423325.350 423325.250 423325.150 423324.950 423324.650 564833.300 564833.150 564833.100 564833.000 564833.000 564832.900 564832.900 564833.750 564833.800 564833.900 564834.150 564834.400 564835.050 564835.850 564836.450 564837.150 564837.902 564837.902 564836.150 564836.030 564835.720 564835.380 564834.980 564834.700 564834.400 564834.100 564833.850 564833.550 564833.300
29 423324.650 423324.400 423324.150 423323.950 423323.800 423323.250 423321.300 423308.450 423307.850 423307.250 423306.550 423305.900 423305.150 423304.450 423303.950 423303.500 423303.234 423307.542 423307.400 423308.680 423313.450 423318.670 423325.370 423325.400 423325.350 423325.250 423325.150 423324.950 423324.650 564833.300 564833.150 564833.100 564833.000 564833.000 564832.900 564832.900 564833.750 564833.800 564833.900 564834.150 564834.400 564835.050 564835.850 564836.450 564837.150 564837.902 564837.902 564836.150 564836.030 564835.720 564835.380 564834.980 564834.700 564834.400 564834.100 564833.850 564833.550 564833.300
18 423297.130 423297.000 423296.950 423296.800 423296.500 423296.450 423296.050 423295.550 423295.050 423294.600 423286.950 423281.852 423281.852 423283.020 423288.500 423292.150 423293.305 423297.130 564837.902 564836.550 564836.200 564835.700 564835.300 564835.200 564834.850 564834.600 564834.500 564834.500 564834.700 564835.014 564837.146 564837.050 564836.720 564836.500 564837.902 564837.902
18 423297.130 423297.000 423296.950 423296.800 423296.500 423296.450 423296.050 423295.550 423295.050 423294.600 423286.950 423281.852 423281.852 423283.020 423288.500 423292.150 423293.305 423297.130 564837.902 564836.550 564836.200 564835.700 564835.300 564835.200 564834.850 564834.600 564834.500 564834.500 564834.700 564835.014 564837.146 564837.050 564836.720 564836.500 564837.902 564837.902
18 423297.130 423297.000 423296.950 423296.800 423296.500 423296.450 423296.050 423295.550 423295.050 423294.600 423286.950 423281.852 423281.852 423283.020 423288.500 423292.150 423293.305 423297.130 564837.902 564836.550 564836.200 564835.700 564835.300 564835.200 564834.850 564834.600 564834.500 564834.500 564834.700 564835.014 564837.146 564837.050 564836.720 564836.500 564837.902 564837.902
