13
10 423112.280 423112.150 423111.963 423103.741 423103.741 423107.100 423107.300 423108.550 423111.200 423112.280 564847.250 564845.850 564843.881 564844.385 564846.343 564846.200 564847.450 564847.420 564847.350 564847.250
5 423188.900 423189.400 423191.000 423190.600 423188.900 564844.550 564849.300 564849.150 564844.300 564844.550
5 423188.900 423189.400 423191.000 423190.600 423188.900 564844.550 564849.300 564849.150 564844.300 564844.550
5 423148.920 423147.450 423148.000 423149.300 423148.920 564883.860 564884.100 564889.100 564888.900 564883.860
44 423153.204 423152.720 423152.170 423151.610 423151.070 423150.500 423150.000 423149.460 423148.920 423148.600 423148.431 423150.046 423149.850 423151.250 423164.650 423164.710 423165.477 423165.042 423164.680 423164.550 423164.315 423163.868 423162.500 423162.550 423151.050 423150.850 423149.950 423149.050 423148.250 423147.500 423146.850 423146.300 423145.800 423145.450 423145.200 423145.150 423145.400 423146.700 423148.850 423146.800 423147.350 423149.400 423150.100 423153.204 564896.804 564891.800 564886.150 564880.400 564874.900 564869.000 564863.750 564858.090 564852.350 564849.000 564847.155 564847.007 564845.150 564843.500 564842.700 564843.410 564843.356 564842.117 564841.214 564840.930 564840.654 564840.359 564839.550 564841.350 564841.900 564840.200 564840.350 564840.650 564841.000 564841.550 564842.200 564842.850 564843.700 564844.550 564845.450 564846.350 564859.750 564859.700 564883.200 564883.450 564889.700 564889.400 564896.804 564896.804
44 423153.204 423152.720 423152.170 423151.610 423151.070 423150.500 423150.000 423149.460 423148.920 423148.600 423148.431 423150.046 423149.850 423151.250 423164.650 423164.710 423165.477 423165.042 423164.680 423164.550 423164.315 423163.868 423162.500 423162.550 423151.050 423150.850 423149.950 423149.050 423148.250 423147.500 423146.850 423146.300 423145.800 423145.450 423145.200 423145.150 423145.400 423146.700 423148.850 423146.800 423147.350 423149.400 423150.100 423153.204 564896.804 564891.800 564886.150 564880.400 564874.900 564869.000 564863.750 564858.090 564852.350 564849.000 564847.155 564847.007 564845.150 564843.500 564842.700 564843.410 564843.356 564842.117 564841.214 564840.930 564840.654 564840.359 564839.550 564841.350 564841.900 564840.200 564840.350 564840.650 564841.000 564841.550 564842.200 564842.850 564843.700 564844.550 564845.450 564846.350 564859.750 564859.700 564883.200 564883.450 564889.700 564889.400 564896.804 564896.804
44 423153.204 423152.720 423152.170 423151.610 423151.070 423150.500 423150.000 423149.460 423148.920 423148.600 423148.431 423150.046 423149.850 423151.250 423164.650 423164.710 423165.477 423165.042 423164.680 423164.550 423164.315 423163.868 423162.500 423162.550 423151.050 423150.850 423149.950 423149.050 423148.250 423147.500 423146.850 423146.300 423145.800 423145.450 423145.200 423145.150 423145.400 423146.700 423148.850 423146.800 423147.350 423149.400 423150.100 423153.204 564896.804 564891.800 564886.150 564880.400 564874.900 564869.000 564863.750 564858.090 564852.350 564849.000 564847.155 564847.007 564845.150 564843.500 564842.700 564843.410 564843.356 564842.117 564841.214 564840.930 564840.654 564840.359 564839.550 564841.350 564841.900 564840.200 564840.350 564840.650 564841.000 564841.550 564842.200 564842.850 564843.700 564844.550 564845.450 564846.350 564859.750 564859.700 564883.200 564883.450 564889.700 564889.400 564896.804 564896.804
46 423142.764 423141.900 423140.750 423140.550 423140.300 423139.950 423139.800 423139.550 423139.600 423139.500 423139.300 423139.000 423138.600 423138.100 423137.500 423136.800 423136.450 423135.700 423134.850 423134.050 423133.200 423133.250 423120.550 423120.450 423119.050 423118.550 423118.150 423118.000 423117.700 423117.500 423117.350 423117.320 423117.370 423130.400 423135.900 423136.430 423136.810 423137.400 423137.410 423138.080 423138.690 423139.350 423139.990 423140.650 423140.654 423142.764 564896.804 564887.400 564875.800 564872.500 564869.200 564862.550 564855.900 564846.200 564845.650 564844.900 564844.200 564843.550 564842.950 564842.450 564842.050 564841.650 564841.500 564841.250 564841.100 564841.100 564841.250 564842.700 564843.350 564841.950 564842.050 564842.100 564842.300 564842.400 564842.700 564843.100 564843.550 564844.647 564845.530 564844.840 564844.550 564850.800 564855.200 564862.100 564862.250 564869.360 564875.950 564883.000 564889.750 564896.750 564896.804 564896.804
46 423142.764 423141.900 423140.750 423140.550 423140.300 423139.950 423139.800 423139.550 423139.600 423139.500 423139.300 423139.000 423138.600 423138.100 423137.500 423136.800 423136.450 423135.700 423134.850 423134.050 423133.200 423133.250 423120.550 423120.450 423119.050 423118.550 423118.150 423118.000 423117.700 423117.500 423117.350 423117.320 423117.370 423130.400 423135.900 423136.430 423136.810 423137.400 423137.410 423138.080 423138.690 423139.350 423139.990 423140.650 423140.654 423142.764 564896.804 564887.400 564875.800 564872.500 564869.200 564862.550 564855.900 564846.200 564845.650 564844.900 564844.200 564843.550 564842.950 564842.450 564842.050 564841.650 564841.500 564841.250 564841.100 564841.100 564841.250 564842.700 564843.350 564841.950 564842.050 564842.100 564842.300 564842.400 564842.700 564843.100 564843.550 564844.647 564845.530 564844.840 564844.550 564850.800 564855.200 564862.100 564862.250 564869.360 564875.950 564883.000 564889.750 564896.750 564896.804 564896.804
46 423142.764 423141.900 423140.750 423140.550 423140.300 423139.950 423139.800 423139.550 423139.600 423139.500 423139.300 423139.000 423138.600 423138.100 423137.500 423136.800 423136.450 423135.700 423134.850 423134.050 423133.200 423133.250 423120.550 423120.450 423119.050 423118.550 423118.150 423118.000 423117.700 423117.500 423117.350 423117.320 423117.370 423130.400 423135.900 423136.430 423136.810 423137.400 423137.410 423138.080 423138.690 423139.350 423139.990 423140.650 423140.654 423142.764 564896.804 564887.400 564875.800 564872.500 564869.200 564862.550 564855.900 564846.200 564845.650 564844.900 564844.200 564843.550 564842.950 564842.450 564842.050 564841.650 564841.500 564841.250 564841.100 564841.100 564841.250 564842.700 564843.350 564841.950 564842.050 564842.100 564842.300 564842.400 564842.700 564843.100 564843.550 564844.647 564845.530 564844.840 564844.550 564850.800 564855.200 564862.100 564862.250 564869.360 564875.950 564883.000 564889.750 564896.750 564896.804 564896.804
48 423192.796 423189.500 423191.650 423191.560 423191.180 423191.100 423190.900 423190.650 423190.200 423189.650 423189.050 423188.350 423187.600 423186.750 423186.350 423185.450 423184.550 423184.100 423184.150 423173.150 423173.050 423172.243 423171.811 423171.442 423171.135 423170.864 423170.731 423170.756 423170.780 423183.250 423183.600 423183.950 423184.450 423185.150 423185.483 423187.007 423187.250 423187.800 423188.350 423188.870 423189.380 423189.920 423190.430 423190.940 423191.440 423191.789 423192.796 423192.796 564885.178 564850.050 564849.850 564848.850 564844.470 564843.600 564842.700 564841.850 564841.050 564840.350 564839.750 564839.200 564838.750 564838.450 564838.350 564838.250 564838.200 564838.300 564840.150 564840.650 564839.000 564839.507 564839.836 564840.229 564840.665 564841.265 564841.941 564842.598 564842.980 564842.300 564842.350 564842.450 564842.700 564843.350 564846.620 564846.465 564848.850 564854.210 564859.580 564865.340 564870.910 564876.820 564882.120 564887.620 564893.060 564896.804 564896.804 564885.178
48 423192.796 423189.500 423191.650 423191.560 423191.180 423191.100 423190.900 423190.650 423190.200 423189.650 423189.050 423188.350 423187.600 423186.750 423186.350 423185.450 423184.550 423184.100 423184.150 423173.150 423173.050 423172.243 423171.811 423171.442 423171.135 423170.864 423170.731 423170.756 423170.780 423183.250 423183.600 423183.950 423184.450 423185.150 423185.483 423187.007 423187.250 423187.800 423188.350 423188.870 423189.380 423189.920 423190.430 423190.940 423191.440 423191.789 423192.796 423192.796 564885.178 564850.050 564849.850 564848.850 564844.470 564843.600 564842.700 564841.850 564841.050 564840.350 564839.750 564839.200 564838.750 564838.450 564838.350 564838.250 564838.200 564838.300 564840.150 564840.650 564839.000 564839.507 564839.836 564840.229 564840.665 564841.265 564841.941 564842.598 564842.980 564842.300 564842.350 564842.450 564842.700 564843.350 564846.620 564846.465 564848.850 564854.210 564859.580 564865.340 564870.910 564876.820 564882.120 564887.620 564893.060 564896.804 564896.804 564885.178
48 423192.796 423189.500 423191.650 423191.560 423191.180 423191.100 423190.900 423190.650 423190.200 423189.650 423189.050 423188.350 423187.600 423186.750 423186.350 423185.450 423184.550 423184.100 423184.150 423173.150 423173.050 423172.243 423171.811 423171.442 423171.135 423170.864 423170.731 423170.756 423170.780 423183.250 423183.600 423183.950 423184.450 423185.150 423185.483 423187.007 423187.250 423187.800 423188.350 423188.870 423189.380 423189.920 423190.430 423190.940 423191.440 423191.789 423192.796 423192.796 564885.178 564850.050 564849.850 564848.850 564844.470 564843.600 564842.700 564841.850 564841.050 564840.350 564839.750 564839.200 564838.750 564838.450 564838.350 564838.250 564838.200 564838.300 564840.150 564840.650 564839.000 564839.507 564839.836 564840.229 564840.665 564841.265 564841.941 564842.598 564842.980 564842.300 564842.350 564842.450 564842.700 564843.350 564846.620 564846.465 564848.850 564854.210 564859.580 564865.340 564870.910 564876.820 564882.120 564887.620 564893.060 564896.804 564896.804 564885.178
