12
7 423441.939 423459.963 423459.963 423455.950 423446.950 423446.900 423441.939 564697.751 564697.751 564683.852 564680.400 564690.950 564692.250 564697.751
7 423441.939 423459.963 423459.963 423455.950 423446.950 423446.900 423441.939 564697.751 564697.751 564683.852 564680.400 564690.950 564692.250 564697.751
12 423436.550 423422.100 423427.150 423433.500 423433.850 423434.500 423434.850 423435.350 423435.650 423435.950 423436.200 423436.550 564699.250 564699.900 564701.800 564701.550 564701.500 564701.250 564701.050 564700.700 564700.450 564700.150 564699.800 564699.250
14 423438.550 423438.400 423441.780 423450.140 423456.800 423458.000 423459.200 423459.963 423459.963 423441.939 423440.650 423439.450 423438.800 423438.550 564701.850 564703.300 564703.140 564702.760 564702.450 564702.350 564702.200 564702.078 564697.751 564697.751 564699.180 564700.500 564701.200 564701.850
14 423438.550 423438.400 423441.780 423450.140 423456.800 423458.000 423459.200 423459.963 423459.963 423441.939 423440.650 423439.450 423438.800 423438.550 564701.850 564703.300 564703.140 564702.760 564702.450 564702.350 564702.200 564702.078 564697.751 564697.751 564699.180 564700.500 564701.200 564701.850
5 423411.900 423412.000 423416.220 423416.350 423411.900 564700.350 564702.450 564700.540 564700.150 564700.350
30 423427.150 423422.100 423422.200 423422.400 423422.550 423422.800 423423.050 423423.350 423423.650 423424.300 423424.650 423425.050 423425.450 423425.850 423426.700 423438.400 423438.550 423438.800 423439.450 423440.650 423436.550 423436.200 423435.950 423435.650 423435.350 423434.850 423434.500 423433.850 423433.500 423427.150 564701.800 564699.900 564700.300 564700.700 564701.100 564701.500 564701.850 564702.150 564702.500 564703.000 564703.200 564703.400 564703.550 564703.650 564703.800 564703.300 564701.850 564701.200 564700.500 564699.180 564699.250 564699.800 564700.150 564700.450 564700.700 564701.050 564701.250 564701.500 564701.550 564701.800
7 423370.908 423371.000 423371.200 423371.300 423370.950 423370.908 423370.908 564706.058 564705.950 564705.500 564705.200 564705.150 564705.154 564706.058
7 423370.908 423371.000 423371.200 423371.300 423370.950 423370.908 423370.908 564706.058 564705.950 564705.500 564705.200 564705.150 564705.154 564706.058
30 423416.220 423412.000 423410.000 423397.646 423390.000 423387.200 423384.850 423384.200 423379.100 423379.300 423379.550 423380.050 423380.750 423381.450 423381.850 423382.250 423382.650 423383.250 423411.450 423411.950 423412.400 423413.300 423413.750 423414.150 423414.500 423415.150 423415.450 423415.950 423416.150 423416.220 564700.540 564702.450 564702.500 564703.087 564703.450 564703.650 564703.750 564703.800 564704.000 564704.300 564704.600 564705.000 564705.400 564705.650 564705.750 564705.800 564705.800 564705.750 564704.450 564704.350 564704.200 564703.800 564703.550 564703.300 564703.000 564702.350 564702.000 564701.200 564700.750 564700.540
32 423459.963 423457.000 423456.300 423454.100 423453.600 423453.150 423452.400 423451.600 423450.900 423450.300 423449.800 423449.450 423449.300 423449.200 423449.150 423449.148 423451.450 423451.500 423451.600 423451.900 423452.050 423452.350 423452.750 423453.150 423453.750 423454.550 423456.150 423457.550 423457.850 423458.450 423459.963 423459.963 564707.521 564708.000 564708.150 564708.450 564708.550 564708.650 564708.950 564709.350 564709.850 564710.450 564711.150 564711.850 564712.250 564712.650 564713.050 564713.070 564713.800 564713.500 564713.200 564712.600 564712.350 564712.050 564711.750 564711.550 564711.300 564711.050 564710.950 564709.550 564709.350 564709.100 564708.831 564707.521
37 423399.800 423419.150 423424.750 423437.450 423437.900 423438.350 423439.560 423439.650 423443.800 423443.650 423443.500 423443.100 423442.850 423442.550 423441.950 423441.600 423441.200 423440.400 423439.700 423439.200 423438.750 423438.250 423437.750 423437.300 423436.800 423401.152 423397.518 423380.714 423378.952 423378.942 423370.908 423370.908 423378.300 423381.540 423384.650 423394.000 423399.800 564712.200 564711.350 564711.100 564710.550 564710.550 564710.650 564710.990 564712.500 564713.100 564712.650 564712.250 564711.500 564711.150 564710.800 564710.250 564710.000 564709.750 564709.350 564709.100 564709.000 564708.950 564708.900 564708.900 564708.950 564709.000 564710.347 564710.519 564711.317 564711.401 564711.401 564712.137 564713.883 564713.250 564713.090 564712.940 564712.480 564712.200
