11
41 423860.890 423863.449 423863.750 423863.950 423864.200 423864.450 423864.850 423864.950 423865.437 423865.413 423865.253 423865.218 423864.400 423864.000 423863.800 423863.550 423863.400 423863.200 423863.000 423862.900 423862.800 423862.750 423862.700 423862.650 423862.575 423859.832 423860.100 423860.200 423860.250 423860.500 423860.800 423861.300 423861.900 423862.850 423863.000 423862.600 423862.100 423861.600 423861.250 423860.900 423860.890 564697.751 564697.751 564697.300 564697.100 564696.900 564696.900 564696.850 564696.500 564696.500 564694.332 564680.130 564677.043 564677.000 564676.800 564676.650 564676.500 564676.300 564676.100 564675.800 564675.400 564675.100 564674.450 564672.400 564665.850 564661.198 564661.198 564674.650 564675.550 564675.950 564676.250 564676.700 564677.200 564677.900 564678.350 564694.500 564694.700 564695.250 564695.950 564696.850 564697.700 564697.751
41 423860.890 423863.449 423863.750 423863.950 423864.200 423864.450 423864.850 423864.950 423865.437 423865.413 423865.253 423865.218 423864.400 423864.000 423863.800 423863.550 423863.400 423863.200 423863.000 423862.900 423862.800 423862.750 423862.700 423862.650 423862.575 423859.832 423860.100 423860.200 423860.250 423860.500 423860.800 423861.300 423861.900 423862.850 423863.000 423862.600 423862.100 423861.600 423861.250 423860.900 423860.890 564697.751 564697.751 564697.300 564697.100 564696.900 564696.900 564696.850 564696.500 564696.500 564694.332 564680.130 564677.043 564677.000 564676.800 564676.650 564676.500 564676.300 564676.100 564675.800 564675.400 564675.100 564674.450 564672.400 564665.850 564661.198 564661.198 564674.650 564675.550 564675.950 564676.250 564676.700 564677.200 564677.900 564678.350 564694.500 564694.700 564695.250 564695.950 564696.850 564697.700 564697.751
65 423842.847 423844.542 423844.500 423844.500 423844.450 423844.600 423844.550 423844.800 423845.000 423845.300 423845.750 423846.300 423847.550 423848.150 423848.550 423848.850 423849.100 423849.400 423849.500 423849.600 423849.500 423849.400 423849.350 423849.264 423847.475 423847.600 423847.600 423847.550 423847.300 423846.950 423846.550 423845.900 423845.500 423845.300 423845.950 423846.600 423847.050 423847.400 423847.700 423847.700 423847.750 423847.700 423847.350 423846.560 423845.800 423846.800 423846.800 423846.650 423846.350 423846.000 423845.600 423845.250 423844.800 423844.400 423843.950 423843.300 423842.780 423842.800 423842.000 423842.900 423842.870 423842.850 423842.000 423842.850 423842.847 564697.751 564697.751 564696.550 564689.600 564687.650 564686.700 564686.050 564685.600 564685.250 564684.950 564684.800 564684.550 564684.100 564683.850 564683.600 564683.350 564683.050 564682.850 564682.650 564681.550 564676.550 564673.400 564666.500 564661.198 564661.198 564663.450 564664.050 564664.400 564664.650 564665.050 564665.450 564665.900 564666.100 564668.400 564668.850 564669.400 564669.900 564670.300 564670.950 564672.450 564674.200 564675.150 564675.200 564675.640 564676.400 564677.100 564681.550 564682.000 564682.300 564682.550 564682.850 564683.000 564683.150 564683.400 564683.750 564684.050 564684.450 564685.750 564686.450 564687.050 564691.800 564695.900 564696.850 564697.500 564697.751
65 423842.847 423844.542 423844.500 423844.500 423844.450 423844.600 423844.550 423844.800 423845.000 423845.300 423845.750 423846.300 423847.550 423848.150 423848.550 423848.850 423849.100 423849.400 423849.500 423849.600 423849.500 423849.400 423849.350 423849.264 423847.475 423847.600 423847.600 423847.550 423847.300 423846.950 423846.550 423845.900 423845.500 423845.300 423845.950 423846.600 423847.050 423847.400 423847.700 423847.700 423847.750 423847.700 423847.350 423846.560 423845.800 423846.800 423846.800 423846.650 423846.350 423846.000 423845.600 423845.250 423844.800 423844.400 423843.950 423843.300 423842.780 423842.800 423842.000 423842.900 423842.870 423842.850 423842.000 423842.850 423842.847 564697.751 564697.751 564696.550 564689.600 564687.650 564686.700 564686.050 564685.600 564685.250 564684.950 564684.800 564684.550 564684.100 564683.850 564683.600 564683.350 564683.050 564682.850 564682.650 564681.550 564676.550 564673.400 564666.500 564661.198 564661.198 564663.450 564664.050 564664.400 564664.650 564665.050 564665.450 564665.900 564666.100 564668.400 564668.850 564669.400 564669.900 564670.300 564670.950 564672.450 564674.200 564675.150 564675.200 564675.640 564676.400 564677.100 564681.550 564682.000 564682.300 564682.550 564682.850 564683.000 564683.150 564683.400 564683.750 564684.050 564684.450 564685.750 564686.450 564687.050 564691.800 564695.900 564696.850 564697.500 564697.751
65 423842.847 423844.542 423844.500 423844.500 423844.450 423844.600 423844.550 423844.800 423845.000 423845.300 423845.750 423846.300 423847.550 423848.150 423848.550 423848.850 423849.100 423849.400 423849.500 423849.600 423849.500 423849.400 423849.350 423849.264 423847.475 423847.600 423847.600 423847.550 423847.300 423846.950 423846.550 423845.900 423845.500 423845.300 423845.950 423846.600 423847.050 423847.400 423847.700 423847.700 423847.750 423847.700 423847.350 423846.560 423845.800 423846.800 423846.800 423846.650 423846.350 423846.000 423845.600 423845.250 423844.800 423844.400 423843.950 423843.300 423842.780 423842.800 423842.000 423842.900 423842.870 423842.850 423842.000 423842.850 423842.847 564697.751 564697.751 564696.550 564689.600 564687.650 564686.700 564686.050 564685.600 564685.250 564684.950 564684.800 564684.550 564684.100 564683.850 564683.600 564683.350 564683.050 564682.850 564682.650 564681.550 564676.550 564673.400 564666.500 564661.198 564661.198 564663.450 564664.050 564664.400 564664.650 564665.050 564665.450 564665.900 564666.100 564668.400 564668.850 564669.400 564669.900 564670.300 564670.950 564672.450 564674.200 564675.150 564675.200 564675.640 564676.400 564677.100 564681.550 564682.000 564682.300 564682.550 564682.850 564683.000 564683.150 564683.400 564683.750 564684.050 564684.450 564685.750 564686.450 564687.050 564691.800 564695.900 564696.850 564697.500 564697.751
15 423846.000 423846.120 423846.950 423847.300 423847.650 423847.850 423847.900 423848.000 423847.900 423847.900 423847.700 423847.300 423847.000 423846.700 423846.000 564707.250 564717.900 564717.900 564717.850 564717.750 564717.400 564717.000 564715.850 564713.700 564708.600 564708.250 564707.750 564707.400 564707.250 564707.250
46 423846.950 423846.120 423846.144 423850.074 423850.200 423850.250 423850.250 423850.150 423850.050 423850.050 423849.950 423850.000 423849.900 423849.700 423848.950 423848.000 423847.000 423846.400 423846.050 423845.800 423845.500 423845.250 423845.050 423844.850 423844.600 423844.650 423844.600 423844.542 423842.847 423842.800 423842.470 423844.600 423846.000 423846.000 423846.700 423847.000 423847.300 423847.700 423847.900 423847.900 423848.000 423847.900 423847.850 423847.650 423847.300 423846.950 564717.900 564717.900 564720.099 564720.099 564719.500 564718.950 564717.950 564716.300 564714.450 564713.500 564709.100 564708.100 564707.550 564707.150 564706.500 564705.950 564705.500 564705.200 564705.150 564705.000 564704.850 564704.500 564703.950 564703.350 564702.200 564701.350 564699.400 564697.751 564697.751 564702.100 564704.800 564707.050 564707.050 564707.250 564707.250 564707.400 564707.750 564708.250 564708.600 564713.700 564715.850 564717.000 564717.400 564717.750 564717.850 564717.900
46 423846.950 423846.120 423846.144 423850.074 423850.200 423850.250 423850.250 423850.150 423850.050 423850.050 423849.950 423850.000 423849.900 423849.700 423848.950 423848.000 423847.000 423846.400 423846.050 423845.800 423845.500 423845.250 423845.050 423844.850 423844.600 423844.650 423844.600 423844.542 423842.847 423842.800 423842.470 423844.600 423846.000 423846.000 423846.700 423847.000 423847.300 423847.700 423847.900 423847.900 423848.000 423847.900 423847.850 423847.650 423847.300 423846.950 564717.900 564717.900 564720.099 564720.099 564719.500 564718.950 564717.950 564716.300 564714.450 564713.500 564709.100 564708.100 564707.550 564707.150 564706.500 564705.950 564705.500 564705.200 564705.150 564705.000 564704.850 564704.500 564703.950 564703.350 564702.200 564701.350 564699.400 564697.751 564697.751 564702.100 564704.800 564707.050 564707.050 564707.250 564707.250 564707.400 564707.750 564708.250 564708.600 564713.700 564715.850 564717.000 564717.400 564717.750 564717.850 564717.900
24 423863.517 423863.450 423863.200 423863.050 423863.050 423863.100 423863.200 423863.350 423863.449 423860.890 423860.750 423860.700 423860.500 423860.350 423860.450 423860.500 423860.650 423860.750 423856.200 423855.650 423855.800 423855.950 423856.083 423863.517 564720.099 564714.900 564704.700 564699.950 564699.050 564698.600 564698.250 564697.900 564697.751 564697.751 564698.500 564698.950 564699.850 564700.650 564701.700 564703.150 564709.050 564717.700 564717.950 564717.950 564718.550 564719.600 564720.099 564720.099
24 423863.517 423863.450 423863.200 423863.050 423863.050 423863.100 423863.200 423863.350 423863.449 423860.890 423860.750 423860.700 423860.500 423860.350 423860.450 423860.500 423860.650 423860.750 423856.200 423855.650 423855.800 423855.950 423856.083 423863.517 564720.099 564714.900 564704.700 564699.950 564699.050 564698.600 564698.250 564697.900 564697.751 564697.751 564698.500 564698.950 564699.850 564700.650 564701.700 564703.150 564709.050 564717.700 564717.950 564717.950 564718.550 564719.600 564720.099 564720.099
24 423863.517 423863.450 423863.200 423863.050 423863.050 423863.100 423863.200 423863.350 423863.449 423860.890 423860.750 423860.700 423860.500 423860.350 423860.450 423860.500 423860.650 423860.750 423856.200 423855.650 423855.800 423855.950 423856.083 423863.517 564720.099 564714.900 564704.700 564699.950 564699.050 564698.600 564698.250 564697.900 564697.751 564697.751 564698.500 564698.950 564699.850 564700.650 564701.700 564703.150 564709.050 564717.700 564717.950 564717.950 564718.550 564719.600 564720.099 564720.099
