18
42 423727.130 423725.550 423724.550 423718.350 423709.950 423707.860 423706.770 423705.920 423702.626 423701.960 423701.450 423699.150 423696.900 423695.750 423692.630 423691.400 423696.850 423698.098 423698.306 423700.000 423700.236 423700.749 423703.350 423704.100 423704.700 423705.400 423705.850 423706.150 423706.280 423706.700 423706.950 423707.300 423707.600 423707.900 423708.100 423708.400 423708.800 423710.400 423714.250 423720.800 423727.130 423727.130 564918.182 564919.200 564919.850 564923.950 564929.400 564930.860 564928.640 564926.900 564919.966 564918.570 564917.550 564912.800 564907.800 564905.300 564898.700 564901.050 564912.550 564915.284 564915.740 564919.450 564919.947 564921.026 564926.500 564928.250 564929.450 564931.000 564931.800 564932.300 564932.750 564933.500 564933.900 564934.150 564934.400 564934.450 564934.450 564934.450 564934.400 564933.350 564930.800 564926.250 564921.997 564918.182
13 423649.300 423644.800 423640.400 423638.074 423638.074 423639.890 423642.250 423643.800 423646.450 423650.200 423655.350 423657.004 423649.300 564896.804 564898.150 564899.550 564900.308 564902.697 564902.190 564901.300 564900.900 564900.050 564898.900 564897.300 564896.804 564896.804
42 423727.130 423725.550 423724.550 423718.350 423709.950 423707.860 423706.770 423705.920 423702.626 423701.960 423701.450 423699.150 423696.900 423695.750 423692.630 423691.400 423696.850 423698.098 423698.306 423700.000 423700.236 423700.749 423703.350 423704.100 423704.700 423705.400 423705.850 423706.150 423706.280 423706.700 423706.950 423707.300 423707.600 423707.900 423708.100 423708.400 423708.800 423710.400 423714.250 423720.800 423727.130 423727.130 564918.182 564919.200 564919.850 564923.950 564929.400 564930.860 564928.640 564926.900 564919.966 564918.570 564917.550 564912.800 564907.800 564905.300 564898.700 564901.050 564912.550 564915.284 564915.740 564919.450 564919.947 564921.026 564926.500 564928.250 564929.450 564931.000 564931.800 564932.300 564932.750 564933.500 564933.900 564934.150 564934.400 564934.450 564934.450 564934.450 564934.400 564933.350 564930.800 564926.250 564921.997 564918.182
13 423649.300 423644.800 423640.400 423638.074 423638.074 423639.890 423642.250 423643.800 423646.450 423650.200 423655.350 423657.004 423649.300 564896.804 564898.150 564899.550 564900.308 564902.697 564902.190 564901.300 564900.900 564900.050 564898.900 564897.300 564896.804 564896.804
42 423727.130 423725.550 423724.550 423718.350 423709.950 423707.860 423706.770 423705.920 423702.626 423701.960 423701.450 423699.150 423696.900 423695.750 423692.630 423691.400 423696.850 423698.098 423698.306 423700.000 423700.236 423700.749 423703.350 423704.100 423704.700 423705.400 423705.850 423706.150 423706.280 423706.700 423706.950 423707.300 423707.600 423707.900 423708.100 423708.400 423708.800 423710.400 423714.250 423720.800 423727.130 423727.130 564918.182 564919.200 564919.850 564923.950 564929.400 564930.860 564928.640 564926.900 564919.966 564918.570 564917.550 564912.800 564907.800 564905.300 564898.700 564901.050 564912.550 564915.284 564915.740 564919.450 564919.947 564921.026 564926.500 564928.250 564929.450 564931.000 564931.800 564932.300 564932.750 564933.500 564933.900 564934.150 564934.400 564934.450 564934.450 564934.450 564934.400 564933.350 564930.800 564926.250 564921.997 564918.182
13 423649.300 423644.800 423640.400 423638.074 423638.074 423639.890 423642.250 423643.800 423646.450 423650.200 423655.350 423657.004 423649.300 564896.804 564898.150 564899.550 564900.308 564902.697 564902.190 564901.300 564900.900 564900.050 564898.900 564897.300 564896.804 564896.804
27 423727.130 423725.050 423723.000 423721.550 423719.750 423717.000 423715.240 423714.600 423711.850 423710.970 423709.550 423706.700 423701.700 423699.067 423703.666 423704.150 423707.300 423709.250 423711.400 423713.300 423715.150 423717.700 423720.600 423723.700 423726.850 423727.130 423727.130 564937.402 564938.800 564940.050 564940.950 564942.350 564944.000 564945.100 564945.500 564947.400 564947.980 564948.900 564950.750 564953.950 564955.705 564955.705 564955.350 564953.350 564952.200 564950.750 564949.550 564948.350 564946.650 564944.800 564942.700 564940.650 564940.459 564937.402
27 423727.130 423725.050 423723.000 423721.550 423719.750 423717.000 423715.240 423714.600 423711.850 423710.970 423709.550 423706.700 423701.700 423699.067 423703.666 423704.150 423707.300 423709.250 423711.400 423713.300 423715.150 423717.700 423720.600 423723.700 423726.850 423727.130 423727.130 564937.402 564938.800 564940.050 564940.950 564942.350 564944.000 564945.100 564945.500 564947.400 564947.980 564948.900 564950.750 564953.950 564955.705 564955.705 564955.350 564953.350 564952.200 564950.750 564949.550 564948.350 564946.650 564944.800 564942.700 564940.650 564940.459 564937.402
27 423727.130 423725.050 423723.000 423721.550 423719.750 423717.000 423715.240 423714.600 423711.850 423710.970 423709.550 423706.700 423701.700 423699.067 423703.666 423704.150 423707.300 423709.250 423711.400 423713.300 423715.150 423717.700 423720.600 423723.700 423726.850 423727.130 423727.130 564937.402 564938.800 564940.050 564940.950 564942.350 564944.000 564945.100 564945.500 564947.400 564947.980 564948.900 564950.750 564953.950 564955.705 564955.705 564955.350 564953.350 564952.200 564950.750 564949.550 564948.350 564946.650 564944.800 564942.700 564940.650 564940.459 564937.402
27 423727.130 423725.050 423723.000 423721.550 423719.750 423717.000 423715.240 423714.600 423711.850 423710.970 423709.550 423706.700 423701.700 423699.067 423703.666 423704.150 423707.300 423709.250 423711.400 423713.300 423715.150 423717.700 423720.600 423723.700 423726.850 423727.130 423727.130 564937.402 564938.800 564940.050 564940.950 564942.350 564944.000 564945.100 564945.500 564947.400 564947.980 564948.900 564950.750 564953.950 564955.705 564955.705 564955.350 564953.350 564952.200 564950.750 564949.550 564948.350 564946.650 564944.800 564942.700 564940.650 564940.459 564937.402
27 423727.130 423725.050 423723.000 423721.550 423719.750 423717.000 423715.240 423714.600 423711.850 423710.970 423709.550 423706.700 423701.700 423699.067 423703.666 423704.150 423707.300 423709.250 423711.400 423713.300 423715.150 423717.700 423720.600 423723.700 423726.850 423727.130 423727.130 564937.402 564938.800 564940.050 564940.950 564942.350 564944.000 564945.100 564945.500 564947.400 564947.980 564948.900 564950.750 564953.950 564955.705 564955.705 564955.350 564953.350 564952.200 564950.750 564949.550 564948.350 564946.650 564944.800 564942.700 564940.650 564940.459 564937.402
18 423657.004 423655.350 423650.200 423646.450 423643.800 423642.250 423639.890 423640.050 423641.200 423642.100 423643.550 423644.450 423647.950 423649.900 423655.000 423658.100 423658.802 423657.004 564896.804 564897.300 564898.900 564900.050 564900.900 564901.300 564902.190 564902.150 564901.800 564901.600 564901.150 564900.950 564899.950 564899.400 564897.950 564897.000 564896.804 564896.804
18 423657.004 423655.350 423650.200 423646.450 423643.800 423642.250 423639.890 423640.050 423641.200 423642.100 423643.550 423644.450 423647.950 423649.900 423655.000 423658.100 423658.802 423657.004 564896.804 564897.300 564898.900 564900.050 564900.900 564901.300 564902.190 564902.150 564901.800 564901.600 564901.150 564900.950 564899.950 564899.400 564897.950 564897.000 564896.804 564896.804
4 423639.890 423638.074 423638.074 423639.890 564902.190 564902.697 564902.835 564902.190
34 423683.360 423683.500 423686.050 423686.860 423689.800 423689.550 423690.350 423691.050 423691.450 423691.900 423692.200 423692.500 423692.633 423692.750 423693.050 423693.400 423693.750 423694.000 423694.100 423694.150 423694.000 423693.700 423691.950 423690.550 423689.950 423689.600 423689.250 423688.850 423688.550 423687.950 423687.400 423685.800 423684.750 423683.360 564905.310 564905.650 564911.350 564913.150 564919.700 564919.810 564921.680 564921.250 564920.900 564920.400 564919.900 564919.500 564919.206 564918.950 564918.200 564917.300 564915.950 564915.200 564914.600 564914.150 564913.700 564913.050 564909.100 564906.350 564905.650 564905.200 564905.100 564904.850 564904.700 564904.550 564904.500 564904.500 564904.850 564905.310
19 423676.148 423679.400 423686.900 423692.150 423696.000 423700.100 423703.100 423703.790 423704.240 423704.270 423704.300 423704.300 423704.200 423704.050 423703.950 423703.750 423703.526 423670.894 423676.148 564955.705 564953.550 564948.550 564945.000 564942.500 564939.800 564937.900 564937.270 564936.850 564936.680 564936.500 564936.250 564935.850 564935.400 564935.050 564934.700 564934.169 564955.705 564955.705
19 423676.148 423679.400 423686.900 423692.150 423696.000 423700.100 423703.100 423703.790 423704.240 423704.270 423704.300 423704.300 423704.200 423704.050 423703.950 423703.750 423703.526 423670.894 423676.148 564955.705 564953.550 564948.550 564945.000 564942.500 564939.800 564937.900 564937.270 564936.850 564936.680 564936.500 564936.250 564935.850 564935.400 564935.050 564934.700 564934.169 564955.705 564955.705
19 423676.148 423679.400 423686.900 423692.150 423696.000 423700.100 423703.100 423703.790 423704.240 423704.270 423704.300 423704.300 423704.200 423704.050 423703.950 423703.750 423703.526 423670.894 423676.148 564955.705 564953.550 564948.550 564945.000 564942.500 564939.800 564937.900 564937.270 564936.850 564936.680 564936.500 564936.250 564935.850 564935.400 564935.050 564934.700 564934.169 564955.705 564955.705
