9
7 422962.689 422964.290 422966.970 422966.680 422965.850 422965.431 422962.689 565014.607 565036.080 565035.880 565032.040 565020.850 565014.607 565014.607
7 422962.689 422964.290 422966.970 422966.680 422965.850 422965.431 422962.689 565014.607 565036.080 565035.880 565032.040 565020.850 565014.607 565014.607
7 422962.689 422964.290 422966.970 422966.680 422965.850 422965.431 422962.689 565014.607 565036.080 565035.880 565032.040 565020.850 565014.607 565014.607
7 422962.689 422964.290 422966.970 422966.680 422965.850 422965.431 422962.689 565014.607 565036.080 565035.880 565032.040 565020.850 565014.607 565014.607
7 422962.689 422964.290 422966.970 422966.680 422965.850 422965.431 422962.689 565014.607 565036.080 565035.880 565032.040 565020.850 565014.607 565014.607
10 422974.850 422974.560 422974.380 422974.240 422974.260 422975.960 422975.580 422976.580 422976.300 422974.850 565024.700 565026.690 565028.430 565031.720 565033.470 565033.340 565028.350 565028.280 565024.590 565024.700
19 422966.680 422966.970 422967.350 422968.500 422968.810 422971.100 422968.820 422968.790 422968.940 422969.150 422969.470 422969.680 422970.170 422970.370 422970.440 422970.440 422965.431 422965.850 422966.680 565032.040 565035.880 565041.000 565055.650 565059.480 565059.330 565034.410 565031.640 565028.040 565026.020 565023.820 565022.680 565019.370 565017.100 565015.320 565014.607 565014.607 565020.850 565032.040
28 422982.559 422982.240 422982.150 422981.790 422981.240 422980.670 422980.120 422979.590 422979.070 422978.510 422978.000 422977.950 422977.844 422975.440 422975.440 422975.360 422975.140 422974.610 422974.400 422974.110 422973.930 422973.790 422973.820 422976.210 422977.730 422975.730 422977.379 422982.559 565073.508 565069.500 565068.350 565063.860 565057.160 565050.100 565043.300 565036.650 565030.000 565022.950 565016.550 565015.950 565014.607 565014.607 565015.420 565017.420 565019.960 565023.510 565024.640 565026.630 565028.400 565031.710 565034.010 565033.820 565052.700 565052.850 565073.508 565073.508
28 422982.559 422982.240 422982.150 422981.790 422981.240 422980.670 422980.120 422979.590 422979.070 422978.510 422978.000 422977.950 422977.844 422975.440 422975.440 422975.360 422975.140 422974.610 422974.400 422974.110 422973.930 422973.790 422973.820 422976.210 422977.730 422975.730 422977.379 422982.559 565073.508 565069.500 565068.350 565063.860 565057.160 565050.100 565043.300 565036.650 565030.000 565022.950 565016.550 565015.950 565014.607 565014.607 565015.420 565017.420 565019.960 565023.510 565024.640 565026.630 565028.400 565031.710 565034.010 565033.820 565052.700 565052.850 565073.508 565073.508
