16
4 423281.852 423284.003 423281.852 423281.852 565197.751 565197.751 565196.763 565197.751
4 423281.852 423284.003 423281.852 423281.852 565197.751 565197.751 565196.763 565197.751
4 423281.852 423284.003 423281.852 423281.852 565197.751 565197.751 565196.763 565197.751
4 423281.852 423284.003 423281.852 423281.852 565197.751 565197.751 565196.763 565197.751
4 423281.852 423284.003 423281.852 423281.852 565197.751 565197.751 565196.763 565197.751
23 423281.852 423282.000 423284.500 423287.400 423290.350 423293.150 423295.950 423304.280 423304.500 423304.650 423304.900 423305.000 423305.000 423304.800 423304.550 423304.450 423304.000 423303.450 423303.000 423296.800 423290.550 423281.852 423281.852 565213.476 565213.550 565214.750 565216.200 565217.700 565219.100 565220.450 565224.520 565224.250 565223.950 565223.500 565223.000 565222.300 565221.950 565221.650 565221.550 565221.250 565221.050 565220.800 565217.600 565214.400 565210.250 565213.476
11 423281.852 423300.833 423304.280 423295.950 423293.150 423290.350 423287.400 423284.500 423282.000 423281.852 423281.852 565221.749 565230.516 565224.520 565220.450 565219.100 565217.700 565216.200 565214.750 565213.550 565213.476 565221.749
22 423370.908 423366.750 423356.450 423337.600 423319.400 423310.350 423299.350 423284.003 423281.852 423281.852 423288.250 423297.750 423307.250 423316.900 423326.550 423337.450 423343.900 423346.800 423355.920 423365.000 423370.908 423370.908 565244.428 565241.700 565235.450 565224.900 565215.000 565210.300 565204.800 565197.751 565197.751 565199.846 565202.850 565207.400 565212.050 565217.000 565222.000 565228.050 565231.700 565233.100 565238.470 565244.060 565247.968 565244.428
22 423370.908 423366.750 423356.450 423337.600 423319.400 423310.350 423299.350 423284.003 423281.852 423281.852 423288.250 423297.750 423307.250 423316.900 423326.550 423337.450 423343.900 423346.800 423355.920 423365.000 423370.908 423370.908 565244.428 565241.700 565235.450 565224.900 565215.000 565210.300 565204.800 565197.751 565197.751 565199.846 565202.850 565207.400 565212.050 565217.000 565222.000 565228.050 565231.700 565233.100 565238.470 565244.060 565247.968 565244.428
16 423350.430 423348.600 423346.650 423341.350 423335.050 423332.500 423329.900 423325.300 423322.200 423319.150 423312.350 423306.950 423303.551 423309.493 423336.277 423350.430 565250.213 565249.250 565248.300 565245.100 565241.400 565240.000 565238.550 565236.050 565234.350 565232.650 565228.950 565226.050 565231.771 565234.515 565250.213 565250.213
16 423350.430 423348.600 423346.650 423341.350 423335.050 423332.500 423329.900 423325.300 423322.200 423319.150 423312.350 423306.950 423303.551 423309.493 423336.277 423350.430 565250.213 565249.250 565248.300 565245.100 565241.400 565240.000 565238.550 565236.050 565234.350 565232.650 565228.950 565226.050 565231.771 565234.515 565250.213 565250.213
16 423350.430 423348.600 423346.650 423341.350 423335.050 423332.500 423329.900 423325.300 423322.200 423319.150 423312.350 423306.950 423303.551 423309.493 423336.277 423350.430 565250.213 565249.250 565248.300 565245.100 565241.400 565240.000 565238.550 565236.050 565234.350 565232.650 565228.950 565226.050 565231.771 565234.515 565250.213 565250.213
16 423350.430 423348.600 423346.650 423341.350 423335.050 423332.500 423329.900 423325.300 423322.200 423319.150 423312.350 423306.950 423303.551 423309.493 423336.277 423350.430 565250.213 565249.250 565248.300 565245.100 565241.400 565240.000 565238.550 565236.050 565234.350 565232.650 565228.950 565226.050 565231.771 565234.515 565250.213 565250.213
33 423355.930 423353.800 423349.700 423345.850 423341.950 423336.950 423331.900 423328.350 423324.850 423319.450 423313.950 423312.850 423311.700 423311.000 423310.250 423309.650 423309.050 423308.850 423308.500 423307.450 423306.950 423312.350 423319.150 423322.200 423325.300 423329.900 423332.500 423335.050 423341.350 423346.650 423348.600 423350.430 423355.930 565250.213 565248.700 565246.200 565243.800 565241.500 565238.700 565236.000 565234.050 565232.150 565229.200 565226.300 565225.800 565225.200 565224.750 565224.350 565224.200 565224.200 565224.250 565224.500 565225.400 565226.050 565228.950 565232.650 565234.350 565236.050 565238.550 565240.000 565241.400 565245.100 565248.300 565249.250 565250.213 565250.213
33 423355.930 423353.800 423349.700 423345.850 423341.950 423336.950 423331.900 423328.350 423324.850 423319.450 423313.950 423312.850 423311.700 423311.000 423310.250 423309.650 423309.050 423308.850 423308.500 423307.450 423306.950 423312.350 423319.150 423322.200 423325.300 423329.900 423332.500 423335.050 423341.350 423346.650 423348.600 423350.430 423355.930 565250.213 565248.700 565246.200 565243.800 565241.500 565238.700 565236.000 565234.050 565232.150 565229.200 565226.300 565225.800 565225.200 565224.750 565224.350 565224.200 565224.200 565224.250 565224.500 565225.400 565226.050 565228.950 565232.650 565234.350 565236.050 565238.550 565240.000 565241.400 565245.100 565248.300 565249.250 565250.213 565250.213
33 423355.930 423353.800 423349.700 423345.850 423341.950 423336.950 423331.900 423328.350 423324.850 423319.450 423313.950 423312.850 423311.700 423311.000 423310.250 423309.650 423309.050 423308.850 423308.500 423307.450 423306.950 423312.350 423319.150 423322.200 423325.300 423329.900 423332.500 423335.050 423341.350 423346.650 423348.600 423350.430 423355.930 565250.213 565248.700 565246.200 565243.800 565241.500 565238.700 565236.000 565234.050 565232.150 565229.200 565226.300 565225.800 565225.200 565224.750 565224.350 565224.200 565224.200 565224.250 565224.500 565225.400 565226.050 565228.950 565232.650 565234.350 565236.050 565238.550 565240.000 565241.400 565245.100 565248.300 565249.250 565250.213 565250.213
