17
6 423255.750 423256.550 423256.222 423254.014 423254.150 423255.750 564900.550 564900.450 564896.804 564896.804 564899.250 564900.550
24 423263.253 423262.800 423262.160 423261.530 423260.900 423260.270 423259.670 423259.050 423258.420 423258.012 423256.222 423256.550 423255.750 423254.150 423254.014 423253.465 423253.800 423256.100 423258.900 423256.950 423257.450 423260.100 423261.006 423263.253 564955.705 564950.450 564943.390 564936.450 564929.500 564922.340 564915.490 564908.450 564901.350 564896.804 564896.804 564900.450 564900.550 564899.250 564896.804 564896.804 564899.650 564901.400 564931.350 564934.000 564939.050 564945.550 564955.705 564955.705
24 423263.253 423262.800 423262.160 423261.530 423260.900 423260.270 423259.670 423259.050 423258.420 423258.012 423256.222 423256.550 423255.750 423254.150 423254.014 423253.465 423253.800 423256.100 423258.900 423256.950 423257.450 423260.100 423261.006 423263.253 564955.705 564950.450 564943.390 564936.450 564929.500 564922.340 564915.490 564908.450 564901.350 564896.804 564896.804 564900.450 564900.550 564899.250 564896.804 564896.804 564899.650 564901.400 564931.350 564934.000 564939.050 564945.550 564955.705 564955.705
24 423263.253 423262.800 423262.160 423261.530 423260.900 423260.270 423259.670 423259.050 423258.420 423258.012 423256.222 423256.550 423255.750 423254.150 423254.014 423253.465 423253.800 423256.100 423258.900 423256.950 423257.450 423260.100 423261.006 423263.253 564955.705 564950.450 564943.390 564936.450 564929.500 564922.340 564915.490 564908.450 564901.350 564896.804 564896.804 564900.450 564900.550 564899.250 564896.804 564896.804 564899.650 564901.400 564931.350 564934.000 564939.050 564945.550 564955.705 564955.705
5 423197.200 423195.750 423196.200 423197.650 423197.200 564916.050 564916.200 564920.850 564920.700 564916.050
20 423253.381 423253.250 423255.500 423255.100 423251.950 423250.800 423248.200 423247.956 423245.779 423245.910 423246.550 423247.190 423247.800 423248.410 423249.060 423249.700 423250.320 423250.950 423251.112 423253.381 564955.705 564954.300 564951.850 564947.000 564939.750 564926.500 564899.450 564896.804 564896.804 564898.240 564905.200 564912.450 564919.400 564926.150 564933.250 564940.350 564947.050 564953.950 564955.705 564955.705
20 423253.381 423253.250 423255.500 423255.100 423251.950 423250.800 423248.200 423247.956 423245.779 423245.910 423246.550 423247.190 423247.800 423248.410 423249.060 423249.700 423250.320 423250.950 423251.112 423253.381 564955.705 564954.300 564951.850 564947.000 564939.750 564926.500 564899.450 564896.804 564896.804 564898.240 564905.200 564912.450 564919.400 564926.150 564933.250 564940.350 564947.050 564953.950 564955.705 564955.705
20 423253.381 423253.250 423255.500 423255.100 423251.950 423250.800 423248.200 423247.956 423245.779 423245.910 423246.550 423247.190 423247.800 423248.410 423249.060 423249.700 423250.320 423250.950 423251.112 423253.381 564955.705 564954.300 564951.850 564947.000 564939.750 564926.500 564899.450 564896.804 564896.804 564898.240 564905.200 564912.450 564919.400 564926.150 564933.250 564940.350 564947.050 564953.950 564955.705 564955.705
18 423210.045 423209.750 423209.090 423208.460 423207.790 423207.150 423206.480 423205.830 423205.220 423204.580 423204.558 423202.086 423202.500 423203.750 423204.150 423204.850 423207.504 423210.045 564955.705 564952.520 564945.410 564938.670 564931.520 564924.600 564917.770 564910.660 564903.990 564897.000 564896.804 564896.804 564901.250 564914.870 564919.250 564926.950 564955.705 564955.705
18 423210.045 423209.750 423209.090 423208.460 423207.790 423207.150 423206.480 423205.830 423205.220 423204.580 423204.558 423202.086 423202.500 423203.750 423204.150 423204.850 423207.504 423210.045 564955.705 564952.520 564945.410 564938.670 564931.520 564924.600 564917.770 564910.660 564903.990 564897.000 564896.804 564896.804 564901.250 564914.870 564919.250 564926.950 564955.705 564955.705
18 423210.045 423209.750 423209.090 423208.460 423207.790 423207.150 423206.480 423205.830 423205.220 423204.580 423204.558 423202.086 423202.500 423203.750 423204.150 423204.850 423207.504 423210.045 564955.705 564952.520 564945.410 564938.670 564931.520 564924.600 564917.770 564910.660 564903.990 564897.000 564896.804 564896.804 564901.250 564914.870 564919.250 564926.950 564955.705 564955.705
24 423199.473 423199.000 423201.150 423200.600 423198.500 423196.250 423198.300 423198.180 423197.750 423195.700 423193.898 423192.796 423192.796 423192.930 423193.440 423193.930 423194.450 423194.970 423195.470 423195.970 423196.470 423196.980 423197.297 423199.473 564955.705 564950.900 564950.650 564944.900 564945.150 564921.350 564921.100 564919.830 564915.450 564915.650 564896.804 564896.804 564907.705 564909.150 564914.500 564919.750 564925.300 564930.810 564936.170 564941.500 564946.850 564952.350 564955.705 564955.705
24 423199.473 423199.000 423201.150 423200.600 423198.500 423196.250 423198.300 423198.180 423197.750 423195.700 423193.898 423192.796 423192.796 423192.930 423193.440 423193.930 423194.450 423194.970 423195.470 423195.970 423196.470 423196.980 423197.297 423199.473 564955.705 564950.900 564950.650 564944.900 564945.150 564921.350 564921.100 564919.830 564915.450 564915.650 564896.804 564896.804 564907.705 564909.150 564914.500 564919.750 564925.300 564930.810 564936.170 564941.500 564946.850 564952.350 564955.705 564955.705
24 423199.473 423199.000 423201.150 423200.600 423198.500 423196.250 423198.300 423198.180 423197.750 423195.700 423193.898 423192.796 423192.796 423192.930 423193.440 423193.930 423194.450 423194.970 423195.470 423195.970 423196.470 423196.980 423197.297 423199.473 564955.705 564950.900 564950.650 564944.900 564945.150 564921.350 564921.100 564919.830 564915.450 564915.650 564896.804 564896.804 564907.705 564909.150 564914.500 564919.750 564925.300 564930.810 564936.170 564941.500 564946.850 564952.350 564955.705 564955.705
7 423259.200 423260.000 423259.450 423258.500 423257.450 423257.650 423259.200 564938.650 564938.550 564932.890 564933.050 564934.400 564937.400 564938.650
5 423200.000 423198.550 423198.950 423200.500 423200.000 564945.450 564945.700 564950.350 564950.200 564945.450
7 423253.250 423252.300 423252.750 423253.650 423254.850 423254.500 423253.250 564947.150 564947.250 564953.010 564952.850 564951.350 564948.350 564947.150
