16
8 423516.930 423515.940 423503.580 423503.561 423501.946 423502.090 423515.980 423516.930 564661.290 564661.330 564661.770 564661.198 564661.198 564663.240 564662.760 564661.290
5 423515.937 423515.940 423516.930 423516.997 423515.937 564661.198 564661.330 564661.290 564661.198 564661.198
6 423531.969 423535.960 423535.850 423535.580 423534.959 423531.969 564661.198 564664.820 564663.540 564662.490 564661.198 564661.198
25 423535.850 423535.960 423536.140 423536.180 423533.400 423533.510 423533.730 423533.910 423537.040 423537.240 423538.883 423541.040 423540.070 423539.500 423538.870 423538.560 423538.330 423536.000 423535.580 423538.110 423537.650 423537.504 423534.959 423535.580 423535.850 564663.540 564664.820 564669.780 564674.480 564677.240 564680.030 564686.030 564688.730 564691.290 564695.110 564697.751 564697.751 564696.330 564695.410 564694.110 564692.660 564689.760 564688.320 564678.330 564676.150 564661.790 564661.198 564661.198 564662.490 564663.540
25 423535.850 423535.960 423536.140 423536.180 423533.400 423533.510 423533.730 423533.910 423537.040 423537.240 423538.883 423541.040 423540.070 423539.500 423538.870 423538.560 423538.330 423536.000 423535.580 423538.110 423537.650 423537.504 423534.959 423535.580 423535.850 564663.540 564664.820 564669.780 564674.480 564677.240 564680.030 564686.030 564688.730 564691.290 564695.110 564697.751 564697.751 564696.330 564695.410 564694.110 564692.660 564689.760 564688.320 564678.330 564676.150 564661.790 564661.198 564661.198 564662.490 564663.540
16 423549.019 423543.800 423544.200 423544.300 423544.300 423544.450 423544.750 423545.100 423545.500 423546.100 423546.850 423547.600 423548.550 423548.800 423549.019 423549.019 564669.043 564673.400 564686.450 564689.400 564690.750 564691.850 564692.850 564693.800 564694.500 564695.350 564696.100 564696.800 564697.350 564697.500 564697.604 564669.043
16 423549.019 423543.800 423544.200 423544.300 423544.300 423544.450 423544.750 423545.100 423545.500 423546.100 423546.850 423547.600 423548.550 423548.800 423549.019 423549.019 564669.043 564673.400 564686.450 564689.400 564690.750 564691.850 564692.850 564693.800 564694.500 564695.350 564696.100 564696.800 564697.350 564697.500 564697.604 564669.043
35 423459.963 423470.020 423470.600 423483.650 423496.700 423496.950 423497.250 423488.700 423488.250 423487.700 423487.150 423486.650 423485.750 423485.250 423484.800 423484.470 423484.100 423483.130 423477.363 423482.394 423486.450 423489.500 423500.000 423503.770 423513.840 423513.970 423503.250 423503.300 423500.000 423491.450 423483.700 423479.400 423472.400 423459.963 423459.963 564697.751 564697.751 564697.250 564682.350 564681.450 564684.000 564687.150 564687.850 564687.900 564688.000 564688.200 564688.450 564688.950 564689.300 564689.650 564689.980 564690.350 564691.420 564697.751 564697.751 564694.960 564694.770 564692.860 564692.170 564680.450 564679.140 564679.600 564680.350 564680.600 564681.200 564681.700 564686.600 564694.550 564683.852 564697.751
35 423459.963 423470.020 423470.600 423483.650 423496.700 423496.950 423497.250 423488.700 423488.250 423487.700 423487.150 423486.650 423485.750 423485.250 423484.800 423484.470 423484.100 423483.130 423477.363 423482.394 423486.450 423489.500 423500.000 423503.770 423513.840 423513.970 423503.250 423503.300 423500.000 423491.450 423483.700 423479.400 423472.400 423459.963 423459.963 564697.751 564697.751 564697.250 564682.350 564681.450 564684.000 564687.150 564687.850 564687.900 564688.000 564688.200 564688.450 564688.950 564689.300 564689.650 564689.980 564690.350 564691.420 564697.751 564697.751 564694.960 564694.770 564692.860 564692.170 564680.450 564679.140 564679.600 564680.350 564680.600 564681.200 564681.700 564686.600 564694.550 564683.852 564697.751
7 423482.394 423477.363 423477.000 423476.100 423475.260 423479.140 423482.394 564697.751 564697.751 564698.150 564699.100 564699.910 564699.990 564697.751
7 423482.394 423477.363 423477.000 423476.100 423475.260 423479.140 423482.394 564697.751 564697.751 564698.150 564699.100 564699.910 564699.990 564697.751
14 423459.963 423460.450 423461.350 423462.200 423463.100 423463.950 423465.450 423466.300 423467.150 423468.700 423469.500 423470.020 423459.963 423459.963 564702.078 564702.000 564701.850 564701.650 564701.400 564701.150 564700.600 564700.200 564699.750 564698.750 564698.200 564697.751 564697.751 564702.078
14 423459.963 423460.450 423461.350 423462.200 423463.100 423463.950 423465.450 423466.300 423467.150 423468.700 423469.500 423470.020 423459.963 423459.963 564702.078 564702.000 564701.850 564701.650 564701.400 564701.150 564700.600 564700.200 564699.750 564698.750 564698.200 564697.751 564697.751 564702.078
20 423549.019 423543.520 423543.150 423541.620 423541.040 423538.883 423540.530 423537.980 423536.980 423536.950 423537.000 423540.900 423542.300 423542.500 423543.750 423543.860 423548.730 423548.600 423549.019 423549.019 564709.321 564709.400 564700.460 564698.600 564697.751 564697.751 564700.400 564700.400 564702.450 564708.840 564710.170 564710.130 564710.100 564713.670 564713.650 564716.170 564716.060 564711.170 564711.153 564709.321
20 423549.019 423543.520 423543.150 423541.620 423541.040 423538.883 423540.530 423537.980 423536.980 423536.950 423537.000 423540.900 423542.300 423542.500 423543.750 423543.860 423548.730 423548.600 423549.019 423549.019 564709.321 564709.400 564700.460 564698.600 564697.751 564697.751 564700.400 564700.400 564702.450 564708.840 564710.170 564710.130 564710.100 564713.670 564713.650 564716.170 564716.060 564711.170 564711.153 564709.321
18 423473.740 423473.270 423472.000 423471.150 423470.250 423468.850 423467.650 423466.400 423465.100 423462.750 423460.400 423459.963 423459.963 423463.960 423468.680 423470.190 423471.950 423473.740 564703.480 564701.710 564702.750 564703.400 564704.000 564704.800 564705.400 564705.900 564706.350 564707.000 564707.450 564707.521 564708.831 564708.120 564706.620 564705.950 564704.960 564703.480
