13
5 423179.300 423177.750 423178.210 423179.750 423179.300 564725.850 564726.000 564730.900 564730.750 564725.850
5 423134.400 423132.900 423133.350 423134.800 423134.400 564727.050 564727.150 564732.150 564731.890 564727.050
5 423182.050 423180.600 423181.050 423182.400 423182.050 564756.550 564756.650 564761.210 564761.050 564756.550
12 423137.200 423135.850 423135.950 423136.100 423136.350 423136.700 423137.250 423137.900 423139.000 423138.650 423137.750 423137.200 564758.010 564758.150 564759.400 564760.650 564762.250 564763.800 564765.500 564767.100 564767.000 564763.100 564763.150 564758.010
18 423185.266 423185.710 423186.110 423186.750 423188.150 423189.450 423191.011 423192.796 423192.796 423192.250 423191.610 423190.950 423190.330 423189.700 423189.010 423188.300 423187.654 423185.266 564720.099 564724.930 564729.320 564736.300 564750.000 564763.600 564779.001 564779.001 564774.336 564768.750 564761.850 564754.800 564747.850 564740.900 564733.990 564726.800 564720.099 564720.099
18 423185.266 423185.710 423186.110 423186.750 423188.150 423189.450 423191.011 423192.796 423192.796 423192.250 423191.610 423190.950 423190.330 423189.700 423189.010 423188.300 423187.654 423185.266 564720.099 564724.930 564729.320 564736.300 564750.000 564763.600 564779.001 564779.001 564774.336 564768.750 564761.850 564754.800 564747.850 564740.900 564733.990 564726.800 564720.099 564720.099
25 423175.086 423175.250 423175.780 423176.300 423176.780 423177.250 423177.770 423178.280 423178.800 423179.330 423179.850 423180.250 423180.460 423182.801 423181.150 423182.950 423182.400 423180.600 423178.200 423180.200 423180.070 423179.650 423177.700 423177.209 423175.086 564720.099 564721.850 564727.500 564733.050 564738.450 564743.750 564749.350 564754.750 564760.300 564765.950 564771.550 564776.800 564779.001 564779.001 564761.750 564761.500 564755.700 564755.850 564731.350 564731.150 564729.780 564725.400 564725.550 564720.099 564720.099
25 423175.086 423175.250 423175.780 423176.300 423176.780 423177.250 423177.770 423178.280 423178.800 423179.330 423179.850 423180.250 423180.460 423182.801 423181.150 423182.950 423182.400 423180.600 423178.200 423180.200 423180.070 423179.650 423177.700 423177.209 423175.086 564720.099 564721.850 564727.500 564733.050 564738.450 564743.750 564749.350 564754.750 564760.300 564765.950 564771.550 564776.800 564779.001 564779.001 564761.750 564761.500 564755.700 564755.850 564731.350 564731.150 564729.780 564725.400 564725.550 564720.099 564720.099
29 423133.831 423134.400 423132.300 423132.900 423134.800 423137.150 423135.200 423135.550 423135.950 423136.450 423136.950 423137.500 423138.150 423138.700 423139.200 423139.600 423139.913 423142.145 423141.600 423141.100 423140.600 423140.020 423139.440 423138.850 423138.350 423137.800 423137.270 423136.775 423133.831 564720.099 564726.450 564726.700 564732.700 564732.500 564757.300 564757.600 564760.300 564762.500 564764.700 564766.350 564767.950 564770.100 564772.250 564774.550 564776.850 564779.001 564779.001 564773.100 564767.050 564761.000 564755.040 564749.050 564742.900 564737.250 564731.150 564725.450 564720.099 564720.099
29 423133.831 423134.400 423132.300 423132.900 423134.800 423137.150 423135.200 423135.550 423135.950 423136.450 423136.950 423137.500 423138.150 423138.700 423139.200 423139.600 423139.913 423142.145 423141.600 423141.100 423140.600 423140.020 423139.440 423138.850 423138.350 423137.800 423137.270 423136.775 423133.831 564720.099 564726.450 564726.700 564732.700 564732.500 564757.300 564757.600 564760.300 564762.500 564764.700 564766.350 564767.950 564770.100 564772.250 564774.550 564776.850 564779.001 564779.001 564773.100 564767.050 564761.000 564755.040 564749.050 564742.900 564737.250 564731.150 564725.450 564720.099 564720.099
32 423124.362 423124.650 423125.310 423125.950 423126.630 423127.300 423127.920 423128.550 423129.200 423129.795 423133.076 423132.750 423131.650 423131.300 423132.800 423134.000 423134.229 423134.728 423134.600 423134.250 423133.750 423133.200 423132.550 423131.850 423131.100 423130.850 423130.550 423130.300 423129.250 423127.500 423126.348 423124.362 564720.099 564723.250 564730.500 564737.600 564744.850 564751.950 564758.750 564765.600 564772.560 564779.001 564779.001 564775.900 564775.900 564772.400 564772.550 564776.800 564779.001 564779.001 564777.850 564775.850 564773.850 564771.950 564770.100 564767.900 564765.700 564764.750 564763.100 564761.400 564749.850 564732.600 564720.099 564720.099
32 423124.362 423124.650 423125.310 423125.950 423126.630 423127.300 423127.920 423128.550 423129.200 423129.795 423133.076 423132.750 423131.650 423131.300 423132.800 423134.000 423134.229 423134.728 423134.600 423134.250 423133.750 423133.200 423132.550 423131.850 423131.100 423130.850 423130.550 423130.300 423129.250 423127.500 423126.348 423124.362 564720.099 564723.250 564730.500 564737.600 564744.850 564751.950 564758.750 564765.600 564772.560 564779.001 564779.001 564775.900 564775.900 564772.400 564772.550 564776.800 564779.001 564779.001 564777.850 564775.850 564773.850 564771.950 564770.100 564767.900 564765.700 564764.750 564763.100 564761.400 564749.850 564732.600 564720.099 564720.099
8 423131.300 423131.650 423132.750 423133.076 423134.229 423134.000 423132.800 423131.300 564772.400 564775.900 564775.900 564779.001 564779.001 564776.800 564772.550 564772.400
