26
23 423172.982 423175.201 423175.000 423176.500 423176.671 423177.125 423176.900 423174.950 423172.600 423174.550 423174.420 423174.000 423172.150 423171.825 423169.598 423169.670 423170.170 423170.690 423171.200 423171.670 423172.180 423172.650 423172.982 564697.751 564697.751 564695.800 564695.700 564697.751 564697.751 564695.100 564695.300 564670.400 564670.150 564668.740 564664.350 564664.500 564661.198 564661.198 564661.960 564667.200 564672.600 564678.000 564683.310 564689.000 564694.250 564697.751
23 423172.982 423175.201 423175.000 423176.500 423176.671 423177.125 423176.900 423174.950 423172.600 423174.550 423174.420 423174.000 423172.150 423171.825 423169.598 423169.670 423170.170 423170.690 423171.200 423171.670 423172.180 423172.650 423172.982 564697.751 564697.751 564695.800 564695.700 564697.751 564697.751 564695.100 564695.300 564670.400 564670.150 564668.740 564664.350 564664.500 564661.198 564661.198 564661.960 564667.200 564672.600 564678.000 564683.310 564689.000 564694.250 564697.751
15 423183.242 423185.575 423185.010 423184.350 423183.700 423183.000 423182.370 423182.107 423179.924 423180.160 423180.350 423180.580 423181.400 423182.550 423183.242 564697.751 564697.751 564691.690 564684.700 564678.000 564670.800 564664.000 564661.198 564661.198 564663.850 564666.000 564668.230 564676.050 564690.300 564697.751
15 423183.242 423185.575 423185.010 423184.350 423183.700 423183.000 423182.370 423182.107 423179.924 423180.160 423180.350 423180.580 423181.400 423182.550 423183.242 564697.751 564697.751 564691.690 564684.700 564678.000 564670.800 564664.000 564661.198 564661.198 564663.850 564666.000 564668.230 564676.050 564690.300 564697.751
5 423173.650 423172.150 423172.640 423174.050 423173.650 564664.900 564665.050 564669.800 564669.700 564664.900
31 423130.150 423130.550 423130.550 423130.600 423130.800 423130.900 423131.050 423132.300 423132.650 423131.800 423131.878 423134.794 423134.600 423134.040 423133.450 423132.890 423132.300 423131.770 423131.373 423129.006 423130.100 423131.100 423131.150 423131.150 423131.100 423131.000 423130.600 423130.200 423130.200 423130.150 423130.150 564697.751 564697.751 564697.400 564696.350 564694.350 564693.600 564692.900 564692.800 564696.700 564696.850 564697.751 564697.751 564695.550 564689.650 564683.450 564677.710 564671.550 564665.650 564661.198 564661.198 564673.050 564682.350 564684.150 564685.900 564687.400 564688.950 564691.050 564693.100 564693.450 564695.000 564697.751
31 423130.150 423130.550 423130.550 423130.600 423130.800 423130.900 423131.050 423132.300 423132.650 423131.800 423131.878 423134.794 423134.600 423134.040 423133.450 423132.890 423132.300 423131.770 423131.373 423129.006 423130.100 423131.100 423131.150 423131.150 423131.100 423131.000 423130.600 423130.200 423130.200 423130.150 423130.150 564697.751 564697.751 564697.400 564696.350 564694.350 564693.600 564692.900 564692.800 564696.700 564696.850 564697.751 564697.751 564695.550 564689.650 564683.450 564677.710 564671.550 564665.650 564661.198 564661.198 564673.050 564682.350 564684.150 564685.900 564687.400 564688.950 564691.050 564693.100 564693.450 564695.000 564697.751
22 423122.307 423124.844 423124.900 423125.050 423125.300 423125.600 423125.800 423126.000 423126.100 423126.100 423125.900 423124.100 423122.300 423121.300 423121.129 423118.909 423119.500 423120.120 423120.750 423121.420 423122.090 423122.307 564697.751 564697.751 564696.750 564694.900 564693.350 564691.800 564690.400 564688.950 564687.550 564686.150 564681.500 564681.600 564662.900 564662.950 564661.198 564661.198 564667.700 564674.550 564681.500 564688.450 564695.500 564697.751
22 423122.307 423124.844 423124.900 423125.050 423125.300 423125.600 423125.800 423126.000 423126.100 423126.100 423125.900 423124.100 423122.300 423121.300 423121.129 423118.909 423119.500 423120.120 423120.750 423121.420 423122.090 423122.307 564697.751 564697.751 564696.750 564694.900 564693.350 564691.800 564690.400 564688.950 564687.550 564686.150 564681.500 564681.600 564662.900 564662.950 564661.198 564661.198 564667.700 564674.550 564681.500 564688.450 564695.500 564697.751
12 423125.500 423124.150 423124.600 423123.550 423123.950 423125.250 423125.500 423125.650 423125.700 423125.750 423125.650 423125.500 564682.050 564682.150 564686.950 564687.000 564690.750 564690.900 564689.500 564688.100 564686.700 564685.400 564683.700 564682.050
11 423130.550 423130.550 423131.878 423131.800 423132.650 423132.300 423131.050 423130.900 423130.800 423130.600 423130.550 564697.400 564697.751 564697.751 564696.850 564696.700 564692.800 564692.900 564693.600 564694.350 564696.350 564697.400
11 423130.550 423130.550 423131.878 423131.800 423132.650 423132.300 423131.050 423130.900 423130.800 423130.600 423130.550 564697.400 564697.751 564697.751 564696.850 564696.700 564692.800 564692.900 564693.600 564694.350 564696.350 564697.400
5 423175.000 423175.201 423176.671 423176.500 423175.000 564695.800 564697.751 564697.751 564695.700 564695.800
5 423175.000 423175.201 423176.671 423176.500 423175.000 564695.800 564697.751 564697.751 564695.700 564695.800
5 423176.900 423176.671 423175.201 423175.500 423176.900 564700.500 564697.751 564697.751 564700.650 564700.500
5 423176.900 423176.671 423175.201 423175.500 423176.900 564700.500 564697.751 564697.751 564700.650 564700.500
7 423132.250 423131.878 423130.550 423130.550 423130.650 423130.900 423132.250 564702.050 564697.751 564697.751 564698.500 564700.350 564702.200 564702.050
7 423132.250 423131.878 423130.550 423130.550 423130.650 423130.900 423132.250 564702.050 564697.751 564697.751 564698.500 564700.350 564702.200 564702.050
11 423185.575 423183.242 423183.600 423184.700 423185.266 423187.654 423187.630 423186.960 423186.310 423185.650 423185.575 564697.751 564697.751 564701.600 564713.950 564720.099 564720.099 564719.850 564712.850 564705.700 564698.550 564697.751
11 423185.575 423183.242 423183.600 423184.700 423185.266 423187.654 423187.630 423186.960 423186.310 423185.650 423185.575 564697.751 564697.751 564701.600 564713.950 564720.099 564720.099 564719.850 564712.850 564705.700 564698.550 564697.751
15 423177.125 423176.671 423176.900 423175.500 423175.201 423172.982 423173.210 423173.740 423174.250 423174.740 423175.086 423177.209 423175.500 423177.400 423177.125 564697.751 564697.751 564700.500 564700.650 564697.751 564697.751 564700.160 564705.760 564711.150 564716.400 564720.099 564720.099 564701.150 564701.000 564697.751
15 423177.125 423176.671 423176.900 423175.500 423175.201 423172.982 423173.210 423173.740 423174.250 423174.740 423175.086 423177.209 423175.500 423177.400 423177.125 564697.751 564697.751 564700.500 564700.650 564697.751 564697.751 564700.160 564705.760 564711.150 564716.400 564720.099 564720.099 564701.150 564701.000 564697.751
20 423134.794 423131.878 423132.250 423130.900 423130.650 423130.550 423130.550 423130.150 423130.150 423130.350 423132.150 423133.800 423133.831 423136.775 423136.710 423136.450 423136.180 423135.650 423135.130 423134.794 564697.751 564697.751 564702.050 564702.200 564700.350 564698.500 564697.751 564697.751 564698.850 564702.750 564702.600 564719.750 564720.099 564720.099 564719.400 564716.550 564713.460 564707.450 564701.550 564697.751
20 423134.794 423131.878 423132.250 423130.900 423130.650 423130.550 423130.550 423130.150 423130.150 423130.350 423132.150 423133.800 423133.831 423136.775 423136.710 423136.450 423136.180 423135.650 423135.130 423134.794 564697.751 564697.751 564702.050 564702.200 564700.350 564698.500 564697.751 564697.751 564698.850 564702.750 564702.600 564719.750 564720.099 564720.099 564719.400 564716.550 564713.460 564707.450 564701.550 564697.751
13 423124.844 423122.307 423122.750 423123.390 423124.020 423124.362 423126.348 423125.500 423125.000 423124.800 423124.750 423124.800 423124.844 564697.751 564697.751 564702.350 564709.350 564716.350 564720.099 564720.099 564710.900 564705.150 564702.050 564699.000 564698.550 564697.751
13 423124.844 423122.307 423122.750 423123.390 423124.020 423124.362 423126.348 423125.500 423125.000 423124.800 423124.750 423124.800 423124.844 564697.751 564697.751 564702.350 564709.350 564716.350 564720.099 564720.099 564710.900 564705.150 564702.050 564699.000 564698.550 564697.751
