17
67 422960.650 422966.470 422988.950 422989.250 422990.350 422991.050 422991.550 422992.050 423000.000 423001.400 423002.150 423003.000 423003.220 423003.450 423004.300 423005.100 423006.100 423007.050 423007.850 423008.700 423009.300 423009.850 423010.600 423011.350 423011.450 423012.200 423012.850 423013.400 423013.750 423013.900 423014.100 423014.200 423014.100 423013.850 423013.500 423013.450 423013.036 423007.841 423008.600 423008.674 423008.645 423008.454 423008.188 423007.900 423000.500 423000.000 422998.200 422995.540 422990.760 422984.700 422978.400 422972.690 422966.650 422961.600 422959.420 422956.830 422951.960 422947.100 422942.440 422937.050 422936.450 422936.650 422936.950 422937.300 422937.500 422938.550 422960.650 564618.700 564617.750 564614.300 564615.650 564615.550 564615.550 564615.650 564615.850 564618.000 564618.600 564618.850 564619.050 564619.050 564619.050 564619.000 564618.800 564618.350 564617.700 564617.200 564616.600 564616.200 564615.750 564615.300 564614.700 564614.600 564613.550 564612.300 564611.100 564609.850 564609.400 564608.200 564607.100 564605.900 564604.600 564603.300 564603.200 564602.296 564602.296 564606.950 564607.735 564608.393 564608.922 564609.248 564609.400 564610.380 564610.450 564610.800 564611.220 564611.970 564612.920 564613.910 564614.810 564615.750 564616.550 564616.890 564617.290 564618.060 564618.820 564619.550 564620.400 564622.100 564622.250 564622.350 564622.400 564622.350 564622.100 564618.700
67 422960.650 422966.470 422988.950 422989.250 422990.350 422991.050 422991.550 422992.050 423000.000 423001.400 423002.150 423003.000 423003.220 423003.450 423004.300 423005.100 423006.100 423007.050 423007.850 423008.700 423009.300 423009.850 423010.600 423011.350 423011.450 423012.200 423012.850 423013.400 423013.750 423013.900 423014.100 423014.200 423014.100 423013.850 423013.500 423013.450 423013.036 423007.841 423008.600 423008.674 423008.645 423008.454 423008.188 423007.900 423000.500 423000.000 422998.200 422995.540 422990.760 422984.700 422978.400 422972.690 422966.650 422961.600 422959.420 422956.830 422951.960 422947.100 422942.440 422937.050 422936.450 422936.650 422936.950 422937.300 422937.500 422938.550 422960.650 564618.700 564617.750 564614.300 564615.650 564615.550 564615.550 564615.650 564615.850 564618.000 564618.600 564618.850 564619.050 564619.050 564619.050 564619.000 564618.800 564618.350 564617.700 564617.200 564616.600 564616.200 564615.750 564615.300 564614.700 564614.600 564613.550 564612.300 564611.100 564609.850 564609.400 564608.200 564607.100 564605.900 564604.600 564603.300 564603.200 564602.296 564602.296 564606.950 564607.735 564608.393 564608.922 564609.248 564609.400 564610.380 564610.450 564610.800 564611.220 564611.970 564612.920 564613.910 564614.810 564615.750 564616.550 564616.890 564617.290 564618.060 564618.820 564619.550 564620.400 564622.100 564622.250 564622.350 564622.400 564622.350 564622.100 564618.700
6 423007.070 423009.650 423009.400 423006.750 423006.920 423007.070 564613.550 564613.150 564611.200 564611.600 564612.670 564613.550
6 423007.070 423006.920 423002.070 423002.400 423007.100 423007.070 564613.550 564612.670 564613.500 564615.200 564614.450 564613.550
9 423002.070 423001.850 423000.000 422998.550 422998.950 423000.000 423002.500 423002.400 423002.070 564613.500 564612.350 564612.650 564613.000 564615.950 564616.000 564615.850 564615.200 564613.500
5 422960.650 422960.800 422966.750 422966.470 422960.650 564618.700 564620.100 564619.300 564617.750 564618.700
5 422995.490 422993.450 422992.350 422994.250 422995.490 564631.220 564630.550 564635.800 564636.150 564631.220
22 422934.450 422937.190 422939.980 422941.350 422940.150 422941.350 422941.300 422935.900 422934.750 422934.250 422934.100 422933.900 422933.700 422933.400 422933.350 422932.850 422932.300 422931.650 422931.030 422932.350 422933.050 422934.450 564654.670 564654.360 564654.050 564653.950 564641.350 564641.200 564640.650 564641.100 564631.200 564624.650 564624.050 564623.550 564623.100 564622.750 564622.650 564622.100 564621.700 564621.400 564621.040 564634.550 564641.350 564654.670
18 422926.934 422927.250 422928.150 422929.240 422929.450 422930.100 422930.368 422931.300 422932.883 422935.130 422934.450 422933.050 422932.350 422931.030 422930.800 422929.450 422929.000 422926.934 564602.296 564605.200 564614.550 564625.320 564627.400 564632.600 564635.611 564646.100 564661.198 564661.198 564654.670 564641.350 564634.550 564621.040 564618.700 564606.500 564602.296 564602.296
18 422926.934 422927.250 422928.150 422929.240 422929.450 422930.100 422930.368 422931.300 422932.883 422935.130 422934.450 422933.050 422932.350 422931.030 422930.800 422929.450 422929.000 422926.934 564602.296 564605.200 564614.550 564625.320 564627.400 564632.600 564635.611 564646.100 564661.198 564661.198 564654.670 564641.350 564634.550 564621.040 564618.700 564606.500 564602.296 564602.296
48 423004.067 423003.590 423003.100 423002.650 423002.400 423002.300 423002.250 423002.300 423002.450 423002.600 423002.900 423003.250 423003.400 423004.100 423004.950 423005.550 423006.650 423007.850 423008.750 423008.980 423009.650 423010.950 423012.300 423014.685 423014.685 423014.450 423012.150 423011.950 423009.600 423007.960 423007.350 423005.550 423003.950 423003.200 423002.450 423001.800 423001.250 423001.000 423000.700 423000.500 423000.400 423000.400 423000.350 423000.350 423000.550 423000.950 423002.039 423004.067 564661.198 564656.190 564651.050 564645.850 564643.550 564641.250 564639.350 564637.450 564636.450 564635.150 564633.850 564632.600 564632.250 564630.900 564629.700 564628.900 564627.800 564626.750 564626.100 564625.960 564625.550 564624.750 564624.100 564623.152 564620.510 564620.600 564621.700 564621.800 564623.050 564624.110 564624.500 564625.850 564627.350 564628.250 564629.450 564630.700 564632.100 564632.950 564634.400 564635.850 564637.600 564639.350 564641.350 564643.350 564647.000 564650.750 564661.198 564661.198
48 423004.067 423003.590 423003.100 423002.650 423002.400 423002.300 423002.250 423002.300 423002.450 423002.600 423002.900 423003.250 423003.400 423004.100 423004.950 423005.550 423006.650 423007.850 423008.750 423008.980 423009.650 423010.950 423012.300 423014.685 423014.685 423014.450 423012.150 423011.950 423009.600 423007.960 423007.350 423005.550 423003.950 423003.200 423002.450 423001.800 423001.250 423001.000 423000.700 423000.500 423000.400 423000.400 423000.350 423000.350 423000.550 423000.950 423002.039 423004.067 564661.198 564656.190 564651.050 564645.850 564643.550 564641.250 564639.350 564637.450 564636.450 564635.150 564633.850 564632.600 564632.250 564630.900 564629.700 564628.900 564627.800 564626.750 564626.100 564625.960 564625.550 564624.750 564624.100 564623.152 564620.510 564620.600 564621.700 564621.800 564623.050 564624.110 564624.500 564625.850 564627.350 564628.250 564629.450 564630.700 564632.100 564632.950 564634.400 564635.850 564637.600 564639.350 564641.350 564643.350 564647.000 564650.750 564661.198 564661.198
96 422939.980 422937.190 422937.924 422947.574 422947.560 422946.890 422946.160 422945.510 422944.650 422950.170 422962.400 422967.600 422968.950 422971.170 422971.150 422979.380 422992.900 422993.100 422993.250 422993.350 422993.350 422993.300 422993.200 422992.850 422992.350 422992.050 422991.800 422991.400 422991.050 422990.700 422990.250 422989.950 422989.750 422989.710 422989.700 422989.750 422989.900 422990.140 422990.300 422990.550 422990.750 422991.290 422991.878 422994.677 422994.600 422994.050 422993.000 422992.900 422992.850 422992.850 422992.900 422994.800 422994.800 422994.900 422995.050 422995.300 422995.600 422996.100 422996.700 422997.450 422997.500 422997.450 422997.300 422997.050 422996.750 422996.250 422995.850 422995.150 422994.450 422993.600 422992.500 422990.700 422990.900 422971.600 422971.450 422959.100 422959.200 422951.500 422944.900 422944.650 422943.850 422943.150 422942.500 422942.400 422941.800 422941.300 422940.900 422940.650 422940.600 422940.600 422940.700 422941.300 422941.350 422940.150 422941.350 422939.980 564654.050 564654.360 564661.198 564661.198 564661.050 564654.300 564646.900 564640.330 564631.950 564631.050 564628.970 564628.200 564628.600 564628.180 564627.600 564626.310 564624.150 564624.150 564624.250 564624.400 564624.550 564624.750 564624.900 564625.650 564626.850 564627.500 564628.150 564629.150 564630.200 564631.200 564633.550 564635.950 564637.900 564639.400 564639.900 564641.000 564643.450 564644.900 564645.850 564648.450 564650.340 564655.550 564661.198 564661.198 564660.400 564655.850 564647.500 564645.900 564644.600 564641.850 564640.450 564640.400 564638.900 564637.600 564636.300 564634.950 564633.600 564631.600 564629.600 564627.700 564627.150 564626.350 564625.600 564624.950 564624.250 564623.650 564623.200 564622.600 564622.150 564621.850 564621.500 564621.150 564622.800 564625.550 564624.150 564625.850 564627.400 564628.450 564629.500 564629.550 564629.700 564630.000 564630.350 564630.450 564630.950 564631.600 564632.300 564633.050 564633.800 564634.500 564635.250 564640.650 564641.200 564641.350 564653.950 564654.050
96 422939.980 422937.190 422937.924 422947.574 422947.560 422946.890 422946.160 422945.510 422944.650 422950.170 422962.400 422967.600 422968.950 422971.170 422971.150 422979.380 422992.900 422993.100 422993.250 422993.350 422993.350 422993.300 422993.200 422992.850 422992.350 422992.050 422991.800 422991.400 422991.050 422990.700 422990.250 422989.950 422989.750 422989.710 422989.700 422989.750 422989.900 422990.140 422990.300 422990.550 422990.750 422991.290 422991.878 422994.677 422994.600 422994.050 422993.000 422992.900 422992.850 422992.850 422992.900 422994.800 422994.800 422994.900 422995.050 422995.300 422995.600 422996.100 422996.700 422997.450 422997.500 422997.450 422997.300 422997.050 422996.750 422996.250 422995.850 422995.150 422994.450 422993.600 422992.500 422990.700 422990.900 422971.600 422971.450 422959.100 422959.200 422951.500 422944.900 422944.650 422943.850 422943.150 422942.500 422942.400 422941.800 422941.300 422940.900 422940.650 422940.600 422940.600 422940.700 422941.300 422941.350 422940.150 422941.350 422939.980 564654.050 564654.360 564661.198 564661.198 564661.050 564654.300 564646.900 564640.330 564631.950 564631.050 564628.970 564628.200 564628.600 564628.180 564627.600 564626.310 564624.150 564624.150 564624.250 564624.400 564624.550 564624.750 564624.900 564625.650 564626.850 564627.500 564628.150 564629.150 564630.200 564631.200 564633.550 564635.950 564637.900 564639.400 564639.900 564641.000 564643.450 564644.900 564645.850 564648.450 564650.340 564655.550 564661.198 564661.198 564660.400 564655.850 564647.500 564645.900 564644.600 564641.850 564640.450 564640.400 564638.900 564637.600 564636.300 564634.950 564633.600 564631.600 564629.600 564627.700 564627.150 564626.350 564625.600 564624.950 564624.250 564623.650 564623.200 564622.600 564622.150 564621.850 564621.500 564621.150 564622.800 564625.550 564624.150 564625.850 564627.400 564628.450 564629.500 564629.550 564629.700 564630.000 564630.350 564630.450 564630.950 564631.600 564632.300 564633.050 564633.800 564634.500 564635.250 564640.650 564641.200 564641.350 564653.950 564654.050
96 422939.980 422937.190 422937.924 422947.574 422947.560 422946.890 422946.160 422945.510 422944.650 422950.170 422962.400 422967.600 422968.950 422971.170 422971.150 422979.380 422992.900 422993.100 422993.250 422993.350 422993.350 422993.300 422993.200 422992.850 422992.350 422992.050 422991.800 422991.400 422991.050 422990.700 422990.250 422989.950 422989.750 422989.710 422989.700 422989.750 422989.900 422990.140 422990.300 422990.550 422990.750 422991.290 422991.878 422994.677 422994.600 422994.050 422993.000 422992.900 422992.850 422992.850 422992.900 422994.800 422994.800 422994.900 422995.050 422995.300 422995.600 422996.100 422996.700 422997.450 422997.500 422997.450 422997.300 422997.050 422996.750 422996.250 422995.850 422995.150 422994.450 422993.600 422992.500 422990.700 422990.900 422971.600 422971.450 422959.100 422959.200 422951.500 422944.900 422944.650 422943.850 422943.150 422942.500 422942.400 422941.800 422941.300 422940.900 422940.650 422940.600 422940.600 422940.700 422941.300 422941.350 422940.150 422941.350 422939.980 564654.050 564654.360 564661.198 564661.198 564661.050 564654.300 564646.900 564640.330 564631.950 564631.050 564628.970 564628.200 564628.600 564628.180 564627.600 564626.310 564624.150 564624.150 564624.250 564624.400 564624.550 564624.750 564624.900 564625.650 564626.850 564627.500 564628.150 564629.150 564630.200 564631.200 564633.550 564635.950 564637.900 564639.400 564639.900 564641.000 564643.450 564644.900 564645.850 564648.450 564650.340 564655.550 564661.198 564661.198 564660.400 564655.850 564647.500 564645.900 564644.600 564641.850 564640.450 564640.400 564638.900 564637.600 564636.300 564634.950 564633.600 564631.600 564629.600 564627.700 564627.150 564626.350 564625.600 564624.950 564624.250 564623.650 564623.200 564622.600 564622.150 564621.850 564621.500 564621.150 564622.800 564625.550 564624.150 564625.850 564627.400 564628.450 564629.500 564629.550 564629.700 564630.000 564630.350 564630.450 564630.950 564631.600 564632.300 564633.050 564633.800 564634.500 564635.250 564640.650 564641.200 564641.350 564653.950 564654.050
96 422939.980 422937.190 422937.924 422947.574 422947.560 422946.890 422946.160 422945.510 422944.650 422950.170 422962.400 422967.600 422968.950 422971.170 422971.150 422979.380 422992.900 422993.100 422993.250 422993.350 422993.350 422993.300 422993.200 422992.850 422992.350 422992.050 422991.800 422991.400 422991.050 422990.700 422990.250 422989.950 422989.750 422989.710 422989.700 422989.750 422989.900 422990.140 422990.300 422990.550 422990.750 422991.290 422991.878 422994.677 422994.600 422994.050 422993.000 422992.900 422992.850 422992.850 422992.900 422994.800 422994.800 422994.900 422995.050 422995.300 422995.600 422996.100 422996.700 422997.450 422997.500 422997.450 422997.300 422997.050 422996.750 422996.250 422995.850 422995.150 422994.450 422993.600 422992.500 422990.700 422990.900 422971.600 422971.450 422959.100 422959.200 422951.500 422944.900 422944.650 422943.850 422943.150 422942.500 422942.400 422941.800 422941.300 422940.900 422940.650 422940.600 422940.600 422940.700 422941.300 422941.350 422940.150 422941.350 422939.980 564654.050 564654.360 564661.198 564661.198 564661.050 564654.300 564646.900 564640.330 564631.950 564631.050 564628.970 564628.200 564628.600 564628.180 564627.600 564626.310 564624.150 564624.150 564624.250 564624.400 564624.550 564624.750 564624.900 564625.650 564626.850 564627.500 564628.150 564629.150 564630.200 564631.200 564633.550 564635.950 564637.900 564639.400 564639.900 564641.000 564643.450 564644.900 564645.850 564648.450 564650.340 564655.550 564661.198 564661.198 564660.400 564655.850 564647.500 564645.900 564644.600 564641.850 564640.450 564640.400 564638.900 564637.600 564636.300 564634.950 564633.600 564631.600 564629.600 564627.700 564627.150 564626.350 564625.600 564624.950 564624.250 564623.650 564623.200 564622.600 564622.150 564621.850 564621.500 564621.150 564622.800 564625.550 564624.150 564625.850 564627.400 564628.450 564629.500 564629.550 564629.700 564630.000 564630.350 564630.450 564630.950 564631.600 564632.300 564633.050 564633.800 564634.500 564635.250 564640.650 564641.200 564641.350 564653.950 564654.050
5 422937.190 422934.450 422935.130 422937.924 422937.190 564654.360 564654.670 564661.198 564661.198 564654.360
