15
20 423688.266 423688.100 423687.950 423687.850 423687.850 423687.950 423688.050 423688.250 423688.500 423688.850 423689.250 423689.750 423690.300 423690.950 423691.450 423691.850 423692.250 423692.250 423692.234 423688.266 564779.001 564779.400 564779.750 564780.100 564780.450 564780.850 564781.200 564781.550 564781.900 564782.250 564782.550 564782.700 564782.750 564782.800 564782.850 564782.850 564783.050 564779.500 564779.001 564779.001
80 423692.250 423692.250 423692.550 423692.800 423692.900 423693.000 423693.100 423693.100 423693.000 423692.850 423692.750 423692.500 423691.900 423691.050 423690.300 423689.650 423688.750 423688.450 423688.150 423688.200 423688.200 423688.200 423688.350 423688.350 423688.550 423688.650 423688.850 423689.250 423689.900 423690.300 423690.750 423691.450 423692.050 423692.800 423693.700 423694.550 423695.500 423696.950 423696.721 423696.600 423696.500 423696.350 423694.800 423694.550 423694.400 423694.050 423693.500 423693.150 423692.100 423691.900 423691.700 423691.150 423690.800 423690.600 423690.550 423690.350 423690.300 423689.950 423691.370 423691.450 423691.550 423691.750 423692.000 423692.200 423692.500 423694.150 423694.250 423694.200 423694.500 423694.750 423694.987 423695.500 423695.450 423695.400 423694.950 423694.600 423694.550 423694.531 423692.234 423692.250 564779.500 564783.050 564783.300 564783.450 564783.800 564784.200 564787.250 564791.900 564792.650 564793.350 564793.650 564794.000 564794.600 564795.400 564796.200 564796.900 564797.850 564798.650 564799.500 564801.200 564801.800 564811.350 564820.250 564821.150 564822.050 564823.100 564823.900 564824.600 564825.550 564825.900 564826.300 564826.600 564826.900 564826.950 564827.200 564827.200 564827.250 564827.200 564825.045 564823.900 564823.950 564824.200 564824.950 564825.050 564825.100 564825.200 564825.200 564825.150 564824.550 564824.500 564824.350 564823.800 564823.050 564822.250 564822.150 564821.400 564820.550 564803.200 564802.040 564801.800 564801.700 564801.550 564801.350 564801.200 564801.100 564801.050 564799.300 564795.700 564794.900 564794.300 564793.971 564792.250 564787.300 564782.000 564781.610 564781.300 564780.350 564779.001 564779.001 564779.500
18 423680.300 423679.910 423679.463 423679.500 423679.450 423679.580 423679.650 423679.950 423680.200 423680.400 423680.550 423680.650 423680.750 423680.700 423680.600 423680.600 423680.450 423680.300 564783.950 564783.875 564784.004 564786.000 564789.320 564797.800 564800.900 564800.850 564800.800 564800.650 564800.550 564800.300 564799.150 564792.250 564787.000 564785.200 564784.400 564783.950
15 423677.400 423677.100 423676.900 423676.950 423677.050 423680.750 423680.750 423680.700 423680.700 423680.550 423680.450 423680.300 423680.050 423677.600 423677.400 564803.050 564803.400 564803.600 564805.400 564807.100 564807.000 564805.300 564804.150 564803.750 564803.550 564803.150 564803.000 564802.900 564802.900 564803.050
34 423696.500 423696.600 423696.700 423696.700 423696.650 423696.550 423696.550 423696.400 423696.300 423695.970 423693.950 423691.600 423691.670 423691.500 423691.450 423691.370 423689.950 423690.300 423690.350 423690.550 423690.600 423690.800 423691.150 423691.700 423691.900 423692.100 423693.150 423693.500 423694.050 423694.400 423694.550 423694.800 423696.350 423696.500 564823.950 564823.900 564823.600 564823.300 564823.000 564822.350 564822.150 564821.600 564821.450 564820.800 564822.550 564820.050 564817.020 564805.300 564803.600 564802.040 564803.200 564820.550 564821.400 564822.150 564822.250 564823.050 564823.800 564824.350 564824.500 564824.550 564825.150 564825.200 564825.200 564825.100 564825.050 564824.950 564824.200 564823.950
34 423678.150 423679.350 423680.500 423681.200 423681.950 423682.250 423682.500 423682.700 423682.850 423682.950 423683.000 423683.000 423682.850 423682.900 423682.880 423682.300 423681.700 423681.150 423680.700 423680.150 423679.550 423679.150 423678.850 423678.600 423678.250 423678.150 423678.000 423677.850 423677.850 423677.950 423678.050 423678.050 423678.100 423678.150 564829.400 564828.650 564827.850 564827.450 564826.900 564826.600 564826.250 564825.950 564825.550 564825.000 564824.450 564822.250 564821.150 564818.600 564817.850 564817.950 564818.100 564818.250 564818.450 564818.750 564819.100 564819.350 564819.650 564819.850 564820.250 564820.550 564820.900 564821.450 564821.900 564824.550 564826.350 564828.200 564829.050 564829.400
38 423699.700 423700.603 423723.445 423727.130 423727.130 423726.900 423726.200 423725.650 423724.900 423724.650 423724.500 423723.950 423723.700 423723.450 423723.050 423722.700 423722.300 423721.650 423721.300 423720.900 423720.650 423716.050 423709.450 423708.650 423708.300 423707.900 423707.650 423707.150 423706.350 423705.650 423705.450 423705.200 423704.900 423704.550 423703.750 423703.150 423702.050 423699.700 564833.180 564837.902 564837.902 564837.762 564834.492 564834.350 564833.900 564833.550 564833.000 564832.850 564832.800 564832.800 564832.900 564833.150 564833.600 564834.200 564835.000 564836.050 564836.700 564837.100 564837.200 564837.450 564837.700 564837.550 564837.450 564837.250 564837.000 564836.150 564835.000 564834.150 564833.900 564833.700 564833.500 564833.350 564833.050 564833.050 564833.100 564833.180
16 423696.750 423696.600 423695.500 423694.550 423693.700 423693.150 423692.250 423691.850 423691.550 423691.400 423691.150 423690.900 423690.900 423690.833 423697.771 423696.750 564834.050 564833.200 564833.150 564833.350 564833.500 564833.800 564834.400 564834.750 564835.250 564835.750 564836.400 564836.900 564837.600 564837.902 564837.902 564834.050
8 423700.603 423699.700 423699.100 423698.900 423696.600 423696.750 423697.771 423700.603 564837.902 564833.180 564833.200 564833.200 564833.200 564834.050 564837.902 564837.902
82 423679.748 423679.630 423679.250 423678.450 423678.170 423678.150 423678.100 423678.050 423678.050 423677.950 423677.850 423677.850 423678.000 423678.150 423678.250 423678.600 423678.850 423679.150 423679.550 423680.150 423680.700 423681.150 423681.700 423682.300 423682.880 423682.850 423682.850 423682.750 423682.700 423682.700 423682.700 423682.450 423682.450 423682.300 423682.300 423682.000 423681.700 423681.550 423681.200 423680.900 423680.300 423679.950 423679.443 423669.095 423669.094 423673.159 423674.031 423678.815 423679.437 423679.463 423679.910 423680.300 423680.450 423680.600 423680.600 423680.700 423680.750 423680.650 423680.550 423680.400 423680.200 423679.950 423679.650 423675.900 423675.020 423675.050 423675.200 423675.420 423676.000 423676.050 423676.050 423676.050 423676.050 423676.050 423676.080 423676.100 423676.117 423676.134 423676.170 423676.200 423676.352 423679.748 564837.902 564837.230 564835.000 564831.300 564829.550 564829.400 564829.050 564828.200 564826.350 564824.550 564821.900 564821.450 564820.900 564820.550 564820.250 564819.850 564819.650 564819.350 564819.100 564818.750 564818.450 564818.250 564818.100 564817.950 564817.850 564816.800 564813.600 564807.150 564803.100 564800.869 564798.300 564793.750 564785.250 564784.350 564783.850 564782.950 564782.400 564781.900 564781.400 564780.900 564780.000 564779.550 564779.001 564779.001 564779.680 564779.588 564780.002 564782.274 564782.569 564784.004 564783.875 564783.950 564784.400 564785.200 564787.000 564792.250 564799.150 564800.300 564800.550 564800.650 564800.800 564800.850 564800.900 564801.000 564801.010 564803.250 564803.500 564804.020 564804.550 564805.450 564808.950 564813.150 564817.600 564818.241 564823.300 564827.450 564828.138 564828.839 564830.350 564833.350 564837.902 564837.902
82 423679.748 423679.630 423679.250 423678.450 423678.170 423678.150 423678.100 423678.050 423678.050 423677.950 423677.850 423677.850 423678.000 423678.150 423678.250 423678.600 423678.850 423679.150 423679.550 423680.150 423680.700 423681.150 423681.700 423682.300 423682.880 423682.850 423682.850 423682.750 423682.700 423682.700 423682.700 423682.450 423682.450 423682.300 423682.300 423682.000 423681.700 423681.550 423681.200 423680.900 423680.300 423679.950 423679.443 423669.095 423669.094 423673.159 423674.031 423678.815 423679.437 423679.463 423679.910 423680.300 423680.450 423680.600 423680.600 423680.700 423680.750 423680.650 423680.550 423680.400 423680.200 423679.950 423679.650 423675.900 423675.020 423675.050 423675.200 423675.420 423676.000 423676.050 423676.050 423676.050 423676.050 423676.050 423676.080 423676.100 423676.117 423676.134 423676.170 423676.200 423676.352 423679.748 564837.902 564837.230 564835.000 564831.300 564829.550 564829.400 564829.050 564828.200 564826.350 564824.550 564821.900 564821.450 564820.900 564820.550 564820.250 564819.850 564819.650 564819.350 564819.100 564818.750 564818.450 564818.250 564818.100 564817.950 564817.850 564816.800 564813.600 564807.150 564803.100 564800.869 564798.300 564793.750 564785.250 564784.350 564783.850 564782.950 564782.400 564781.900 564781.400 564780.900 564780.000 564779.550 564779.001 564779.001 564779.680 564779.588 564780.002 564782.274 564782.569 564784.004 564783.875 564783.950 564784.400 564785.200 564787.000 564792.250 564799.150 564800.300 564800.550 564800.650 564800.800 564800.850 564800.900 564801.000 564801.010 564803.250 564803.500 564804.020 564804.550 564805.450 564808.950 564813.150 564817.600 564818.241 564823.300 564827.450 564828.138 564828.839 564830.350 564833.350 564837.902 564837.902
82 423679.748 423679.630 423679.250 423678.450 423678.170 423678.150 423678.100 423678.050 423678.050 423677.950 423677.850 423677.850 423678.000 423678.150 423678.250 423678.600 423678.850 423679.150 423679.550 423680.150 423680.700 423681.150 423681.700 423682.300 423682.880 423682.850 423682.850 423682.750 423682.700 423682.700 423682.700 423682.450 423682.450 423682.300 423682.300 423682.000 423681.700 423681.550 423681.200 423680.900 423680.300 423679.950 423679.443 423669.095 423669.094 423673.159 423674.031 423678.815 423679.437 423679.463 423679.910 423680.300 423680.450 423680.600 423680.600 423680.700 423680.750 423680.650 423680.550 423680.400 423680.200 423679.950 423679.650 423675.900 423675.020 423675.050 423675.200 423675.420 423676.000 423676.050 423676.050 423676.050 423676.050 423676.050 423676.080 423676.100 423676.117 423676.134 423676.170 423676.200 423676.352 423679.748 564837.902 564837.230 564835.000 564831.300 564829.550 564829.400 564829.050 564828.200 564826.350 564824.550 564821.900 564821.450 564820.900 564820.550 564820.250 564819.850 564819.650 564819.350 564819.100 564818.750 564818.450 564818.250 564818.100 564817.950 564817.850 564816.800 564813.600 564807.150 564803.100 564800.869 564798.300 564793.750 564785.250 564784.350 564783.850 564782.950 564782.400 564781.900 564781.400 564780.900 564780.000 564779.550 564779.001 564779.001 564779.680 564779.588 564780.002 564782.274 564782.569 564784.004 564783.875 564783.950 564784.400 564785.200 564787.000 564792.250 564799.150 564800.300 564800.550 564800.650 564800.800 564800.850 564800.900 564801.000 564801.010 564803.250 564803.500 564804.020 564804.550 564805.450 564808.950 564813.150 564817.600 564818.241 564823.300 564827.450 564828.138 564828.839 564830.350 564833.350 564837.902 564837.902
82 423679.748 423679.630 423679.250 423678.450 423678.170 423678.150 423678.100 423678.050 423678.050 423677.950 423677.850 423677.850 423678.000 423678.150 423678.250 423678.600 423678.850 423679.150 423679.550 423680.150 423680.700 423681.150 423681.700 423682.300 423682.880 423682.850 423682.850 423682.750 423682.700 423682.700 423682.700 423682.450 423682.450 423682.300 423682.300 423682.000 423681.700 423681.550 423681.200 423680.900 423680.300 423679.950 423679.443 423669.095 423669.094 423673.159 423674.031 423678.815 423679.437 423679.463 423679.910 423680.300 423680.450 423680.600 423680.600 423680.700 423680.750 423680.650 423680.550 423680.400 423680.200 423679.950 423679.650 423675.900 423675.020 423675.050 423675.200 423675.420 423676.000 423676.050 423676.050 423676.050 423676.050 423676.050 423676.080 423676.100 423676.117 423676.134 423676.170 423676.200 423676.352 423679.748 564837.902 564837.230 564835.000 564831.300 564829.550 564829.400 564829.050 564828.200 564826.350 564824.550 564821.900 564821.450 564820.900 564820.550 564820.250 564819.850 564819.650 564819.350 564819.100 564818.750 564818.450 564818.250 564818.100 564817.950 564817.850 564816.800 564813.600 564807.150 564803.100 564800.869 564798.300 564793.750 564785.250 564784.350 564783.850 564782.950 564782.400 564781.900 564781.400 564780.900 564780.000 564779.550 564779.001 564779.001 564779.680 564779.588 564780.002 564782.274 564782.569 564784.004 564783.875 564783.950 564784.400 564785.200 564787.000 564792.250 564799.150 564800.300 564800.550 564800.650 564800.800 564800.850 564800.900 564801.000 564801.010 564803.250 564803.500 564804.020 564804.550 564805.450 564808.950 564813.150 564817.600 564818.241 564823.300 564827.450 564828.138 564828.839 564830.350 564833.350 564837.902 564837.902
5 423684.910 423684.575 423679.630 423679.748 423684.910 564837.902 564836.226 564837.230 564837.902 564837.902
5 423684.910 423684.575 423679.630 423679.748 423684.910 564837.902 564836.226 564837.230 564837.902 564837.902
