11
9 423152.250 423150.700 423150.900 423151.650 423152.450 423153.900 423153.550 423152.750 423152.250 564919.560 564919.750 564921.850 564925.650 564928.400 564928.250 564924.200 564924.250 564919.560
26 423156.530 423155.970 423155.400 423154.880 423154.350 423153.810 423153.300 423153.204 423150.100 423152.200 423149.900 423150.600 423151.400 423152.450 423153.150 423153.900 423154.500 423154.950 423156.650 423156.679 423158.777 423158.720 423158.190 423157.630 423157.100 423156.530 564931.960 564926.250 564920.500 564914.910 564909.150 564903.300 564897.800 564896.804 564896.804 564919.000 564919.250 564923.850 564927.100 564930.300 564932.300 564934.250 564936.450 564938.650 564955.400 564955.705 564955.705 564955.100 564949.450 564943.400 564937.750 564931.960
26 423156.530 423155.970 423155.400 423154.880 423154.350 423153.810 423153.300 423153.204 423150.100 423152.200 423149.900 423150.600 423151.400 423152.450 423153.150 423153.900 423154.500 423154.950 423156.650 423156.679 423158.777 423158.720 423158.190 423157.630 423157.100 423156.530 564931.960 564926.250 564920.500 564914.910 564909.150 564903.300 564897.800 564896.804 564896.804 564919.000 564919.250 564923.850 564927.100 564930.300 564932.300 564934.250 564936.450 564938.650 564955.400 564955.705 564955.705 564955.100 564949.450 564943.400 564937.750 564931.960
26 423156.530 423155.970 423155.400 423154.880 423154.350 423153.810 423153.300 423153.204 423150.100 423152.200 423149.900 423150.600 423151.400 423152.450 423153.150 423153.900 423154.500 423154.950 423156.650 423156.679 423158.777 423158.720 423158.190 423157.630 423157.100 423156.530 564931.960 564926.250 564920.500 564914.910 564909.150 564903.300 564897.800 564896.804 564896.804 564919.000 564919.250 564923.850 564927.100 564930.300 564932.300 564934.250 564936.450 564938.650 564955.400 564955.705 564955.705 564955.100 564949.450 564943.400 564937.750 564931.960
24 423149.177 423147.900 423149.850 423149.550 423149.100 423148.950 423148.800 423148.050 423147.100 423145.350 423144.600 423143.150 423142.764 423140.654 423141.200 423141.840 423142.500 423143.130 423143.750 423144.410 423145.050 423145.710 423146.051 423149.177 564955.705 564942.300 564942.150 564939.850 564937.550 564936.900 564936.300 564933.600 564931.000 564926.100 564918.100 564901.000 564896.804 564896.804 564903.350 564910.300 564917.500 564924.350 564931.150 564938.250 564945.200 564952.140 564955.705 564955.705
24 423149.177 423147.900 423149.850 423149.550 423149.100 423148.950 423148.800 423148.050 423147.100 423145.350 423144.600 423143.150 423142.764 423140.654 423141.200 423141.840 423142.500 423143.130 423143.750 423144.410 423145.050 423145.710 423146.051 423149.177 564955.705 564942.300 564942.150 564939.850 564937.550 564936.900 564936.300 564933.600 564931.000 564926.100 564918.100 564901.000 564896.804 564896.804 564903.350 564910.300 564917.500 564924.350 564931.150 564938.250 564945.200 564952.140 564955.705 564955.705
24 423149.177 423147.900 423149.850 423149.550 423149.100 423148.950 423148.800 423148.050 423147.100 423145.350 423144.600 423143.150 423142.764 423140.654 423141.200 423141.840 423142.500 423143.130 423143.750 423144.410 423145.050 423145.710 423146.051 423149.177 564955.705 564942.300 564942.150 564939.850 564937.550 564936.900 564936.300 564933.600 564931.000 564926.100 564918.100 564901.000 564896.804 564896.804 564903.350 564910.300 564917.500 564924.350 564931.150 564938.250 564945.200 564952.140 564955.705 564955.705
6 423191.789 423191.940 423192.450 423192.796 423192.796 423191.789 564896.804 564898.420 564903.960 564907.705 564896.804 564896.804
6 423191.789 423191.940 423192.450 423192.796 423192.796 423191.789 564896.804 564898.420 564903.960 564907.705 564896.804 564896.804
6 423191.789 423191.940 423192.450 423192.796 423192.796 423191.789 564896.804 564898.420 564903.960 564907.705 564896.804 564896.804
11 423147.350 423147.850 423149.150 423149.000 423148.900 423148.600 423148.200 423147.150 423146.050 423146.400 423147.350 564937.000 564941.750 564941.600 564940.600 564939.500 564938.000 564936.450 564932.750 564932.850 564937.050 564937.000
