16
114 423426.350 423425.900 423421.900 423421.900 423421.700 423421.450 423421.050 423420.600 423420.100 423419.800 423419.600 423419.050 423418.550 423417.850 423417.250 423416.650 423416.100 423415.850 423414.850 423407.200 423407.250 423407.300 423407.250 423407.150 423406.950 423406.600 423406.250 423406.000 423405.700 423405.300 423404.950 423404.650 423404.350 423404.100 423403.800 423403.650 423403.550 423403.431 423403.200 423399.860 423398.300 423396.710 423396.799 423396.148 423395.371 423394.686 423394.206 423394.200 423394.250 423394.450 423394.400 423394.300 423394.200 423394.000 423393.850 423393.500 423393.300 423393.150 423393.000 423392.800 423392.700 423392.650 423392.650 423392.600 423390.750 423387.000 423375.150 423371.900 423371.770 423370.908 423370.908 423371.050 423371.600 423371.900 423372.150 423372.500 423372.850 423377.130 423379.450 423382.000 423386.360 423386.750 423386.900 423387.100 423388.000 423388.200 423388.450 423388.900 423389.400 423389.650 423389.950 423390.450 423390.900 423391.750 423392.600 423393.150 423393.750 423394.200 423394.600 423394.800 423394.900 423394.900 423394.850 423394.850 423394.770 423420.300 423421.300 423421.700 423424.800 423424.950 423425.100 423425.250 423425.700 423426.350 564925.950 564920.200 564920.600 564921.100 564921.550 564921.950 564922.350 564922.600 564922.750 564922.800 564922.750 564922.700 564922.550 564922.400 564922.150 564922.000 564921.800 564921.650 564921.050 564921.900 564922.150 564922.700 564923.250 564923.650 564924.000 564924.350 564924.650 564924.850 564925.100 564925.250 564925.350 564925.400 564925.350 564925.350 564925.200 564925.000 564924.700 564923.185 564920.250 564920.570 564920.720 564920.870 564921.807 564921.870 564921.945 564922.011 564922.058 564922.900 564923.250 564926.100 564926.300 564926.500 564926.750 564926.900 564927.000 564927.000 564926.950 564926.900 564926.800 564926.550 564926.300 564926.050 564925.750 564925.180 564925.350 564925.800 564926.800 564927.100 564925.660 564925.729 564930.950 564930.850 564930.450 564930.250 564930.150 564930.000 564929.900 564929.370 564928.950 564928.650 564928.080 564928.000 564928.000 564927.950 564927.700 564927.650 564927.650 564927.550 564927.500 564927.500 564927.450 564927.550 564927.700 564927.900 564928.150 564928.350 564928.650 564929.000 564929.400 564929.700 564930.050 564930.300 564930.600 564930.950 564931.300 564925.550 564929.200 564930.700 564926.950 564926.800 564926.600 564926.450 564926.150 564925.950
5 423370.908 423371.117 423370.970 423370.908 423370.908 564918.587 564918.462 564916.840 564916.165 564918.587
114 423426.350 423425.900 423421.900 423421.900 423421.700 423421.450 423421.050 423420.600 423420.100 423419.800 423419.600 423419.050 423418.550 423417.850 423417.250 423416.650 423416.100 423415.850 423414.850 423407.200 423407.250 423407.300 423407.250 423407.150 423406.950 423406.600 423406.250 423406.000 423405.700 423405.300 423404.950 423404.650 423404.350 423404.100 423403.800 423403.650 423403.550 423403.431 423403.200 423399.860 423398.300 423396.710 423396.799 423396.148 423395.371 423394.686 423394.206 423394.200 423394.250 423394.450 423394.400 423394.300 423394.200 423394.000 423393.850 423393.500 423393.300 423393.150 423393.000 423392.800 423392.700 423392.650 423392.650 423392.600 423390.750 423387.000 423375.150 423371.900 423371.770 423370.908 423370.908 423371.050 423371.600 423371.900 423372.150 423372.500 423372.850 423377.130 423379.450 423382.000 423386.360 423386.750 423386.900 423387.100 423388.000 423388.200 423388.450 423388.900 423389.400 423389.650 423389.950 423390.450 423390.900 423391.750 423392.600 423393.150 423393.750 423394.200 423394.600 423394.800 423394.900 423394.900 423394.850 423394.850 423394.770 423420.300 423421.300 423421.700 423424.800 423424.950 423425.100 423425.250 423425.700 423426.350 564925.950 564920.200 564920.600 564921.100 564921.550 564921.950 564922.350 564922.600 564922.750 564922.800 564922.750 564922.700 564922.550 564922.400 564922.150 564922.000 564921.800 564921.650 564921.050 564921.900 564922.150 564922.700 564923.250 564923.650 564924.000 564924.350 564924.650 564924.850 564925.100 564925.250 564925.350 564925.400 564925.350 564925.350 564925.200 564925.000 564924.700 564923.185 564920.250 564920.570 564920.720 564920.870 564921.807 564921.870 564921.945 564922.011 564922.058 564922.900 564923.250 564926.100 564926.300 564926.500 564926.750 564926.900 564927.000 564927.000 564926.950 564926.900 564926.800 564926.550 564926.300 564926.050 564925.750 564925.180 564925.350 564925.800 564926.800 564927.100 564925.660 564925.729 564930.950 564930.850 564930.450 564930.250 564930.150 564930.000 564929.900 564929.370 564928.950 564928.650 564928.080 564928.000 564928.000 564927.950 564927.700 564927.650 564927.650 564927.550 564927.500 564927.500 564927.450 564927.550 564927.700 564927.900 564928.150 564928.350 564928.650 564929.000 564929.400 564929.700 564930.050 564930.300 564930.600 564930.950 564931.300 564925.550 564929.200 564930.700 564926.950 564926.800 564926.600 564926.450 564926.150 564925.950
5 423370.908 423371.117 423370.970 423370.908 423370.908 564918.587 564918.462 564916.840 564916.165 564918.587
35 423372.500 423372.050 423371.400 423371.230 423371.120 423371.010 423370.908 423370.908 423370.971 423373.116 423372.650 423372.650 423375.150 423387.500 423402.300 423410.150 423412.400 423415.200 423415.400 423417.960 423419.452 423420.476 423420.056 423420.813 423421.982 423421.950 423421.750 423412.530 423406.430 423399.450 423392.600 423387.930 423382.830 423374.170 423372.500 564947.900 564943.630 564937.360 564937.420 564937.460 564937.510 564937.566 564954.941 564955.705 564955.705 564950.450 564949.050 564948.500 564945.550 564942.250 564940.390 564939.850 564939.220 564940.980 564940.507 564940.111 564939.839 564938.423 564938.198 564937.851 564937.650 564936.380 564938.550 564939.950 564941.600 564943.170 564944.250 564945.450 564947.420 564947.900
36 423410.723 423422.400 423424.166 423424.268 423427.430 423429.955 423431.790 423431.689 423437.850 423444.800 423448.000 423459.050 423459.963 423459.963 423458.200 423457.500 423456.750 423456.450 423456.150 423455.800 423455.500 423455.250 423450.800 423450.300 423449.950 423449.550 423445.200 423429.700 423423.550 423423.110 423417.700 423411.400 423405.950 423403.270 423403.128 423410.723 564955.705 564952.250 564951.707 564952.037 564953.022 564952.245 564949.724 564949.394 564947.500 564945.300 564944.600 564941.700 564941.468 564939.450 564939.900 564940.050 564940.250 564940.350 564940.400 564940.400 564940.300 564940.200 564941.100 564941.450 564941.650 564941.800 564943.000 564947.550 564949.300 564949.430 564951.050 564952.950 564954.800 564955.660 564955.705 564955.705
35 423372.500 423372.050 423371.400 423371.230 423371.120 423371.010 423370.908 423370.908 423370.971 423373.116 423372.650 423372.650 423375.150 423387.500 423402.300 423410.150 423412.400 423415.200 423415.400 423417.960 423419.452 423420.476 423420.056 423420.813 423421.982 423421.950 423421.750 423412.530 423406.430 423399.450 423392.600 423387.930 423382.830 423374.170 423372.500 564947.900 564943.630 564937.360 564937.420 564937.460 564937.510 564937.566 564954.941 564955.705 564955.705 564950.450 564949.050 564948.500 564945.550 564942.250 564940.390 564939.850 564939.220 564940.980 564940.507 564940.111 564939.839 564938.423 564938.198 564937.851 564937.650 564936.380 564938.550 564939.950 564941.600 564943.170 564944.250 564945.450 564947.420 564947.900
36 423410.723 423422.400 423424.166 423424.268 423427.430 423429.955 423431.790 423431.689 423437.850 423444.800 423448.000 423459.050 423459.963 423459.963 423458.200 423457.500 423456.750 423456.450 423456.150 423455.800 423455.500 423455.250 423450.800 423450.300 423449.950 423449.550 423445.200 423429.700 423423.550 423423.110 423417.700 423411.400 423405.950 423403.270 423403.128 423410.723 564955.705 564952.250 564951.707 564952.037 564953.022 564952.245 564949.724 564949.394 564947.500 564945.300 564944.600 564941.700 564941.468 564939.450 564939.900 564940.050 564940.250 564940.350 564940.400 564940.400 564940.300 564940.200 564941.100 564941.450 564941.650 564941.800 564943.000 564947.550 564949.300 564949.430 564951.050 564952.950 564954.800 564955.660 564955.705 564955.705
34 423386.750 423386.360 423387.750 423387.750 423388.000 423388.150 423388.350 423388.550 423388.800 423389.100 423394.770 423394.850 423394.850 423394.900 423394.900 423394.800 423394.600 423394.200 423393.750 423393.150 423392.600 423391.750 423390.900 423390.450 423389.950 423389.650 423389.400 423388.900 423388.450 423388.200 423388.000 423387.100 423386.900 423386.750 564928.000 564928.080 564931.900 564932.150 564932.400 564932.500 564932.600 564932.650 564932.600 564932.500 564931.300 564930.950 564930.600 564930.300 564930.050 564929.700 564929.400 564929.000 564928.650 564928.350 564928.150 564927.900 564927.700 564927.550 564927.450 564927.500 564927.500 564927.550 564927.650 564927.650 564927.700 564927.950 564928.000 564928.000
21 423424.800 423421.700 423421.750 423421.950 423422.200 423422.750 423423.250 423423.900 423424.500 423425.200 423425.850 423426.250 423426.600 423426.700 423426.700 423426.350 423425.700 423425.250 423425.100 423424.950 423424.800 564926.950 564930.700 564936.380 564936.250 564936.150 564935.900 564935.600 564935.200 564934.750 564934.200 564933.500 564932.800 564932.050 564931.300 564930.600 564925.950 564926.150 564926.450 564926.600 564926.800 564926.950
24 423371.050 423370.908 423370.908 423371.100 423371.750 423372.350 423373.250 423374.150 423375.150 423375.500 423375.900 423376.150 423376.450 423376.700 423376.900 423377.000 423377.000 423377.130 423372.850 423372.500 423372.150 423371.900 423371.600 423371.050 564930.850 564930.950 564931.590 564931.800 564932.300 564932.650 564933.100 564933.500 564933.900 564934.050 564934.150 564934.150 564934.050 564933.850 564933.650 564933.350 564933.000 564929.370 564929.900 564930.000 564930.150 564930.250 564930.450 564930.850
19 423412.530 423410.750 423410.650 423410.500 423410.350 423410.150 423410.000 423409.850 423409.650 423409.400 423406.900 423406.500 423406.300 423406.150 423406.100 423406.100 423406.300 423406.430 423412.530 564938.550 564934.800 564934.600 564934.400 564934.150 564933.950 564933.900 564933.900 564933.850 564933.900 564934.450 564934.550 564934.700 564934.900 564935.050 564935.700 564937.700 564939.950 564938.550
20 423392.600 423399.450 423397.700 423397.600 423397.450 423397.350 423397.200 423396.950 423396.800 423396.550 423396.350 423393.550 423393.300 423393.000 423392.750 423392.600 423392.500 423392.400 423392.400 423392.600 564943.170 564941.600 564937.650 564937.400 564937.150 564937.000 564936.950 564936.850 564936.850 564936.900 564936.950 564937.600 564937.600 564937.700 564937.850 564938.100 564938.400 564939.000 564939.300 564943.170
16 423387.930 423386.050 423385.750 423385.650 423385.550 423385.250 423384.700 423383.150 423382.900 423382.700 423382.550 423382.500 423382.450 423382.500 423382.830 423387.930 564944.250 564939.600 564939.200 564939.050 564938.950 564938.850 564938.850 564939.200 564939.250 564939.350 564939.550 564939.750 564940.050 564940.350 564945.450 564944.250
7 423374.170 423373.350 423372.800 423372.550 423372.050 423372.500 423374.170 564947.420 564942.450 564942.500 564942.900 564943.630 564947.900 564947.420
8 423459.963 423458.850 423443.800 423438.377 423447.153 423458.000 423459.963 423459.963 564949.650 564949.950 564954.150 564955.705 564955.705 564952.650 564952.135 564949.650
