17
5 423103.741 423102.910 423103.050 423103.741 423103.741 564833.564 564833.630 564835.350 564835.314 564833.564
20 423079.670 423080.040 423080.500 423082.300 423085.050 423085.392 423088.050 423087.650 423086.870 423086.240 423086.200 423085.660 423085.000 423084.370 423083.800 423083.510 423083.150 423082.590 423082.364 423079.670 564779.001 564782.690 564787.350 564804.800 564834.500 564837.902 564837.902 564834.450 564826.600 564820.250 564819.800 564814.100 564807.200 564800.550 564794.450 564791.440 564787.600 564781.450 564779.001 564779.001
20 423079.670 423080.040 423080.500 423082.300 423085.050 423085.392 423088.050 423087.650 423086.870 423086.240 423086.200 423085.660 423085.000 423084.370 423083.800 423083.510 423083.150 423082.590 423082.364 423079.670 564779.001 564782.690 564787.350 564804.800 564834.500 564837.902 564837.902 564834.450 564826.600 564820.250 564819.800 564814.100 564807.200 564800.550 564794.450 564791.440 564787.600 564781.450 564779.001 564779.001
20 423079.670 423080.040 423080.500 423082.300 423085.050 423085.392 423088.050 423087.650 423086.870 423086.240 423086.200 423085.660 423085.000 423084.370 423083.800 423083.510 423083.150 423082.590 423082.364 423079.670 564779.001 564782.690 564787.350 564804.800 564834.500 564837.902 564837.902 564834.450 564826.600 564820.250 564819.800 564814.100 564807.200 564800.550 564794.450 564791.440 564787.600 564781.450 564779.001 564779.001
20 423079.670 423080.040 423080.500 423082.300 423085.050 423085.392 423088.050 423087.650 423086.870 423086.240 423086.200 423085.660 423085.000 423084.370 423083.800 423083.510 423083.150 423082.590 423082.364 423079.670 564779.001 564782.690 564787.350 564804.800 564834.500 564837.902 564837.902 564834.450 564826.600 564820.250 564819.800 564814.100 564807.200 564800.550 564794.450 564791.440 564787.600 564781.450 564779.001 564779.001
18 423068.088 423068.500 423069.012 423069.146 423069.152 423069.806 423070.047 423070.150 423071.477 423071.780 423073.350 423073.665 423076.290 423073.800 423071.130 423070.780 423070.708 423068.088 564779.001 564783.600 564789.220 564790.689 564790.753 564797.930 564800.567 564801.700 564815.464 564818.611 564834.900 564837.902 564837.902 564811.850 564783.460 564779.770 564779.001 564779.001
18 423068.088 423068.500 423069.012 423069.146 423069.152 423069.806 423070.047 423070.150 423071.477 423071.780 423073.350 423073.665 423076.290 423073.800 423071.130 423070.780 423070.708 423068.088 564779.001 564783.600 564789.220 564790.689 564790.753 564797.930 564800.567 564801.700 564815.464 564818.611 564834.900 564837.902 564837.902 564811.850 564783.460 564779.770 564779.001 564779.001
18 423068.088 423068.500 423069.012 423069.146 423069.152 423069.806 423070.047 423070.150 423071.477 423071.780 423073.350 423073.665 423076.290 423073.800 423071.130 423070.780 423070.708 423068.088 564779.001 564783.600 564789.220 564790.689 564790.753 564797.930 564800.567 564801.700 564815.464 564818.611 564834.900 564837.902 564837.902 564811.850 564783.460 564779.770 564779.001 564779.001
18 423068.088 423068.500 423069.012 423069.146 423069.152 423069.806 423070.047 423070.150 423071.477 423071.780 423073.350 423073.665 423076.290 423073.800 423071.130 423070.780 423070.708 423068.088 564779.001 564783.600 564789.220 564790.689 564790.753 564797.930 564800.567 564801.700 564815.464 564818.611 564834.900 564837.902 564837.902 564811.850 564783.460 564779.770 564779.001 564779.001
7 423053.533 423053.420 423052.800 423051.805 423047.250 423043.525 423053.533 564837.902 564836.840 564836.900 564836.995 564837.430 564837.902 564837.902
27 423020.412 423019.740 423019.300 423018.820 423018.310 423017.800 423017.330 423016.840 423016.350 423015.860 423015.389 423014.685 423014.685 423015.200 423015.590 423015.900 423016.350 423017.200 423017.300 423017.350 423017.350 423017.300 423017.200 423017.000 423016.650 423016.631 423020.412 564837.902 564829.700 564824.400 564818.910 564813.050 564807.150 564801.550 564795.760 564789.950 564784.400 564779.001 564779.001 564793.695 564799.050 564803.880 564807.670 564813.150 564822.900 564824.450 564826.050 564827.500 564828.900 564830.850 564832.800 564837.750 564837.902 564837.902
7 423053.533 423053.420 423052.800 423051.805 423047.250 423043.525 423053.533 564837.902 564836.840 564836.900 564836.995 564837.430 564837.902 564837.902
27 423020.412 423019.740 423019.300 423018.820 423018.310 423017.800 423017.330 423016.840 423016.350 423015.860 423015.389 423014.685 423014.685 423015.200 423015.590 423015.900 423016.350 423017.200 423017.300 423017.350 423017.350 423017.300 423017.200 423017.000 423016.650 423016.631 423020.412 564837.902 564829.700 564824.400 564818.910 564813.050 564807.150 564801.550 564795.760 564789.950 564784.400 564779.001 564779.001 564793.695 564799.050 564803.880 564807.670 564813.150 564822.900 564824.450 564826.050 564827.500 564828.900 564830.850 564832.800 564837.750 564837.902 564837.902
7 423053.533 423053.420 423052.800 423051.805 423047.250 423043.525 423053.533 564837.902 564836.840 564836.900 564836.995 564837.430 564837.902 564837.902
27 423020.412 423019.740 423019.300 423018.820 423018.310 423017.800 423017.330 423016.840 423016.350 423015.860 423015.389 423014.685 423014.685 423015.200 423015.590 423015.900 423016.350 423017.200 423017.300 423017.350 423017.350 423017.300 423017.200 423017.000 423016.650 423016.631 423020.412 564837.902 564829.700 564824.400 564818.910 564813.050 564807.150 564801.550 564795.760 564789.950 564784.400 564779.001 564779.001 564793.695 564799.050 564803.880 564807.670 564813.150 564822.900 564824.450 564826.050 564827.500 564828.900 564830.850 564832.800 564837.750 564837.902 564837.902
7 423053.533 423053.420 423052.800 423051.805 423047.250 423043.525 423053.533 564837.902 564836.840 564836.900 564836.995 564837.430 564837.902 564837.902
27 423020.412 423019.740 423019.300 423018.820 423018.310 423017.800 423017.330 423016.840 423016.350 423015.860 423015.389 423014.685 423014.685 423015.200 423015.590 423015.900 423016.350 423017.200 423017.300 423017.350 423017.350 423017.300 423017.200 423017.000 423016.650 423016.631 423020.412 564837.902 564829.700 564824.400 564818.910 564813.050 564807.150 564801.550 564795.760 564789.950 564784.400 564779.001 564779.001 564793.695 564799.050 564803.880 564807.670 564813.150 564822.900 564824.450 564826.050 564827.500 564828.900 564830.850 564832.800 564837.750 564837.902 564837.902
