23
30 423267.950 423268.300 423268.600 423269.200 423269.800 423270.550 423271.250 423280.150 423281.852 423281.852 423277.670 423268.480 423267.050 423266.310 423265.840 423265.220 423264.600 423263.990 423263.390 423263.253 423261.006 423262.550 423264.550 423265.750 423265.850 423266.000 423266.600 423267.000 423267.500 423267.950 565001.100 565001.050 565001.050 565000.850 565000.600 565000.250 565000.000 564997.250 564996.737 564994.600 564996.000 564998.900 564999.050 564990.710 564985.450 564978.450 564971.400 564964.250 564957.300 564955.705 564955.705 564973.000 564994.050 565000.000 565000.300 565000.500 565000.900 565001.050 565001.100 565001.100
30 423267.950 423268.300 423268.600 423269.200 423269.800 423270.550 423271.250 423280.150 423281.852 423281.852 423277.670 423268.480 423267.050 423266.310 423265.840 423265.220 423264.600 423263.990 423263.390 423263.253 423261.006 423262.550 423264.550 423265.750 423265.850 423266.000 423266.600 423267.000 423267.500 423267.950 565001.100 565001.050 565001.050 565000.850 565000.600 565000.250 565000.000 564997.250 564996.737 564994.600 564996.000 564998.900 564999.050 564990.710 564985.450 564978.450 564971.400 564964.250 564957.300 564955.705 564955.705 564973.000 564994.050 565000.000 565000.300 565000.500 565000.900 565001.050 565001.100 565001.100
30 423267.950 423268.300 423268.600 423269.200 423269.800 423270.550 423271.250 423280.150 423281.852 423281.852 423277.670 423268.480 423267.050 423266.310 423265.840 423265.220 423264.600 423263.990 423263.390 423263.253 423261.006 423262.550 423264.550 423265.750 423265.850 423266.000 423266.600 423267.000 423267.500 423267.950 565001.100 565001.050 565001.050 565000.850 565000.600 565000.250 565000.000 564997.250 564996.737 564994.600 564996.000 564998.900 564999.050 564990.710 564985.450 564978.450 564971.400 564964.250 564957.300 564955.705 564955.705 564973.000 564994.050 565000.000 565000.300 565000.500 565000.900 565001.050 565001.100 565001.100
42 423255.850 423258.000 423257.700 423255.050 423253.381 423251.112 423251.550 423252.170 423252.820 423253.450 423254.080 423254.680 423255.200 423255.400 423253.850 423238.050 423237.234 423237.250 423237.250 423237.300 423237.600 423237.650 423237.750 423237.950 423238.150 423238.400 423238.600 423238.800 423239.350 423239.900 423253.400 423254.850 423256.200 423256.700 423256.950 423257.100 423257.250 423257.300 423257.400 423257.500 423257.450 423255.850 564981.700 564979.100 564975.850 564973.600 564955.705 564955.705 564960.450 564967.150 564974.250 564981.050 564987.850 564994.350 565000.000 565002.550 565003.150 565008.000 565008.250 565008.400 565008.600 565008.750 565009.050 565009.250 565009.400 565009.500 565009.650 565009.800 565009.900 565009.950 565010.000 565009.950 565005.500 565005.150 565004.650 565004.450 565004.200 565003.900 565003.550 565003.150 565002.800 565002.350 565000.000 564981.700
42 423255.850 423258.000 423257.700 423255.050 423253.381 423251.112 423251.550 423252.170 423252.820 423253.450 423254.080 423254.680 423255.200 423255.400 423253.850 423238.050 423237.234 423237.250 423237.250 423237.300 423237.600 423237.650 423237.750 423237.950 423238.150 423238.400 423238.600 423238.800 423239.350 423239.900 423253.400 423254.850 423256.200 423256.700 423256.950 423257.100 423257.250 423257.300 423257.400 423257.500 423257.450 423255.850 564981.700 564979.100 564975.850 564973.600 564955.705 564955.705 564960.450 564967.150 564974.250 564981.050 564987.850 564994.350 565000.000 565002.550 565003.150 565008.000 565008.250 565008.400 565008.600 565008.750 565009.050 565009.250 565009.400 565009.500 565009.650 565009.800 565009.900 565009.950 565010.000 565009.950 565005.500 565005.150 565004.650 565004.450 565004.200 565003.900 565003.550 565003.150 565002.800 565002.350 565000.000 564981.700
42 423255.850 423258.000 423257.700 423255.050 423253.381 423251.112 423251.550 423252.170 423252.820 423253.450 423254.080 423254.680 423255.200 423255.400 423253.850 423238.050 423237.234 423237.250 423237.250 423237.300 423237.600 423237.650 423237.750 423237.950 423238.150 423238.400 423238.600 423238.800 423239.350 423239.900 423253.400 423254.850 423256.200 423256.700 423256.950 423257.100 423257.250 423257.300 423257.400 423257.500 423257.450 423255.850 564981.700 564979.100 564975.850 564973.600 564955.705 564955.705 564960.450 564967.150 564974.250 564981.050 564987.850 564994.350 565000.000 565002.550 565003.150 565008.000 565008.250 565008.400 565008.600 565008.750 565009.050 565009.250 565009.400 565009.500 565009.650 565009.800 565009.900 565009.950 565010.000 565009.950 565005.500 565005.150 565004.650 565004.450 565004.200 565003.900 565003.550 565003.150 565002.800 565002.350 565000.000 564981.700
19 423225.204 423231.450 423231.950 423232.350 423232.700 423232.900 423232.950 423233.000 423233.050 423233.150 423233.150 423233.200 423233.178 423232.140 423229.500 423221.900 423216.900 423216.882 423225.204 565014.607 565012.600 565012.500 565012.250 565012.000 565011.700 565011.600 565011.450 565011.200 565010.600 565010.350 565010.050 565009.802 565010.140 565011.000 565013.170 565014.600 565014.607 565014.607
20 423215.655 423214.920 423214.260 423214.200 423214.150 423213.640 423213.010 423212.360 423211.710 423211.050 423210.400 423210.045 423207.504 423208.800 423210.850 423211.700 423212.610 423213.020 423213.079 423215.655 565014.607 565007.430 565001.030 565000.400 565000.000 564994.430 564987.460 564980.350 564973.490 564966.530 564959.530 564955.705 564955.705 564969.750 564991.750 565000.000 565009.610 565013.990 565014.607 565014.607
19 423225.204 423231.450 423231.950 423232.350 423232.700 423232.900 423232.950 423233.000 423233.050 423233.150 423233.150 423233.200 423233.178 423232.140 423229.500 423221.900 423216.900 423216.882 423225.204 565014.607 565012.600 565012.500 565012.250 565012.000 565011.700 565011.600 565011.450 565011.200 565010.600 565010.350 565010.050 565009.802 565010.140 565011.000 565013.170 565014.600 565014.607 565014.607
20 423215.655 423214.920 423214.260 423214.200 423214.150 423213.640 423213.010 423212.360 423211.710 423211.050 423210.400 423210.045 423207.504 423208.800 423210.850 423211.700 423212.610 423213.020 423213.079 423215.655 565014.607 565007.430 565001.030 565000.400 565000.000 564994.430 564987.460 564980.350 564973.490 564966.530 564959.530 564955.705 564955.705 564969.750 564991.750 565000.000 565009.610 565013.990 565014.607 565014.607
19 423225.204 423231.450 423231.950 423232.350 423232.700 423232.900 423232.950 423233.000 423233.050 423233.150 423233.150 423233.200 423233.178 423232.140 423229.500 423221.900 423216.900 423216.882 423225.204 565014.607 565012.600 565012.500 565012.250 565012.000 565011.700 565011.600 565011.450 565011.200 565010.600 565010.350 565010.050 565009.802 565010.140 565011.000 565013.170 565014.600 565014.607 565014.607
20 423215.655 423214.920 423214.260 423214.200 423214.150 423213.640 423213.010 423212.360 423211.710 423211.050 423210.400 423210.045 423207.504 423208.800 423210.850 423211.700 423212.610 423213.020 423213.079 423215.655 565014.607 565007.430 565001.030 565000.400 565000.000 564994.430 564987.460 564980.350 564973.490 564966.530 564959.530 564955.705 564955.705 564969.750 564991.750 565000.000 565009.610 565013.990 565014.607 565014.607
29 423207.218 423207.200 423206.750 423204.750 423203.700 423201.200 423203.300 423202.850 423200.800 423199.473 423197.297 423197.480 423197.990 423198.520 423199.020 423199.530 423200.070 423200.570 423201.100 423201.450 423201.590 423202.140 423202.670 423202.894 423205.219 423204.850 423206.150 423206.529 423207.218 565014.607 565014.430 565010.050 565010.200 565000.000 564974.350 564974.100 564969.000 564969.200 564955.705 564955.705 564957.650 564963.200 564968.780 564974.070 564979.480 564985.270 564990.530 564996.170 565000.000 565001.400 565007.000 565012.350 565014.607 565014.607 565010.750 565010.650 565014.607 565014.607
29 423207.218 423207.200 423206.750 423204.750 423203.700 423201.200 423203.300 423202.850 423200.800 423199.473 423197.297 423197.480 423197.990 423198.520 423199.020 423199.530 423200.070 423200.570 423201.100 423201.450 423201.590 423202.140 423202.670 423202.894 423205.219 423204.850 423206.150 423206.529 423207.218 565014.607 565014.430 565010.050 565010.200 565000.000 564974.350 564974.100 564969.000 564969.200 564955.705 564955.705 564957.650 564963.200 564968.780 564974.070 564979.480 564985.270 564990.530 564996.170 565000.000 565001.400 565007.000 565012.350 565014.607 565014.607 565010.750 565010.650 565014.607 565014.607
29 423207.218 423207.200 423206.750 423204.750 423203.700 423201.200 423203.300 423202.850 423200.800 423199.473 423197.297 423197.480 423197.990 423198.520 423199.020 423199.530 423200.070 423200.570 423201.100 423201.450 423201.590 423202.140 423202.670 423202.894 423205.219 423204.850 423206.150 423206.529 423207.218 565014.607 565014.430 565010.050 565010.200 565000.000 564974.350 564974.100 564969.000 564969.200 564955.705 564955.705 564957.650 564963.200 564968.780 564974.070 564979.480 564985.270 564990.530 564996.170 565000.000 565001.400 565007.000 565012.350 565014.607 565014.607 565010.750 565010.650 565014.607 565014.607
5 423202.300 423200.850 423201.100 423202.750 423202.300 564969.600 564969.700 564973.650 564973.550 564969.600
7 423254.750 423255.250 423256.250 423257.450 423257.150 423255.650 423254.750 564974.700 564980.550 564980.450 564979.050 564976.000 564974.700 564974.700
5 423206.150 423204.850 423205.219 423206.529 423206.150 565010.650 565010.750 565014.607 565014.607 565010.650
8 423259.820 423263.150 423281.852 423281.852 423270.050 423263.700 423252.661 423259.820 565014.607 565013.550 565007.695 565005.428 565009.150 565011.140 565014.607 565014.607
8 423259.820 423263.150 423281.852 423281.852 423270.050 423263.700 423252.661 423259.820 565014.607 565013.550 565007.695 565005.428 565009.150 565011.140 565014.607 565014.607
8 423259.820 423263.150 423281.852 423281.852 423270.050 423263.700 423252.661 423259.820 565014.607 565013.550 565007.695 565005.428 565009.150 565011.140 565014.607 565014.607
8 423259.820 423263.150 423281.852 423281.852 423270.050 423263.700 423252.661 423259.820 565014.607 565013.550 565007.695 565005.428 565009.150 565011.140 565014.607 565014.607
8 423259.820 423263.150 423281.852 423281.852 423270.050 423263.700 423252.661 423259.820 565014.607 565013.550 565007.695 565005.428 565009.150 565011.140 565014.607 565014.607
