25
6 422941.193 422942.000 422942.380 422943.450 422942.160 422941.193 564720.099 564727.750 564731.950 564731.830 564720.099 564720.099
10 422952.020 422950.430 422950.750 422950.870 422950.883 422951.050 422951.156 422952.783 422952.670 422952.020 564732.700 564732.800 564735.970 564737.159 564737.288 564738.950 564739.891 564739.776 564738.730 564732.700
5 423006.450 423007.150 423008.960 423008.300 423006.450 564734.800 564741.650 564741.450 564734.650 564734.800
37 422949.918 422949.900 422949.650 422949.450 422949.250 422949.050 422948.950 422947.950 422946.850 422945.769 422945.759 422945.750 422945.640 422945.350 422945.378 422945.379 422945.381 422945.400 422945.350 422945.200 422944.950 422944.930 422944.700 422944.500 422944.100 422943.700 422943.450 422942.380 422943.450 422944.550 422945.650 422946.000 422946.300 422946.550 422946.800 422946.990 422949.918 564779.001 564778.800 564776.050 564773.650 564771.650 564770.200 564768.800 564757.700 564747.000 564737.762 564737.674 564737.600 564736.480 564733.450 564733.310 564733.304 564733.292 564733.200 564732.800 564732.450 564732.150 564732.130 564731.950 564731.850 564731.750 564731.800 564731.830 564731.950 564743.750 564754.000 564765.700 564768.800 564771.900 564774.050 564776.250 564779.001 564779.001
11 423012.550 423012.300 423011.350 423010.850 423009.300 423009.500 423009.750 423010.050 423010.550 423011.200 423012.550 564769.800 564766.000 564766.050 564760.950 564761.100 564762.700 564764.350 564765.950 564767.950 564769.950 564769.800
33 422997.944 422998.150 422998.680 422999.200 422999.730 423000.000 423000.240 423000.700 423001.100 423001.500 423001.940 423002.400 423002.820 423003.032 423004.967 423004.700 423006.350 423007.107 423007.831 423007.750 423007.200 423006.650 423006.050 423003.750 423003.000 423001.750 423001.580 423001.260 423001.000 423000.450 423000.000 422999.919 422997.944 564720.099 564722.050 564727.500 564732.900 564738.400 564741.200 564743.750 564748.600 564754.300 564759.950 564765.350 564770.950 564776.350 564779.001 564779.001 564775.650 564775.450 564779.001 564779.001 564778.700 564776.600 564774.600 564772.650 564766.700 564758.250 564743.050 564740.620 564736.230 564732.600 564725.800 564720.700 564720.099 564720.099
28 422958.851 422958.190 422957.550 422956.890 422956.200 422955.560 422954.900 422954.240 422953.600 422953.196 422950.870 422951.920 422951.150 422950.900 422950.650 422950.450 422950.350 422950.340 422950.300 422950.300 422950.430 422952.020 422952.670 422952.783 422953.900 422955.850 422956.856 422958.851 564779.001 564772.250 564765.700 564758.860 564751.750 564744.760 564737.550 564730.600 564723.950 564720.099 564720.099 564730.900 564731.050 564731.050 564731.150 564731.350 564731.550 564731.590 564731.800 564732.050 564732.800 564732.700 564738.730 564739.776 564750.100 564768.750 564779.001 564779.001
33 422997.944 422998.150 422998.680 422999.200 422999.730 423000.000 423000.240 423000.700 423001.100 423001.500 423001.940 423002.400 423002.820 423003.032 423004.967 423004.700 423006.350 423007.107 423007.831 423007.750 423007.200 423006.650 423006.050 423003.750 423003.000 423001.750 423001.580 423001.260 423001.000 423000.450 423000.000 422999.919 422997.944 564720.099 564722.050 564727.500 564732.900 564738.400 564741.200 564743.750 564748.600 564754.300 564759.950 564765.350 564770.950 564776.350 564779.001 564779.001 564775.650 564775.450 564779.001 564779.001 564778.700 564776.600 564774.600 564772.650 564766.700 564758.250 564743.050 564740.620 564736.230 564732.600 564725.800 564720.700 564720.099 564720.099
28 422958.851 422958.190 422957.550 422956.890 422956.200 422955.560 422954.900 422954.240 422953.600 422953.196 422950.870 422951.920 422951.150 422950.900 422950.650 422950.450 422950.350 422950.340 422950.300 422950.300 422950.430 422952.020 422952.670 422952.783 422953.900 422955.850 422956.856 422958.851 564779.001 564772.250 564765.700 564758.860 564751.750 564744.760 564737.550 564730.600 564723.950 564720.099 564720.099 564730.900 564731.050 564731.050 564731.150 564731.350 564731.550 564731.590 564731.800 564732.050 564732.800 564732.700 564738.730 564739.776 564750.100 564768.750 564779.001 564779.001
33 422997.944 422998.150 422998.680 422999.200 422999.730 423000.000 423000.240 423000.700 423001.100 423001.500 423001.940 423002.400 423002.820 423003.032 423004.967 423004.700 423006.350 423007.107 423007.831 423007.750 423007.200 423006.650 423006.050 423003.750 423003.000 423001.750 423001.580 423001.260 423001.000 423000.450 423000.000 422999.919 422997.944 564720.099 564722.050 564727.500 564732.900 564738.400 564741.200 564743.750 564748.600 564754.300 564759.950 564765.350 564770.950 564776.350 564779.001 564779.001 564775.650 564775.450 564779.001 564779.001 564778.700 564776.600 564774.600 564772.650 564766.700 564758.250 564743.050 564740.620 564736.230 564732.600 564725.800 564720.700 564720.099 564720.099
28 422958.851 422958.190 422957.550 422956.890 422956.200 422955.560 422954.900 422954.240 422953.600 422953.196 422950.870 422951.920 422951.150 422950.900 422950.650 422950.450 422950.350 422950.340 422950.300 422950.300 422950.430 422952.020 422952.670 422952.783 422953.900 422955.850 422956.856 422958.851 564779.001 564772.250 564765.700 564758.860 564751.750 564744.760 564737.550 564730.600 564723.950 564720.099 564720.099 564730.900 564731.050 564731.050 564731.150 564731.350 564731.550 564731.590 564731.800 564732.050 564732.800 564732.700 564738.730 564739.776 564750.100 564768.750 564779.001 564779.001
33 422997.944 422998.150 422998.680 422999.200 422999.730 423000.000 423000.240 423000.700 423001.100 423001.500 423001.940 423002.400 423002.820 423003.032 423004.967 423004.700 423006.350 423007.107 423007.831 423007.750 423007.200 423006.650 423006.050 423003.750 423003.000 423001.750 423001.580 423001.260 423001.000 423000.450 423000.000 422999.919 422997.944 564720.099 564722.050 564727.500 564732.900 564738.400 564741.200 564743.750 564748.600 564754.300 564759.950 564765.350 564770.950 564776.350 564779.001 564779.001 564775.650 564775.450 564779.001 564779.001 564778.700 564776.600 564774.600 564772.650 564766.700 564758.250 564743.050 564740.620 564736.230 564732.600 564725.800 564720.700 564720.099 564720.099
28 422958.851 422958.190 422957.550 422956.890 422956.200 422955.560 422954.900 422954.240 422953.600 422953.196 422950.870 422951.920 422951.150 422950.900 422950.650 422950.450 422950.350 422950.340 422950.300 422950.300 422950.430 422952.020 422952.670 422952.783 422953.900 422955.850 422956.856 422958.851 564779.001 564772.250 564765.700 564758.860 564751.750 564744.760 564737.550 564730.600 564723.950 564720.099 564720.099 564730.900 564731.050 564731.050 564731.150 564731.350 564731.550 564731.590 564731.800 564732.050 564732.800 564732.700 564738.730 564739.776 564750.100 564768.750 564779.001 564779.001
33 422997.944 422998.150 422998.680 422999.200 422999.730 423000.000 423000.240 423000.700 423001.100 423001.500 423001.940 423002.400 423002.820 423003.032 423004.967 423004.700 423006.350 423007.107 423007.831 423007.750 423007.200 423006.650 423006.050 423003.750 423003.000 423001.750 423001.580 423001.260 423001.000 423000.450 423000.000 422999.919 422997.944 564720.099 564722.050 564727.500 564732.900 564738.400 564741.200 564743.750 564748.600 564754.300 564759.950 564765.350 564770.950 564776.350 564779.001 564779.001 564775.650 564775.450 564779.001 564779.001 564778.700 564776.600 564774.600 564772.650 564766.700 564758.250 564743.050 564740.620 564736.230 564732.600 564725.800 564720.700 564720.099 564720.099
28 422958.851 422958.190 422957.550 422956.890 422956.200 422955.560 422954.900 422954.240 422953.600 422953.196 422950.870 422951.920 422951.150 422950.900 422950.650 422950.450 422950.350 422950.340 422950.300 422950.300 422950.430 422952.020 422952.670 422952.783 422953.900 422955.850 422956.856 422958.851 564779.001 564772.250 564765.700 564758.860 564751.750 564744.760 564737.550 564730.600 564723.950 564720.099 564720.099 564730.900 564731.050 564731.050 564731.150 564731.350 564731.550 564731.590 564731.800 564732.050 564732.800 564732.700 564738.730 564739.776 564750.100 564768.750 564779.001 564779.001
5 423007.107 423006.350 423004.700 423004.967 423007.107 564779.001 564775.450 564775.650 564779.001 564779.001
21 422946.990 422946.800 422946.550 422946.300 422946.000 422945.650 422944.550 422943.450 422942.380 422942.000 422941.193 422938.987 422939.600 422940.900 422942.000 422942.080 422942.850 422942.950 422943.450 422944.330 422946.990 564779.001 564776.250 564774.050 564771.900 564768.800 564765.700 564754.000 564743.750 564731.950 564727.750 564720.099 564720.099 564726.100 564738.250 564750.150 564750.960 564758.700 564759.750 564768.300 564779.001 564779.001
21 422946.990 422946.800 422946.550 422946.300 422946.000 422945.650 422944.550 422943.450 422942.380 422942.000 422941.193 422938.987 422939.600 422940.900 422942.000 422942.080 422942.850 422942.950 422943.450 422944.330 422946.990 564779.001 564776.250 564774.050 564771.900 564768.800 564765.700 564754.000 564743.750 564731.950 564727.750 564720.099 564720.099 564726.100 564738.250 564750.150 564750.960 564758.700 564759.750 564768.300 564779.001 564779.001
21 422946.990 422946.800 422946.550 422946.300 422946.000 422945.650 422944.550 422943.450 422942.380 422942.000 422941.193 422938.987 422939.600 422940.900 422942.000 422942.080 422942.850 422942.950 422943.450 422944.330 422946.990 564779.001 564776.250 564774.050 564771.900 564768.800 564765.700 564754.000 564743.750 564731.950 564727.750 564720.099 564720.099 564726.100 564738.250 564750.150 564750.960 564758.700 564759.750 564768.300 564779.001 564779.001
21 422946.990 422946.800 422946.550 422946.300 422946.000 422945.650 422944.550 422943.450 422942.380 422942.000 422941.193 422938.987 422939.600 422940.900 422942.000 422942.080 422942.850 422942.950 422943.450 422944.330 422946.990 564779.001 564776.250 564774.050 564771.900 564768.800 564765.700 564754.000 564743.750 564731.950 564727.750 564720.099 564720.099 564726.100 564738.250 564750.150 564750.960 564758.700 564759.750 564768.300 564779.001 564779.001
21 422946.990 422946.800 422946.550 422946.300 422946.000 422945.650 422944.550 422943.450 422942.380 422942.000 422941.193 422938.987 422939.600 422940.900 422942.000 422942.080 422942.850 422942.950 422943.450 422944.330 422946.990 564779.001 564776.250 564774.050 564771.900 564768.800 564765.700 564754.000 564743.750 564731.950 564727.750 564720.099 564720.099 564726.100 564738.250 564750.150 564750.960 564758.700 564759.750 564768.300 564779.001 564779.001
29 423014.685 423014.380 423013.890 423013.400 423012.780 423012.200 423011.620 423011.050 423010.500 423009.900 423006.886 423008.200 423005.950 423006.090 423006.530 423006.750 423009.000 423010.800 423008.600 423009.400 423009.650 423009.950 423010.500 423011.200 423012.850 423013.200 423013.297 423014.685 423014.685 564770.661 564767.050 564761.300 564755.500 564749.300 564743.450 564737.550 564731.800 564726.150 564720.099 564720.099 564734.050 564734.350 564735.740 564740.120 564742.300 564742.100 564760.350 564760.700 564765.500 564766.600 564767.750 564769.750 564771.600 564776.900 564778.400 564779.001 564779.001 564770.661
29 423014.685 423014.380 423013.890 423013.400 423012.780 423012.200 423011.620 423011.050 423010.500 423009.900 423006.886 423008.200 423005.950 423006.090 423006.530 423006.750 423009.000 423010.800 423008.600 423009.400 423009.650 423009.950 423010.500 423011.200 423012.850 423013.200 423013.297 423014.685 423014.685 564770.661 564767.050 564761.300 564755.500 564749.300 564743.450 564737.550 564731.800 564726.150 564720.099 564720.099 564734.050 564734.350 564735.740 564740.120 564742.300 564742.100 564760.350 564760.700 564765.500 564766.600 564767.750 564769.750 564771.600 564776.900 564778.400 564779.001 564779.001 564770.661
29 423014.685 423014.380 423013.890 423013.400 423012.780 423012.200 423011.620 423011.050 423010.500 423009.900 423006.886 423008.200 423005.950 423006.090 423006.530 423006.750 423009.000 423010.800 423008.600 423009.400 423009.650 423009.950 423010.500 423011.200 423012.850 423013.200 423013.297 423014.685 423014.685 564770.661 564767.050 564761.300 564755.500 564749.300 564743.450 564737.550 564731.800 564726.150 564720.099 564720.099 564734.050 564734.350 564735.740 564740.120 564742.300 564742.100 564760.350 564760.700 564765.500 564766.600 564767.750 564769.750 564771.600 564776.900 564778.400 564779.001 564779.001 564770.661
29 423014.685 423014.380 423013.890 423013.400 423012.780 423012.200 423011.620 423011.050 423010.500 423009.900 423006.886 423008.200 423005.950 423006.090 423006.530 423006.750 423009.000 423010.800 423008.600 423009.400 423009.650 423009.950 423010.500 423011.200 423012.850 423013.200 423013.297 423014.685 423014.685 564770.661 564767.050 564761.300 564755.500 564749.300 564743.450 564737.550 564731.800 564726.150 564720.099 564720.099 564734.050 564734.350 564735.740 564740.120 564742.300 564742.100 564760.350 564760.700 564765.500 564766.600 564767.750 564769.750 564771.600 564776.900 564778.400 564779.001 564779.001 564770.661
