13
11 423093.241 423093.169 423093.448 423093.622 423094.644 423100.688 423102.855 423103.262 423103.741 423103.741 423093.241 564602.296 564602.812 564603.422 564603.801 564604.431 564605.382 564604.062 564603.814 564603.903 564602.296 564602.296
11 423093.241 423093.169 423093.448 423093.622 423094.644 423100.688 423102.855 423103.262 423103.741 423103.741 423093.241 564602.296 564602.812 564603.422 564603.801 564604.431 564605.382 564604.062 564603.814 564603.903 564602.296 564602.296
27 423055.969 423055.969 423049.541 423044.410 423039.050 423037.350 423036.500 423035.700 423035.050 423034.400 423033.450 423032.671 423029.610 423032.128 423035.509 423037.381 423040.073 423042.571 423042.622 423044.886 423045.753 423046.365 423048.779 423050.689 423054.702 423055.552 423055.969 564607.032 564602.296 564602.296 564603.180 564604.110 564604.400 564604.150 564603.900 564603.700 564603.400 564602.900 564602.296 564602.296 564604.779 564606.557 564607.541 564608.525 564609.001 564609.011 564609.141 564609.123 564609.111 564608.907 564608.599 564607.530 564607.234 564607.032
6 423055.969 423055.969 423059.364 423061.026 423070.783 423055.969 564602.296 564607.032 564605.385 564603.133 564602.296 564602.296
9 423083.592 423084.387 423085.863 423086.620 423086.872 423087.248 423087.455 423087.540 423083.592 564602.296 564603.250 564603.365 564603.270 564603.152 564602.845 564602.456 564602.296 564602.296
13 423103.741 423099.811 423099.730 423097.747 423097.137 423096.278 423095.850 423095.600 423095.417 423095.415 423096.070 423103.741 423103.741 564614.729 564614.026 564613.934 564611.686 564611.588 564611.825 564612.152 564612.493 564613.321 564613.331 564615.980 564617.370 564614.729
54 423055.969 423055.969 423055.950 423054.950 423054.550 423052.386 423052.378 423050.690 423047.917 423046.387 423043.150 423041.648 423039.356 423036.157 423034.850 423034.050 423033.750 423031.900 423030.000 423029.450 423028.900 423028.400 423028.250 423027.900 423027.500 423027.200 423026.950 423026.850 423026.890 423028.150 423029.850 423031.550 423033.250 423034.950 423037.100 423039.250 423040.000 423041.900 423043.650 423043.800 423045.350 423046.850 423048.200 423048.350 423049.600 423050.800 423051.850 423052.450 423052.900 423053.200 423054.250 423055.200 423055.750 423055.969 564650.368 564636.046 564636.000 564633.850 564633.100 564630.624 564630.615 564628.529 564625.739 564624.457 564622.220 564621.371 564620.277 564619.113 564618.360 564618.150 564618.100 564617.750 564617.550 564617.450 564617.400 564617.400 564617.450 564617.600 564617.800 564618.150 564618.550 564618.900 564619.740 564619.800 564619.950 564620.200 564620.550 564621.050 564621.750 564622.550 564622.900 564623.950 564625.050 564625.150 564626.400 564627.800 564629.250 564629.400 564631.050 564632.750 564634.550 564635.600 564636.400 564637.000 564639.400 564641.800 564648.000 564650.368
82 423071.319 423071.130 423070.600 423070.000 423069.500 423069.150 423068.700 423068.100 423068.000 423067.250 423066.000 423064.650 423063.760 423063.350 423062.000 423061.750 423061.600 423061.600 423061.700 423062.000 423062.400 423062.500 423063.000 423063.550 423063.850 423064.450 423065.050 423072.450 423075.850 423075.950 423076.850 423080.050 423085.800 423089.750 423091.450 423091.390 423090.770 423090.558 423090.387 423090.164 423089.594 423088.974 423088.962 423083.500 423081.150 423078.800 423076.850 423074.850 423071.700 423068.600 423067.300 423065.950 423064.700 423063.550 423062.500 423061.500 423061.200 423060.550 423059.950 423059.400 423059.200 423058.900 423058.750 423058.750 423058.800 423059.100 423059.600 423059.650 423060.500 423061.450 423062.700 423063.950 423064.750 423065.500 423065.650 423066.000 423066.350 423066.850 423067.200 423068.050 423068.909 423071.319 564661.198 564659.060 564653.000 564646.750 564640.650 564638.500 564636.350 564634.420 564634.100 564631.900 564629.300 564626.950 564625.630 564625.000 564623.200 564622.300 564621.450 564620.500 564619.800 564618.850 564618.000 564617.750 564617.050 564616.400 564616.150 564615.700 564615.400 564614.750 564614.400 564615.350 564615.400 564615.250 564615.650 564616.050 564616.200 564615.260 564613.347 564612.733 564612.518 564612.237 564611.888 564611.758 564611.757 564611.500 564611.450 564611.450 564611.500 564611.600 564611.900 564612.350 564612.600 564612.850 564613.200 564613.700 564614.350 564615.050 564615.350 564615.950 564616.650 564617.400 564617.850 564618.800 564619.800 564620.800 564621.250 564622.650 564623.950 564624.050 564625.600 564627.100 564629.250 564631.450 564632.800 564634.200 564634.550 564635.800 564637.000 564639.100 564641.250 564652.550 564661.198 564661.198
82 423071.319 423071.130 423070.600 423070.000 423069.500 423069.150 423068.700 423068.100 423068.000 423067.250 423066.000 423064.650 423063.760 423063.350 423062.000 423061.750 423061.600 423061.600 423061.700 423062.000 423062.400 423062.500 423063.000 423063.550 423063.850 423064.450 423065.050 423072.450 423075.850 423075.950 423076.850 423080.050 423085.800 423089.750 423091.450 423091.390 423090.770 423090.558 423090.387 423090.164 423089.594 423088.974 423088.962 423083.500 423081.150 423078.800 423076.850 423074.850 423071.700 423068.600 423067.300 423065.950 423064.700 423063.550 423062.500 423061.500 423061.200 423060.550 423059.950 423059.400 423059.200 423058.900 423058.750 423058.750 423058.800 423059.100 423059.600 423059.650 423060.500 423061.450 423062.700 423063.950 423064.750 423065.500 423065.650 423066.000 423066.350 423066.850 423067.200 423068.050 423068.909 423071.319 564661.198 564659.060 564653.000 564646.750 564640.650 564638.500 564636.350 564634.420 564634.100 564631.900 564629.300 564626.950 564625.630 564625.000 564623.200 564622.300 564621.450 564620.500 564619.800 564618.850 564618.000 564617.750 564617.050 564616.400 564616.150 564615.700 564615.400 564614.750 564614.400 564615.350 564615.400 564615.250 564615.650 564616.050 564616.200 564615.260 564613.347 564612.733 564612.518 564612.237 564611.888 564611.758 564611.757 564611.500 564611.450 564611.450 564611.500 564611.600 564611.900 564612.350 564612.600 564612.850 564613.200 564613.700 564614.350 564615.050 564615.350 564615.950 564616.650 564617.400 564617.850 564618.800 564619.800 564620.800 564621.250 564622.650 564623.950 564624.050 564625.600 564627.100 564629.250 564631.450 564632.800 564634.200 564634.550 564635.800 564637.000 564639.100 564641.250 564652.550 564661.198 564661.198
16 423014.685 423016.200 423021.000 423021.450 423021.350 423021.150 423020.850 423020.550 423020.150 423019.800 423019.500 423019.250 423018.000 423016.800 423014.685 423014.685 564623.152 564622.550 564620.900 564620.450 564619.900 564619.550 564619.150 564618.900 564618.800 564618.800 564618.900 564618.950 564619.300 564619.700 564620.510 564623.152
16 423014.685 423016.200 423021.000 423021.450 423021.350 423021.150 423020.850 423020.550 423020.150 423019.800 423019.500 423019.250 423018.000 423016.800 423014.685 423014.685 564623.152 564622.550 564620.900 564620.450 564619.900 564619.550 564619.150 564618.900 564618.800 564618.800 564618.900 564618.950 564619.300 564619.700 564620.510 564623.152
12 423055.969 423055.969 423056.300 423056.900 423056.990 423059.815 423058.800 423058.350 423058.000 423057.500 423056.900 423055.969 564636.046 564650.368 564653.950 564660.250 564661.198 564661.198 564649.750 564644.800 564642.650 564640.450 564638.300 564636.046
12 423055.969 423055.969 423056.300 423056.900 423056.990 423059.815 423058.800 423058.350 423058.000 423057.500 423056.900 423055.969 564636.046 564650.368 564653.950 564660.250 564661.198 564661.198 564649.750 564644.800 564642.650 564640.450 564638.300 564636.046
