12
17 423074.150 423075.750 423078.250 423079.670 423079.670 423082.364 423082.000 423081.370 423080.750 423080.150 423079.550 423079.000 423078.450 423077.900 423077.370 423076.881 423074.150 564720.099 564737.250 564764.650 564779.000 564779.001 564779.001 564775.050 564768.650 564762.400 564756.010 564749.610 564743.700 564737.500 564731.400 564725.500 564720.099 564720.099
17 423074.150 423075.750 423078.250 423079.670 423079.670 423082.364 423082.000 423081.370 423080.750 423080.150 423079.550 423079.000 423078.450 423077.900 423077.370 423076.881 423074.150 564720.099 564737.250 564764.650 564779.000 564779.001 564779.001 564775.050 564768.650 564762.400 564756.010 564749.610 564743.700 564737.500 564731.400 564725.500 564720.099 564720.099
17 423074.150 423075.750 423078.250 423079.670 423079.670 423082.364 423082.000 423081.370 423080.750 423080.150 423079.550 423079.000 423078.450 423077.900 423077.370 423076.881 423074.150 564720.099 564737.250 564764.650 564779.000 564779.001 564779.001 564775.050 564768.650 564762.400 564756.010 564749.610 564743.700 564737.500 564731.400 564725.500 564720.099 564720.099
17 423074.150 423075.750 423078.250 423079.670 423079.670 423082.364 423082.000 423081.370 423080.750 423080.150 423079.550 423079.000 423078.450 423077.900 423077.370 423076.881 423074.150 564720.099 564737.250 564764.650 564779.000 564779.001 564779.001 564775.050 564768.650 564762.400 564756.010 564749.610 564743.700 564737.500 564731.400 564725.500 564720.099 564720.099
16 423062.600 423062.800 423063.950 423064.530 423065.100 423065.710 423066.300 423066.860 423067.400 423067.980 423068.088 423070.708 423069.300 423066.700 423065.190 423062.600 564720.099 564722.150 564734.240 564740.390 564746.350 564752.940 564759.250 564765.500 564771.450 564777.800 564779.001 564779.001 564764.050 564736.900 564720.099 564720.099
16 423062.600 423062.800 423063.950 423064.530 423065.100 423065.710 423066.300 423066.860 423067.400 423067.980 423068.088 423070.708 423069.300 423066.700 423065.190 423062.600 564720.099 564722.150 564734.240 564740.390 564746.350 564752.940 564759.250 564765.500 564771.450 564777.800 564779.001 564779.001 564764.050 564736.900 564720.099 564720.099
16 423062.600 423062.800 423063.950 423064.530 423065.100 423065.710 423066.300 423066.860 423067.400 423067.980 423068.088 423070.708 423069.300 423066.700 423065.190 423062.600 564720.099 564722.150 564734.240 564740.390 564746.350 564752.940 564759.250 564765.500 564771.450 564777.800 564779.001 564779.001 564764.050 564736.900 564720.099 564720.099
16 423062.600 423062.800 423063.950 423064.530 423065.100 423065.710 423066.300 423066.860 423067.400 423067.980 423068.088 423070.708 423069.300 423066.700 423065.190 423062.600 564720.099 564722.150 564734.240 564740.390 564746.350 564752.940 564759.250 564765.500 564771.450 564777.800 564779.001 564779.001 564764.050 564736.900 564720.099 564720.099
6 423015.389 423015.350 423014.870 423014.685 423014.685 423015.389 564779.001 564778.550 564772.850 564770.661 564779.001 564779.001
6 423015.389 423015.350 423014.870 423014.685 423014.685 423015.389 564779.001 564778.550 564772.850 564770.661 564779.001 564779.001
6 423015.389 423015.350 423014.870 423014.685 423014.685 423015.389 564779.001 564778.550 564772.850 564770.661 564779.001 564779.001
6 423015.389 423015.350 423014.870 423014.685 423014.685 423015.389 564779.001 564778.550 564772.850 564770.661 564779.001 564779.001
