14
13 423106.364 423103.741 423103.741 423105.230 423105.800 423106.300 423106.400 423106.500 423106.850 423107.100 423107.300 423107.300 423106.364 564557.905 564558.350 564560.832 564560.580 564560.350 564560.000 564559.880 564559.750 564559.300 564558.650 564557.950 564557.801 564557.905
13 423106.364 423103.741 423103.741 423105.230 423105.800 423106.300 423106.400 423106.500 423106.850 423107.100 423107.300 423107.300 423106.364 564557.905 564558.350 564560.832 564560.580 564560.350 564560.000 564559.880 564559.750 564559.300 564558.650 564557.950 564557.801 564557.905
5 423115.900 423114.900 423113.360 423114.300 423115.900 564562.600 564557.750 564558.090 564562.950 564562.600
5 423164.950 423163.500 423164.000 423165.400 423164.950 564573.250 564573.400 564578.650 564578.450 564573.250
12 423189.657 423189.720 423190.050 423190.370 423191.030 423191.670 423192.320 423192.550 423192.796 423192.796 423190.668 423189.657 564548.636 564549.350 564553.000 564556.400 564563.300 564569.950 564576.740 564579.150 564581.813 564571.127 564548.523 564548.636
14 423176.817 423176.510 423175.850 423175.200 423174.550 423173.890 423173.260 423172.610 423171.936 423169.747 423171.700 423172.110 423174.546 423176.817 564602.296 564599.040 564592.140 564585.240 564578.290 564571.340 564564.640 564557.690 564550.608 564550.852 564571.740 564576.130 564602.296 564602.296
12 423189.657 423189.720 423190.050 423190.370 423191.030 423191.670 423192.320 423192.550 423192.796 423192.796 423190.668 423189.657 564548.636 564549.350 564553.000 564556.400 564563.300 564569.950 564576.740 564579.150 564581.813 564571.127 564548.523 564548.636
14 423176.817 423176.510 423175.850 423175.200 423174.550 423173.890 423173.260 423172.610 423171.936 423169.747 423171.700 423172.110 423174.546 423176.817 564602.296 564599.040 564592.140 564585.240 564578.290 564571.340 564564.640 564557.690 564550.608 564550.852 564571.740 564576.130 564602.296 564602.296
20 423159.453 423159.590 423160.080 423160.600 423161.130 423161.630 423162.150 423162.630 423163.100 423163.550 423164.080 423164.161 423166.163 423163.950 423165.950 423165.750 423165.350 423163.500 423161.435 423159.453 564551.997 564553.500 564558.850 564564.550 564569.950 564575.150 564580.450 564585.800 564591.050 564596.000 564601.450 564602.296 564602.296 564579.300 564579.150 564576.990 564572.600 564572.850 564551.777 564551.997
20 423159.453 423159.590 423160.080 423160.600 423161.130 423161.630 423162.150 423162.630 423163.100 423163.550 423164.080 423164.161 423166.163 423163.950 423165.950 423165.750 423165.350 423163.500 423161.435 423159.453 564551.997 564553.500 564558.850 564564.550 564569.950 564575.150 564580.450 564585.800 564591.050 564596.000 564601.450 564602.296 564602.296 564579.300 564579.150 564576.990 564572.600 564572.850 564551.777 564551.997
72 423112.432 423111.900 423111.830 423111.800 423111.800 423111.900 423112.050 423112.150 423112.500 423112.950 423114.750 423116.600 423120.450 423116.450 423112.500 423108.650 423110.600 423110.600 423110.550 423110.350 423110.050 423109.900 423109.450 423109.000 423108.750 423108.500 423108.200 423107.450 423106.800 423106.000 423107.320 423108.520 423109.780 423110.250 423110.580 423111.110 423111.950 423111.650 423112.350 423111.954 423121.308 423121.287 423121.240 423121.137 423120.879 423119.869 423119.556 423119.519 423119.620 423119.816 423120.122 423120.592 423121.162 423121.595 423121.633 423122.015 423122.488 423123.365 423126.730 423126.630 423126.050 423124.650 423124.340 423123.090 423122.930 423122.900 423121.850 423120.600 423119.400 423117.900 423116.881 423112.432 564557.230 564559.750 564560.220 564560.450 564561.200 564561.850 564562.550 564562.800 564563.500 564564.100 564566.650 564566.300 564586.400 564587.150 564587.900 564568.150 564567.750 564567.500 564566.950 564566.500 564566.050 564565.900 564565.650 564565.500 564565.430 564565.350 564565.300 564565.250 564565.300 564565.550 564572.650 564579.110 564585.810 564588.300 564590.070 564592.947 564597.500 564598.950 564601.950 564602.296 564602.296 564602.071 564601.833 564601.626 564601.281 564599.851 564599.296 564598.771 564598.261 564597.959 564597.616 564597.337 564597.114 564597.028 564597.020 564597.002 564597.014 564602.296 564602.296 564601.640 564597.800 564598.150 564596.290 564588.800 564587.830 564587.650 564581.800 564574.900 564568.150 564561.450 564556.735 564557.230
5 423107.217 423106.400 423103.741 423103.741 423107.217 564602.296 564602.150 564601.726 564602.296 564602.296
72 423112.432 423111.900 423111.830 423111.800 423111.800 423111.900 423112.050 423112.150 423112.500 423112.950 423114.750 423116.600 423120.450 423116.450 423112.500 423108.650 423110.600 423110.600 423110.550 423110.350 423110.050 423109.900 423109.450 423109.000 423108.750 423108.500 423108.200 423107.450 423106.800 423106.000 423107.320 423108.520 423109.780 423110.250 423110.580 423111.110 423111.950 423111.650 423112.350 423111.954 423121.308 423121.287 423121.240 423121.137 423120.879 423119.869 423119.556 423119.519 423119.620 423119.816 423120.122 423120.592 423121.162 423121.595 423121.633 423122.015 423122.488 423123.365 423126.730 423126.630 423126.050 423124.650 423124.340 423123.090 423122.930 423122.900 423121.850 423120.600 423119.400 423117.900 423116.881 423112.432 564557.230 564559.750 564560.220 564560.450 564561.200 564561.850 564562.550 564562.800 564563.500 564564.100 564566.650 564566.300 564586.400 564587.150 564587.900 564568.150 564567.750 564567.500 564566.950 564566.500 564566.050 564565.900 564565.650 564565.500 564565.430 564565.350 564565.300 564565.250 564565.300 564565.550 564572.650 564579.110 564585.810 564588.300 564590.070 564592.947 564597.500 564598.950 564601.950 564602.296 564602.296 564602.071 564601.833 564601.626 564601.281 564599.851 564599.296 564598.771 564598.261 564597.959 564597.616 564597.337 564597.114 564597.028 564597.020 564597.002 564597.014 564602.296 564602.296 564601.640 564597.800 564598.150 564596.290 564588.800 564587.830 564587.650 564581.800 564574.900 564568.150 564561.450 564556.735 564557.230
5 423107.217 423106.400 423103.741 423103.741 423107.217 564602.296 564602.150 564601.726 564602.296 564602.296
