18
12 423281.852 423276.006 423274.963 423275.150 423275.350 423275.700 423276.050 423276.550 423277.100 423277.650 423281.852 423281.852 564824.926 564825.441 564825.533 564826.000 564826.250 564826.650 564826.950 564827.150 564827.250 564827.250 564827.031 564824.926
12 423281.852 423276.006 423274.963 423275.150 423275.350 423275.700 423276.050 423276.550 423277.100 423277.650 423281.852 423281.852 564824.926 564825.441 564825.533 564826.000 564826.250 564826.650 564826.950 564827.150 564827.250 564827.250 564827.031 564824.926
39 423245.367 423245.950 423246.850 423247.600 423248.500 423249.450 423249.950 423250.050 423250.250 423250.550 423250.900 423251.350 423251.850 423252.350 423252.750 423260.500 423266.750 423268.350 423268.950 423269.500 423269.950 423270.350 423270.650 423270.650 423270.643 423269.650 423263.050 423253.200 423252.850 423251.800 423251.330 423250.700 423250.050 423249.410 423249.400 423248.750 423248.100 423247.765 423245.367 564779.001 564784.900 564794.500 564802.000 564811.300 564822.000 564826.700 564827.150 564827.650 564828.050 564828.300 564828.550 564828.650 564828.650 564828.550 564828.100 564827.800 564827.600 564827.550 564827.400 564827.100 564826.800 564826.450 564825.150 564825.075 564825.150 564825.650 564826.150 564822.050 564822.100 564817.140 564810.600 564803.650 564796.900 564796.750 564789.810 564782.850 564779.001 564779.001
39 423245.367 423245.950 423246.850 423247.600 423248.500 423249.450 423249.950 423250.050 423250.250 423250.550 423250.900 423251.350 423251.850 423252.350 423252.750 423260.500 423266.750 423268.350 423268.950 423269.500 423269.950 423270.350 423270.650 423270.650 423270.643 423269.650 423263.050 423253.200 423252.850 423251.800 423251.330 423250.700 423250.050 423249.410 423249.400 423248.750 423248.100 423247.765 423245.367 564779.001 564784.900 564794.500 564802.000 564811.300 564822.000 564826.700 564827.150 564827.650 564828.050 564828.300 564828.550 564828.650 564828.650 564828.550 564828.100 564827.800 564827.600 564827.550 564827.400 564827.100 564826.800 564826.450 564825.150 564825.075 564825.150 564825.650 564826.150 564822.050 564822.100 564817.140 564810.600 564803.650 564796.900 564796.750 564789.810 564782.850 564779.001 564779.001
44 423235.011 423235.300 423235.880 423236.450 423236.470 423237.110 423237.750 423237.760 423238.390 423238.950 423237.810 423238.100 423236.650 423233.750 423225.600 423221.900 423220.790 423221.000 423221.050 423221.250 423221.600 423221.950 423222.450 423222.900 423223.950 423230.650 423240.000 423240.150 423240.850 423241.550 423242.100 423242.600 423242.750 423243.000 423243.250 423243.500 423243.600 423243.400 423242.700 423240.650 423239.650 423237.500 423237.468 423235.011 564779.001 564782.200 564789.010 564795.800 564796.000 564802.910 564809.700 564809.850 564816.760 564822.850 564823.000 564825.800 564827.000 564827.100 564827.400 564827.650 564827.600 564828.700 564828.850 564829.300 564829.750 564830.000 564830.200 564830.250 564830.200 564829.900 564829.250 564829.250 564829.050 564828.750 564828.400 564828.050 564827.800 564827.250 564826.650 564825.850 564824.950 564822.850 564815.250 564812.750 564802.400 564779.350 564779.001 564779.001
44 423235.011 423235.300 423235.880 423236.450 423236.470 423237.110 423237.750 423237.760 423238.390 423238.950 423237.810 423238.100 423236.650 423233.750 423225.600 423221.900 423220.790 423221.000 423221.050 423221.250 423221.600 423221.950 423222.450 423222.900 423223.950 423230.650 423240.000 423240.150 423240.850 423241.550 423242.100 423242.600 423242.750 423243.000 423243.250 423243.500 423243.600 423243.400 423242.700 423240.650 423239.650 423237.500 423237.468 423235.011 564779.001 564782.200 564789.010 564795.800 564796.000 564802.910 564809.700 564809.850 564816.760 564822.850 564823.000 564825.800 564827.000 564827.100 564827.400 564827.650 564827.600 564828.700 564828.850 564829.300 564829.750 564830.000 564830.200 564830.250 564830.200 564829.900 564829.250 564829.250 564829.050 564828.750 564828.400 564828.050 564827.800 564827.250 564826.650 564825.850 564824.950 564822.850 564815.250 564812.750 564802.400 564779.350 564779.001 564779.001
32 423192.796 423193.700 423194.900 423195.900 423196.000 423197.000 423197.350 423201.150 423208.950 423214.500 423215.000 423215.500 423215.850 423216.150 423216.400 423216.600 423216.650 423216.600 423215.500 423199.250 423198.710 423197.450 423196.900 423196.240 423195.550 423194.910 423194.900 423194.260 423193.600 423193.258 423192.796 423192.796 564797.292 564806.250 564819.250 564829.200 564829.900 564830.940 564831.300 564831.150 564830.850 564830.550 564830.500 564830.350 564830.150 564829.900 564829.500 564829.000 564828.500 564827.980 564827.900 564828.750 564823.190 564823.300 564817.550 564810.600 564803.450 564796.750 564796.600 564789.600 564782.450 564779.001 564779.001 564797.292
32 423192.796 423193.700 423194.900 423195.900 423196.000 423197.000 423197.350 423201.150 423208.950 423214.500 423215.000 423215.500 423215.850 423216.150 423216.400 423216.600 423216.650 423216.600 423215.500 423199.250 423198.710 423197.450 423196.900 423196.240 423195.550 423194.910 423194.900 423194.260 423193.600 423193.258 423192.796 423192.796 564797.292 564806.250 564819.250 564829.200 564829.900 564830.940 564831.300 564831.150 564830.850 564830.550 564830.500 564830.350 564830.150 564829.900 564829.500 564829.000 564828.500 564827.980 564827.900 564828.750 564823.190 564823.300 564817.550 564810.600 564803.450 564796.750 564796.600 564789.600 564782.450 564779.001 564779.001 564797.292
6 423240.800 423240.050 423240.650 423242.550 423242.150 423240.800 564813.750 564813.850 564820.450 564820.250 564815.300 564813.750
10 423281.852 423277.200 423276.850 423276.550 423276.350 423276.200 423275.972 423276.950 423281.852 423281.852 564835.014 564835.300 564835.400 564835.550 564835.700 564835.850 564837.631 564837.550 564837.146 564835.014
10 423281.852 423277.200 423276.850 423276.550 423276.350 423276.200 423275.972 423276.950 423281.852 423281.852 564835.014 564835.300 564835.400 564835.550 564835.700 564835.850 564837.631 564837.550 564837.146 564835.014
10 423281.852 423277.200 423276.850 423276.550 423276.350 423276.200 423275.972 423276.950 423281.852 423281.852 564835.014 564835.300 564835.400 564835.550 564835.700 564835.850 564837.631 564837.550 564837.146 564835.014
18 423265.482 423270.176 423271.177 423270.950 423270.600 423270.150 423270.000 423269.550 423268.950 423268.650 423258.350 423251.700 423251.000 423250.350 423249.940 423249.750 423249.706 423265.482 564837.902 564837.652 564837.599 564837.100 564836.650 564836.300 564836.200 564835.950 564835.800 564835.750 564836.250 564836.600 564836.900 564837.350 564837.690 564837.850 564837.902 564837.902
18 423265.482 423270.176 423271.177 423270.950 423270.600 423270.150 423270.000 423269.550 423268.950 423268.650 423258.350 423251.700 423251.000 423250.350 423249.940 423249.750 423249.706 423265.482 564837.902 564837.652 564837.599 564837.100 564836.650 564836.300 564836.200 564835.950 564835.800 564835.750 564836.250 564836.600 564836.900 564837.350 564837.690 564837.850 564837.902 564837.902
18 423265.482 423270.176 423271.177 423270.950 423270.600 423270.150 423270.000 423269.550 423268.950 423268.650 423258.350 423251.700 423251.000 423250.350 423249.940 423249.750 423249.706 423265.482 564837.902 564837.652 564837.599 564837.100 564836.650 564836.300 564836.200 564835.950 564835.800 564835.750 564836.250 564836.600 564836.900 564837.350 564837.690 564837.850 564837.902 564837.902
6 423241.671 423241.300 423240.800 423240.350 423232.258 423241.671 564837.902 564837.700 564837.500 564837.450 564837.902 564837.902
6 423241.671 423241.300 423240.800 423240.350 423232.258 423241.671 564837.902 564837.700 564837.500 564837.450 564837.902 564837.902
6 423241.671 423241.300 423240.800 423240.350 423232.258 423241.671 564837.902 564837.700 564837.500 564837.450 564837.902 564837.902
