12
33 423592.396 423592.500 423592.750 423593.050 423593.100 423593.200 423593.150 423593.165 423593.200 423593.250 423593.500 423594.150 423594.750 423595.400 423595.900 423596.550 423596.950 423597.400 423597.700 423598.000 423598.250 423598.650 423598.950 423599.150 423599.400 423599.800 423600.300 423600.600 423601.000 423601.700 423602.500 423602.803 423592.396 564779.001 564779.600 564780.850 564782.150 564783.200 564784.700 564785.450 564785.748 564786.450 564788.570 564788.450 564788.250 564788.050 564787.800 564787.600 564787.400 564787.200 564786.850 564786.550 564786.300 564785.850 564785.250 564784.550 564783.550 564782.950 564782.250 564781.600 564781.100 564780.600 564780.000 564779.250 564779.001 564779.001
43 423595.750 423596.950 423596.850 423596.700 423596.550 423596.350 423596.150 423595.700 423594.700 423593.850 423593.200 423592.750 423592.550 423592.500 423592.450 423592.400 423592.450 423592.450 423592.550 423592.650 423593.250 423593.200 423593.165 423593.150 423593.200 423593.100 423593.050 423592.750 423592.500 423592.396 423589.850 423589.850 423590.100 423590.050 423589.950 423590.000 423590.000 423591.750 423591.800 423591.800 423591.350 423592.700 423595.750 564801.750 564802.150 564800.900 564799.900 564799.450 564799.200 564799.050 564798.800 564798.300 564797.850 564797.550 564797.250 564796.900 564795.850 564794.400 564793.000 564791.250 564790.300 564789.500 564788.900 564788.570 564786.450 564785.748 564785.450 564784.700 564783.200 564782.150 564780.850 564779.600 564779.001 564779.001 564779.650 564780.650 564781.800 564782.700 564784.100 564785.700 564785.750 564788.900 564798.900 564799.950 564800.650 564801.750
51 423615.150 423614.200 423612.800 423611.750 423610.500 423609.150 423608.050 423607.500 423606.800 423606.250 423605.750 423605.200 423604.400 423604.050 423603.650 423603.350 423603.100 423602.800 423602.650 423602.400 423602.400 423602.450 423602.450 423602.600 423602.950 423603.500 423604.400 423605.150 423606.350 423607.050 423607.400 423607.540 423607.700 423607.600 423607.450 423607.400 423607.550 423607.550 423607.600 423607.950 423608.900 423610.150 423610.750 423611.600 423612.650 423613.650 423614.550 423615.150 423615.250 423615.150 423615.150 564779.300 564779.400 564779.600 564779.900 564780.250 564781.050 564781.800 564782.300 564782.800 564783.300 564783.850 564784.400 564785.800 564786.450 564787.350 564788.150 564789.050 564790.200 564791.350 564792.850 564796.450 564798.250 564798.750 564799.000 564799.400 564799.900 564800.400 564801.050 564801.700 564802.100 564802.650 564802.930 564800.100 564795.650 564791.000 564788.800 564788.250 564787.800 564787.450 564787.150 564786.450 564785.200 564784.450 564783.600 564782.700 564781.650 564780.700 564780.250 564779.950 564779.650 564779.300
90 423555.969 423555.969 423556.200 423556.450 423557.550 423558.650 423563.100 423566.200 423569.900 423571.400 423571.650 423571.950 423572.250 423572.600 423573.000 423573.400 423579.550 423579.830 423580.100 423580.350 423580.850 423581.600 423582.450 423583.250 423585.250 423586.350 423587.250 423587.950 423588.550 423589.200 423589.650 423590.100 423590.500 423590.850 423591.050 423591.200 423591.400 423591.550 423591.950 423592.250 423593.450 423594.950 423595.100 423595.800 423596.350 423596.750 423596.800 423596.950 423597.000 423596.950 423596.900 423596.900 423596.850 423596.950 423595.750 423592.700 423591.350 423590.900 423595.050 423595.080 423595.350 423594.706 423594.441 423590.350 423588.350 423587.850 423587.400 423586.950 423586.550 423586.250 423585.950 423585.570 423585.350 423580.200 423575.150 423571.200 423570.700 423569.800 423568.650 423567.050 423566.400 423563.120 423562.450 423562.150 423557.950 423557.500 423557.200 423556.600 423556.050 423555.969 564832.554 564834.561 564834.500 564834.450 564834.300 564834.300 564834.200 564834.050 564831.000 564829.800 564829.550 564829.350 564829.300 564829.250 564829.200 564829.200 564828.900 564829.290 564829.150 564829.050 564828.900 564828.750 564828.600 564828.450 564828.150 564827.900 564827.750 564827.650 564827.500 564827.550 564827.600 564827.750 564827.900 564828.100 564828.200 564828.300 564828.700 564828.850 564829.450 564829.840 564828.900 564827.400 564827.200 564826.150 564825.050 564823.900 564823.750 564822.600 564821.450 564820.300 564818.050 564807.300 564803.350 564802.150 564801.750 564800.650 564799.950 564801.700 564803.400 564807.700 564819.500 564824.539 564824.581 564825.230 564825.650 564825.700 564825.800 564825.850 564825.950 564826.050 564826.050 564826.140 564826.200 564827.350 564827.370 564827.390 564827.950 564828.650 564829.700 564830.900 564831.300 564831.520 564831.400 564831.250 564831.700 564832.050 564832.250 564832.550 564832.550 564832.554
46 423580.100 423579.830 423580.100 423581.300 423581.500 423581.700 423581.900 423582.150 423582.350 423582.600 423582.900 423583.200 423583.550 423584.000 423584.400 423584.650 423584.900 423585.800 423586.800 423587.800 423588.750 423589.750 423590.750 423591.800 423592.250 423591.950 423591.550 423591.400 423591.200 423591.050 423590.850 423590.500 423590.100 423589.650 423589.200 423588.550 423587.950 423587.250 423586.350 423585.250 423583.250 423582.450 423581.600 423580.850 423580.350 423580.100 564829.150 564829.290 564829.650 564832.300 564832.800 564833.100 564833.350 564833.650 564833.900 564834.150 564834.300 564834.300 564834.250 564834.200 564834.100 564834.050 564833.950 564833.600 564833.300 564832.900 564832.450 564831.900 564831.100 564830.200 564829.840 564829.450 564828.850 564828.700 564828.300 564828.200 564828.100 564827.900 564827.750 564827.600 564827.550 564827.500 564827.650 564827.750 564827.900 564828.150 564828.450 564828.600 564828.750 564828.900 564829.050 564829.150
10 423597.659 423597.150 423596.900 423596.600 423596.150 423595.650 423594.750 423594.250 423594.052 423597.659 564837.902 564837.550 564837.400 564837.300 564837.300 564837.350 564837.550 564837.800 564837.902 564837.902
108 423594.052 423594.250 423594.750 423595.650 423600.150 423600.300 423600.500 423600.650 423600.950 423601.250 423601.750 423602.600 423603.050 423603.300 423603.550 423603.900 423604.150 423604.350 423604.600 423604.750 423604.900 423605.450 423609.600 423609.450 423609.400 423609.704 423609.590 423609.550 423609.470 423609.350 423609.276 423609.200 423609.110 423609.000 423609.950 423612.150 423614.100 423614.950 423615.850 423616.600 423617.350 423620.000 423620.600 423621.600 423621.839 423618.185 423615.150 423615.150 423615.250 423615.150 423614.550 423613.650 423612.650 423611.600 423610.750 423610.150 423608.900 423607.950 423607.600 423607.550 423607.550 423607.400 423607.450 423607.600 423607.700 423607.540 423607.650 423607.800 423607.900 423608.100 423608.100 423608.000 423607.850 423607.600 423607.300 423606.950 423606.400 423605.700 423604.550 423603.600 423603.400 423603.050 423602.650 423602.550 423602.450 423602.450 423602.550 423602.500 423602.450 423602.200 423601.950 423601.600 423601.200 423600.800 423600.000 423599.250 423598.500 423597.750 423597.250 423596.450 423595.850 423595.200 423594.650 423593.700 423591.100 423590.000 423589.432 423594.052 564837.902 564837.800 564837.550 564837.350 564832.200 564831.900 564831.550 564830.950 564830.500 564829.950 564829.200 564827.850 564826.850 564826.100 564825.650 564824.800 564824.050 564823.500 564822.750 564822.250 564822.000 564821.900 564821.750 564819.650 564816.030 564812.568 564807.500 564806.500 564803.450 564799.300 564798.614 564797.900 564793.600 564788.550 564787.750 564785.750 564783.950 564783.200 564782.350 564781.700 564781.250 564780.500 564780.400 564780.400 564779.001 564779.001 564779.300 564779.650 564779.950 564780.250 564780.700 564781.650 564782.700 564783.600 564784.450 564785.200 564786.450 564787.150 564787.450 564787.800 564788.250 564788.800 564791.000 564795.650 564800.100 564802.930 564803.150 564805.000 564807.550 564809.650 564811.050 564811.650 564812.200 564812.700 564813.250 564813.600 564813.950 564814.500 564815.600 564816.350 564816.550 564817.000 564817.700 564818.200 564818.950 564820.850 564821.900 564822.650 564823.250 564823.950 564824.400 564825.600 564826.300 564827.250 564828.650 564829.950 564830.950 564831.900 564832.550 564833.450 564834.000 564834.600 564835.050 564835.750 564837.050 564837.650 564837.902 564837.902
108 423594.052 423594.250 423594.750 423595.650 423600.150 423600.300 423600.500 423600.650 423600.950 423601.250 423601.750 423602.600 423603.050 423603.300 423603.550 423603.900 423604.150 423604.350 423604.600 423604.750 423604.900 423605.450 423609.600 423609.450 423609.400 423609.704 423609.590 423609.550 423609.470 423609.350 423609.276 423609.200 423609.110 423609.000 423609.950 423612.150 423614.100 423614.950 423615.850 423616.600 423617.350 423620.000 423620.600 423621.600 423621.839 423618.185 423615.150 423615.150 423615.250 423615.150 423614.550 423613.650 423612.650 423611.600 423610.750 423610.150 423608.900 423607.950 423607.600 423607.550 423607.550 423607.400 423607.450 423607.600 423607.700 423607.540 423607.650 423607.800 423607.900 423608.100 423608.100 423608.000 423607.850 423607.600 423607.300 423606.950 423606.400 423605.700 423604.550 423603.600 423603.400 423603.050 423602.650 423602.550 423602.450 423602.450 423602.550 423602.500 423602.450 423602.200 423601.950 423601.600 423601.200 423600.800 423600.000 423599.250 423598.500 423597.750 423597.250 423596.450 423595.850 423595.200 423594.650 423593.700 423591.100 423590.000 423589.432 423594.052 564837.902 564837.800 564837.550 564837.350 564832.200 564831.900 564831.550 564830.950 564830.500 564829.950 564829.200 564827.850 564826.850 564826.100 564825.650 564824.800 564824.050 564823.500 564822.750 564822.250 564822.000 564821.900 564821.750 564819.650 564816.030 564812.568 564807.500 564806.500 564803.450 564799.300 564798.614 564797.900 564793.600 564788.550 564787.750 564785.750 564783.950 564783.200 564782.350 564781.700 564781.250 564780.500 564780.400 564780.400 564779.001 564779.001 564779.300 564779.650 564779.950 564780.250 564780.700 564781.650 564782.700 564783.600 564784.450 564785.200 564786.450 564787.150 564787.450 564787.800 564788.250 564788.800 564791.000 564795.650 564800.100 564802.930 564803.150 564805.000 564807.550 564809.650 564811.050 564811.650 564812.200 564812.700 564813.250 564813.600 564813.950 564814.500 564815.600 564816.350 564816.550 564817.000 564817.700 564818.200 564818.950 564820.850 564821.900 564822.650 564823.250 564823.950 564824.400 564825.600 564826.300 564827.250 564828.650 564829.950 564830.950 564831.900 564832.550 564833.450 564834.000 564834.600 564835.050 564835.750 564837.050 564837.650 564837.902 564837.902
108 423594.052 423594.250 423594.750 423595.650 423600.150 423600.300 423600.500 423600.650 423600.950 423601.250 423601.750 423602.600 423603.050 423603.300 423603.550 423603.900 423604.150 423604.350 423604.600 423604.750 423604.900 423605.450 423609.600 423609.450 423609.400 423609.704 423609.590 423609.550 423609.470 423609.350 423609.276 423609.200 423609.110 423609.000 423609.950 423612.150 423614.100 423614.950 423615.850 423616.600 423617.350 423620.000 423620.600 423621.600 423621.839 423618.185 423615.150 423615.150 423615.250 423615.150 423614.550 423613.650 423612.650 423611.600 423610.750 423610.150 423608.900 423607.950 423607.600 423607.550 423607.550 423607.400 423607.450 423607.600 423607.700 423607.540 423607.650 423607.800 423607.900 423608.100 423608.100 423608.000 423607.850 423607.600 423607.300 423606.950 423606.400 423605.700 423604.550 423603.600 423603.400 423603.050 423602.650 423602.550 423602.450 423602.450 423602.550 423602.500 423602.450 423602.200 423601.950 423601.600 423601.200 423600.800 423600.000 423599.250 423598.500 423597.750 423597.250 423596.450 423595.850 423595.200 423594.650 423593.700 423591.100 423590.000 423589.432 423594.052 564837.902 564837.800 564837.550 564837.350 564832.200 564831.900 564831.550 564830.950 564830.500 564829.950 564829.200 564827.850 564826.850 564826.100 564825.650 564824.800 564824.050 564823.500 564822.750 564822.250 564822.000 564821.900 564821.750 564819.650 564816.030 564812.568 564807.500 564806.500 564803.450 564799.300 564798.614 564797.900 564793.600 564788.550 564787.750 564785.750 564783.950 564783.200 564782.350 564781.700 564781.250 564780.500 564780.400 564780.400 564779.001 564779.001 564779.300 564779.650 564779.950 564780.250 564780.700 564781.650 564782.700 564783.600 564784.450 564785.200 564786.450 564787.150 564787.450 564787.800 564788.250 564788.800 564791.000 564795.650 564800.100 564802.930 564803.150 564805.000 564807.550 564809.650 564811.050 564811.650 564812.200 564812.700 564813.250 564813.600 564813.950 564814.500 564815.600 564816.350 564816.550 564817.000 564817.700 564818.200 564818.950 564820.850 564821.900 564822.650 564823.250 564823.950 564824.400 564825.600 564826.300 564827.250 564828.650 564829.950 564830.950 564831.900 564832.550 564833.450 564834.000 564834.600 564835.050 564835.750 564837.050 564837.650 564837.902 564837.902
108 423594.052 423594.250 423594.750 423595.650 423600.150 423600.300 423600.500 423600.650 423600.950 423601.250 423601.750 423602.600 423603.050 423603.300 423603.550 423603.900 423604.150 423604.350 423604.600 423604.750 423604.900 423605.450 423609.600 423609.450 423609.400 423609.704 423609.590 423609.550 423609.470 423609.350 423609.276 423609.200 423609.110 423609.000 423609.950 423612.150 423614.100 423614.950 423615.850 423616.600 423617.350 423620.000 423620.600 423621.600 423621.839 423618.185 423615.150 423615.150 423615.250 423615.150 423614.550 423613.650 423612.650 423611.600 423610.750 423610.150 423608.900 423607.950 423607.600 423607.550 423607.550 423607.400 423607.450 423607.600 423607.700 423607.540 423607.650 423607.800 423607.900 423608.100 423608.100 423608.000 423607.850 423607.600 423607.300 423606.950 423606.400 423605.700 423604.550 423603.600 423603.400 423603.050 423602.650 423602.550 423602.450 423602.450 423602.550 423602.500 423602.450 423602.200 423601.950 423601.600 423601.200 423600.800 423600.000 423599.250 423598.500 423597.750 423597.250 423596.450 423595.850 423595.200 423594.650 423593.700 423591.100 423590.000 423589.432 423594.052 564837.902 564837.800 564837.550 564837.350 564832.200 564831.900 564831.550 564830.950 564830.500 564829.950 564829.200 564827.850 564826.850 564826.100 564825.650 564824.800 564824.050 564823.500 564822.750 564822.250 564822.000 564821.900 564821.750 564819.650 564816.030 564812.568 564807.500 564806.500 564803.450 564799.300 564798.614 564797.900 564793.600 564788.550 564787.750 564785.750 564783.950 564783.200 564782.350 564781.700 564781.250 564780.500 564780.400 564780.400 564779.001 564779.001 564779.300 564779.650 564779.950 564780.250 564780.700 564781.650 564782.700 564783.600 564784.450 564785.200 564786.450 564787.150 564787.450 564787.800 564788.250 564788.800 564791.000 564795.650 564800.100 564802.930 564803.150 564805.000 564807.550 564809.650 564811.050 564811.650 564812.200 564812.700 564813.250 564813.600 564813.950 564814.500 564815.600 564816.350 564816.550 564817.000 564817.700 564818.200 564818.950 564820.850 564821.900 564822.650 564823.250 564823.950 564824.400 564825.600 564826.300 564827.250 564828.650 564829.950 564830.950 564831.900 564832.550 564833.450 564834.000 564834.600 564835.050 564835.750 564837.050 564837.650 564837.902 564837.902
22 423549.019 423549.500 423550.550 423551.050 423552.500 423552.650 423553.300 423554.150 423554.400 423555.250 423555.969 423555.969 423554.950 423554.597 423554.400 423553.100 423552.000 423551.050 423550.750 423550.241 423549.019 423549.019 564837.293 564837.400 564837.330 564837.300 564836.550 564836.450 564835.800 564835.300 564835.150 564834.750 564834.561 564832.554 564832.600 564832.568 564832.550 564832.550 564832.650 564832.700 564832.700 564832.706 564832.230 564837.293
22 423549.019 423549.500 423550.550 423551.050 423552.500 423552.650 423553.300 423554.150 423554.400 423555.250 423555.969 423555.969 423554.950 423554.597 423554.400 423553.100 423552.000 423551.050 423550.750 423550.241 423549.019 423549.019 564837.293 564837.400 564837.330 564837.300 564836.550 564836.450 564835.800 564835.300 564835.150 564834.750 564834.561 564832.554 564832.600 564832.568 564832.550 564832.550 564832.650 564832.700 564832.700 564832.706 564832.230 564837.293
