14
15 424208.061 424172.408 424172.408 424173.893 424176.080 424178.732 424180.585 424212.175 424214.546 424220.022 424220.221 424221.130 424221.611 424222.341 424208.061 564484.493 564487.464 564488.863 564488.741 564490.740 564490.532 564488.192 564485.719 564487.757 564487.357 564487.342 564487.030 564486.729 564485.893 564484.493
10 424239.106 424238.395 424237.750 424237.581 424237.934 424238.380 424238.652 424239.258 424239.552 424239.106 564490.909 564490.777 564491.164 564491.866 564492.531 564492.853 564492.477 564491.639 564491.232 564490.909
11 424238.652 424238.380 424240.035 424240.478 424240.649 424241.821 424241.707 424241.567 424239.552 424239.258 424238.652 564492.477 564492.853 564494.050 564494.370 564494.493 564492.872 564492.790 564492.689 564491.232 564491.639 564492.477
10 424241.821 424240.649 424241.095 424241.836 424242.201 424242.451 424242.509 424242.616 424242.267 424241.821 564492.872 564494.493 564494.815 564494.942 564494.716 564494.562 564494.302 564493.827 564493.194 564492.872
7 424258.608 424257.950 424247.600 424251.510 424258.260 424261.464 424258.608 564498.953 564500.000 564514.530 564516.800 564505.100 564500.340 564498.953
128 424216.110 424223.460 424225.890 424228.230 424234.490 424234.780 424234.930 424235.070 424235.210 424235.330 424235.440 424235.530 424235.620 424235.700 424235.760 424235.820 424235.860 424235.910 424235.920 424235.910 424235.900 424235.870 424235.840 424235.790 424235.730 424235.650 424235.620 424235.570 424235.480 424235.370 424235.250 424235.120 424234.980 424234.830 424234.670 424234.510 424234.330 424234.150 424233.950 424233.750 424233.550 424233.330 424233.110 424232.880 424232.650 424232.410 424232.170 424231.920 424231.670 424231.420 424230.920 424230.620 424230.320 424230.020 424229.720 424229.410 424229.100 424228.790 424228.490 424228.180 424227.870 424227.560 424221.280 424172.408 424172.408 424185.042 424185.154 424188.281 424188.191 424195.330 424223.610 424228.740 424230.776 424232.153 424233.303 424233.525 424234.192 424234.644 424231.361 424229.860 424213.290 424196.800 424196.570 424197.170 424197.440 424197.630 424197.880 424198.140 424198.400 424198.670 424198.800 424198.940 424199.220 424199.500 424199.780 424200.070 424200.480 424200.770 424201.060 424201.350 424201.650 424201.940 424202.230 424202.520 424202.810 424203.100 424203.390 424203.680 424204.090 424204.480 424204.870 424205.250 424205.620 424205.990 424206.350 424206.700 424207.040 424207.620 424207.940 424208.240 424208.520 424208.800 424209.060 424209.310 424209.420 424209.550 424211.940 424216.110 564522.760 564516.470 564514.310 564512.200 564506.220 564505.810 564505.560 564505.320 564505.060 564504.800 564504.540 564504.270 564504.000 564503.720 564503.440 564503.160 564502.880 564502.350 564502.070 564501.780 564501.500 564501.210 564500.930 564500.650 564500.370 564500.090 564500.000 564499.820 564499.550 564499.280 564499.020 564498.770 564498.520 564498.280 564498.060 564497.840 564497.630 564497.430 564497.240 564497.060 564496.880 564496.710 564496.550 564496.390 564496.250 564496.110 564495.980 564495.860 564495.750 564495.650 564495.480 564495.390 564495.320 564495.260 564495.210 564495.180 564495.160 564495.150 564495.150 564495.170 564495.190 564495.230 564495.860 564499.775 564501.794 564500.850 564502.346 564502.112 564500.626 564500.000 564497.520 564497.070 564497.393 564498.163 564499.245 564499.529 564500.664 564502.050 564505.485 564506.650 564519.515 564532.320 564532.420 564533.530 564533.720 564533.840 564534.000 564534.140 564534.270 564534.390 564534.440 564534.500 564534.600 564534.680 564534.760 564534.820 564534.880 564534.910 564534.930 564534.930 564534.920 564534.900 564534.870 564534.830 564534.790 564534.730 564534.670 564534.600 564534.490 564534.360 564534.230 564534.070 564533.900 564533.710 564533.510 564533.300 564533.070 564532.630 564532.360 564532.080 564531.790 564531.490 564531.180 564530.850 564530.700 564530.520 564526.600 564522.760
22 424251.209 424247.970 424242.967 424241.240 424239.640 424234.180 424228.810 424224.710 424221.050 424212.940 424208.520 424211.584 424214.370 424222.120 424225.360 424229.720 424234.900 424240.320 424244.077 424251.361 424252.272 424251.209 564495.359 564500.000 564507.173 564509.650 564511.950 564519.280 564525.500 564529.730 564533.210 564540.170 564543.395 564543.395 564541.230 564534.270 564531.020 564526.250 564519.760 564512.300 564507.172 564497.108 564495.875 564495.359
22 424251.209 424247.970 424242.967 424241.240 424239.640 424234.180 424228.810 424224.710 424221.050 424212.940 424208.520 424211.584 424214.370 424222.120 424225.360 424229.720 424234.900 424240.320 424244.077 424251.361 424252.272 424251.209 564495.359 564500.000 564507.173 564509.650 564511.950 564519.280 564525.500 564529.730 564533.210 564540.170 564543.395 564543.395 564541.230 564534.270 564531.020 564526.250 564519.760 564512.300 564507.172 564497.108 564495.875 564495.359
44 424179.435 424192.490 424192.540 424192.600 424192.650 424192.700 424192.750 424192.800 424192.850 424192.900 424192.940 424192.990 424193.030 424193.080 424193.120 424193.150 424193.190 424193.230 424193.260 424193.310 424193.340 424193.360 424193.390 424193.410 424193.430 424193.440 424193.460 424193.470 424193.480 424193.480 424193.490 424193.490 424193.490 424193.490 424193.480 424193.480 424193.460 424192.970 424188.780 424179.570 424174.600 424175.000 424174.222 424179.435 564543.395 564537.360 564537.350 564537.330 564537.310 564537.290 564537.260 564537.240 564537.210 564537.180 564537.150 564537.110 564537.080 564537.040 564537.000 564536.960 564536.920 564536.880 564536.830 564536.750 564536.700 564536.650 564536.600 564536.550 564536.490 564536.440 564536.390 564536.330 564536.280 564536.220 564536.170 564536.110 564536.050 564536.000 564535.940 564535.890 564535.790 564534.000 564535.830 564539.850 564542.050 564543.050 564543.395 564543.395
44 424179.435 424192.490 424192.540 424192.600 424192.650 424192.700 424192.750 424192.800 424192.850 424192.900 424192.940 424192.990 424193.030 424193.080 424193.120 424193.150 424193.190 424193.230 424193.260 424193.310 424193.340 424193.360 424193.390 424193.410 424193.430 424193.440 424193.460 424193.470 424193.480 424193.480 424193.490 424193.490 424193.490 424193.490 424193.480 424193.480 424193.460 424192.970 424188.780 424179.570 424174.600 424175.000 424174.222 424179.435 564543.395 564537.360 564537.350 564537.330 564537.310 564537.290 564537.260 564537.240 564537.210 564537.180 564537.150 564537.110 564537.080 564537.040 564537.000 564536.960 564536.920 564536.880 564536.830 564536.750 564536.700 564536.650 564536.600 564536.550 564536.490 564536.440 564536.390 564536.330 564536.280 564536.220 564536.170 564536.110 564536.050 564536.000 564535.940 564535.890 564535.790 564534.000 564535.830 564539.850 564542.050 564543.050 564543.395 564543.395
4 424196.818 424196.390 424195.012 424196.818 564543.395 564542.640 564543.395 564543.395
4 424196.818 424196.390 424195.012 424196.818 564543.395 564542.640 564543.395 564543.395
13 424229.321 424232.650 424237.660 424247.510 424242.920 424240.650 424238.050 424235.350 424232.050 424228.550 424224.850 424223.481 424229.321 564543.395 564537.820 564540.810 564523.730 564521.070 564524.250 564527.700 564531.000 564534.800 564538.500 564542.150 564543.395 564543.395
13 424229.321 424232.650 424237.660 424247.510 424242.920 424240.650 424238.050 424235.350 424232.050 424228.550 424224.850 424223.481 424229.321 564543.395 564537.820 564540.810 564523.730 564521.070 564524.250 564527.700 564531.000 564534.800 564538.500 564542.150 564543.395 564543.395
