18
16 423620.032 423618.250 423594.200 423576.000 423565.186 423568.556 423571.400 423592.272 423594.850 423598.488 423604.810 423613.931 423617.844 423621.150 423624.197 423620.032 565014.607 565016.550 565042.500 565061.850 565073.508 565073.508 565070.450 565048.554 565045.850 565041.982 565035.260 565025.612 565021.473 565017.900 565014.607 565014.607
16 423620.032 423618.250 423594.200 423576.000 423565.186 423568.556 423571.400 423592.272 423594.850 423598.488 423604.810 423613.931 423617.844 423621.150 423624.197 423620.032 565014.607 565016.550 565042.500 565061.850 565073.508 565073.508 565070.450 565048.554 565045.850 565041.982 565035.260 565025.612 565021.473 565017.900 565014.607 565014.607
16 423620.032 423618.250 423594.200 423576.000 423565.186 423568.556 423571.400 423592.272 423594.850 423598.488 423604.810 423613.931 423617.844 423621.150 423624.197 423620.032 565014.607 565016.550 565042.500 565061.850 565073.508 565073.508 565070.450 565048.554 565045.850 565041.982 565035.260 565025.612 565021.473 565017.900 565014.607 565014.607
16 423620.032 423618.250 423594.200 423576.000 423565.186 423568.556 423571.400 423592.272 423594.850 423598.488 423604.810 423613.931 423617.844 423621.150 423624.197 423620.032 565014.607 565016.550 565042.500 565061.850 565073.508 565073.508 565070.450 565048.554 565045.850 565041.982 565035.260 565025.612 565021.473 565017.900 565014.607 565014.607
16 423620.032 423618.250 423594.200 423576.000 423565.186 423568.556 423571.400 423592.272 423594.850 423598.488 423604.810 423613.931 423617.844 423621.150 423624.197 423620.032 565014.607 565016.550 565042.500 565061.850 565073.508 565073.508 565070.450 565048.554 565045.850 565041.982 565035.260 565025.612 565021.473 565017.900 565014.607 565014.607
18 423555.969 423555.969 423557.686 423558.002 423558.586 423556.312 423555.969 423555.969 423586.090 423588.400 423595.900 423601.571 423597.932 423591.973 423591.100 423587.640 423580.750 423555.969 565056.206 565057.561 565055.825 565056.138 565056.715 565059.014 565058.675 565060.270 565030.090 565027.650 565020.350 565014.607 565014.607 565020.680 565020.150 565023.920 565031.750 565056.206
18 423555.969 423555.969 423557.686 423558.002 423558.586 423556.312 423555.969 423555.969 423586.090 423588.400 423595.900 423601.571 423597.932 423591.973 423591.100 423587.640 423580.750 423555.969 565056.206 565057.561 565055.825 565056.138 565056.715 565059.014 565058.675 565060.270 565030.090 565027.650 565020.350 565014.607 565014.607 565020.680 565020.150 565023.920 565031.750 565056.206
18 423555.969 423555.969 423557.686 423558.002 423558.586 423556.312 423555.969 423555.969 423586.090 423588.400 423595.900 423601.571 423597.932 423591.973 423591.100 423587.640 423580.750 423555.969 565056.206 565057.561 565055.825 565056.138 565056.715 565059.014 565058.675 565060.270 565030.090 565027.650 565020.350 565014.607 565014.607 565020.680 565020.150 565023.920 565031.750 565056.206
20 423638.074 423636.974 423623.775 423622.450 423622.550 423622.650 423622.750 423622.850 423623.150 423623.300 423623.400 423623.950 423624.250 423624.550 423625.000 423625.150 423625.300 423625.450 423638.074 423638.074 565047.719 565048.667 565059.596 565060.750 565060.800 565060.950 565061.000 565061.100 565061.250 565061.300 565061.350 565061.350 565061.250 565061.200 565061.050 565060.950 565060.900 565060.800 565049.759 565047.719
20 423638.074 423636.974 423623.775 423622.450 423622.550 423622.650 423622.750 423622.850 423623.150 423623.300 423623.400 423623.950 423624.250 423624.550 423625.000 423625.150 423625.300 423625.450 423638.074 423638.074 565047.719 565048.667 565059.596 565060.750 565060.800 565060.950 565061.000 565061.100 565061.250 565061.300 565061.350 565061.350 565061.250 565061.200 565061.050 565060.950 565060.900 565060.800 565049.759 565047.719
24 423638.074 423627.450 423626.850 423626.700 423626.500 423626.450 423626.250 423626.050 423625.700 423625.600 423625.550 423625.500 423625.400 423625.350 423625.300 423625.200 423625.150 423625.100 423625.100 423625.000 423625.000 423636.423 423638.074 423638.074 565059.108 565068.200 565068.800 565069.050 565069.250 565069.350 565069.650 565069.900 565070.600 565070.750 565070.850 565071.000 565071.150 565071.250 565071.400 565071.550 565071.650 565071.800 565071.950 565072.250 565072.800 565063.173 565061.753 565059.108
24 423638.074 423627.450 423626.850 423626.700 423626.500 423626.450 423626.250 423626.050 423625.700 423625.600 423625.550 423625.500 423625.400 423625.350 423625.300 423625.200 423625.150 423625.100 423625.100 423625.000 423625.000 423636.423 423638.074 423638.074 565059.108 565068.200 565068.800 565069.050 565069.250 565069.350 565069.650 565069.900 565070.600 565070.750 565070.850 565071.000 565071.150 565071.250 565071.400 565071.550 565071.650 565071.800 565071.950 565072.250 565072.800 565063.173 565061.753 565059.108
10 423638.074 423636.423 423625.000 423625.050 423625.050 423625.092 423626.720 423637.493 423638.074 423638.074 565061.753 565063.173 565072.800 565073.050 565073.300 565073.508 565073.508 565064.429 565063.929 565061.753
10 423638.074 423636.423 423625.000 423625.050 423625.050 423625.092 423626.720 423637.493 423638.074 423638.074 565061.753 565063.173 565072.800 565073.050 565073.300 565073.508 565073.508 565064.429 565063.929 565061.753
8 423612.230 423613.500 423616.130 423616.443 423616.629 423616.688 423616.411 423612.230 565069.650 565071.100 565068.605 565068.073 565067.515 565066.903 565066.009 565069.650
7 423610.892 423611.250 423611.350 423613.500 423612.230 423607.883 423610.892 565073.508 565073.150 565073.000 565071.100 565069.650 565073.508 565073.508
11 423549.019 423555.410 423555.969 423555.969 423555.714 423555.412 423555.969 423555.969 423553.330 423549.019 423549.019 565067.389 565060.830 565060.270 565058.675 565058.423 565058.124 565057.561 565056.206 565058.810 565063.234 565067.389
11 423549.019 423555.410 423555.969 423555.969 423555.714 423555.412 423555.969 423555.969 423553.330 423549.019 423549.019 565067.389 565060.830 565060.270 565058.675 565058.423 565058.124 565057.561 565056.206 565058.810 565063.234 565067.389
