15
16 423227.697 423229.889 423229.650 423230.100 423230.700 423230.300 423228.300 423227.900 423226.631 423224.330 423224.560 423225.200 423225.810 423226.400 423227.080 423227.697 564697.751 564697.751 564695.150 564690.200 564684.600 564681.500 564679.300 564675.900 564661.198 564661.198 564663.600 564670.400 564677.450 564684.350 564691.400 564697.751
16 423227.697 423229.889 423229.650 423230.100 423230.700 423230.300 423228.300 423227.900 423226.631 423224.330 423224.560 423225.200 423225.810 423226.400 423227.080 423227.697 564697.751 564697.751 564695.150 564690.200 564684.600 564681.500 564679.300 564675.900 564661.198 564661.198 564663.600 564670.400 564677.450 564684.350 564691.400 564697.751
23 423237.651 423238.212 423240.278 423239.760 423239.110 423238.450 423237.810 423237.150 423236.852 423234.578 423234.750 423236.000 423236.526 423235.187 423235.578 423236.747 423236.139 423236.001 423235.863 423235.601 423236.194 423236.851 423237.651 564692.095 564697.751 564697.751 564692.250 564685.240 564678.200 564671.450 564664.400 564661.198 564661.198 564663.000 564676.550 564682.008 564693.437 564697.751 564697.751 564697.216 564697.095 564695.988 564693.895 564693.064 564692.145 564692.095
23 423237.651 423238.212 423240.278 423239.760 423239.110 423238.450 423237.810 423237.150 423236.852 423234.578 423234.750 423236.000 423236.526 423235.187 423235.578 423236.747 423236.139 423236.001 423235.863 423235.601 423236.194 423236.851 423237.651 564692.095 564697.751 564697.751 564692.250 564685.240 564678.200 564671.450 564664.400 564661.198 564661.198 564663.000 564676.550 564682.008 564693.437 564697.751 564697.751 564697.216 564697.095 564695.988 564693.895 564693.064 564692.145 564692.095
10 423281.852 423281.750 423281.564 423279.456 423279.900 423280.520 423281.150 423281.760 423281.852 423281.852 564664.624 564663.350 564661.198 564661.198 564665.950 564673.050 564680.150 564687.110 564688.168 564664.624
10 423281.852 423281.750 423281.564 423279.456 423279.900 423280.520 423281.150 423281.760 423281.852 423281.852 564664.624 564663.350 564661.198 564661.198 564665.950 564673.050 564680.150 564687.110 564688.168 564664.624
7 423227.900 423228.450 423229.300 423230.150 423229.950 423228.800 423227.900 564680.450 564686.050 564685.850 564684.050 564681.650 564680.450 564680.450
10 423236.747 423238.212 423237.651 423236.851 423236.194 423235.601 423235.863 423236.001 423236.139 423236.747 564697.751 564697.751 564692.095 564692.145 564693.064 564693.895 564695.988 564697.095 564697.216 564697.751
10 423236.747 423238.212 423237.651 423236.851 423236.194 423235.601 423235.863 423236.001 423236.139 423236.747 564697.751 564697.751 564692.095 564692.145 564693.064 564693.895 564695.988 564697.095 564697.216 564697.751
6 423238.212 423236.747 423237.251 423238.188 423238.251 423238.212 564697.751 564697.751 564698.195 564698.148 564698.145 564697.751
6 423238.212 423236.747 423237.251 423238.188 423238.251 423238.212 564697.751 564697.751 564698.195 564698.148 564698.145 564697.751
19 423237.251 423236.747 423235.578 423235.642 423238.165 423238.362 423238.500 423239.750 423239.908 423242.314 423241.650 423241.060 423240.410 423240.400 423240.278 423238.212 423238.251 423238.188 423237.251 564698.195 564697.751 564697.751 564698.461 564699.745 564701.809 564703.250 564718.300 564720.099 564720.099 564712.950 564706.350 564699.210 564699.050 564697.751 564697.751 564698.145 564698.148 564698.195
19 423237.251 423236.747 423235.578 423235.642 423238.165 423238.362 423238.500 423239.750 423239.908 423242.314 423241.650 423241.060 423240.410 423240.400 423240.278 423238.212 423238.251 423238.188 423237.251 564698.195 564697.751 564697.751 564698.461 564699.745 564701.809 564703.250 564718.300 564720.099 564720.099 564712.950 564706.350 564699.210 564699.050 564697.751 564697.751 564698.145 564698.148 564698.195
9 423229.889 423227.697 423227.750 423228.370 423228.950 423229.580 423229.674 423231.940 423229.889 564697.751 564697.751 564698.300 564705.350 564712.000 564719.050 564720.099 564720.099 564697.751
9 423229.889 423227.697 423227.750 423228.370 423228.950 423229.580 423229.674 423231.940 423229.889 564697.751 564697.751 564698.300 564705.350 564712.000 564719.050 564720.099 564720.099 564697.751
