11
7 423816.186 423819.800 423822.123 423816.757 423816.500 423816.186 423816.186 564840.835 564839.050 564837.902 564837.902 564838.050 564838.177 564840.835
83 423828.633 423830.340 423830.380 423830.430 423830.460 423830.500 423830.530 423830.560 423830.590 423830.610 423830.640 423830.650 423830.670 423830.680 423830.690 423830.700 423830.700 423830.700 423830.690 423830.680 423830.670 423830.650 423830.630 423830.610 423830.590 423830.560 423830.530 423830.490 423830.460 423830.420 423830.370 423830.330 423830.280 423830.230 423830.180 423830.130 423830.070 423830.010 423829.920 423822.160 423818.450 423816.300 423816.186 423816.186 423816.940 423818.220 423824.770 423829.620 423831.170 423831.440 423831.610 423831.770 423831.920 423832.070 423832.210 423832.340 423832.460 423832.580 423832.680 423832.780 423832.870 423832.960 423833.030 423833.090 423833.150 423833.190 423833.240 423833.250 423833.260 423833.250 423833.230 423833.210 423833.170 423833.130 423833.080 423833.020 423832.960 423832.890 423832.810 423832.730 423832.650 423832.558 423828.633 564837.902 564840.610 564840.670 564840.740 564840.800 564840.870 564840.940 564841.010 564841.080 564841.150 564841.220 564841.300 564841.370 564841.440 564841.520 564841.600 564841.670 564841.750 564841.870 564841.950 564842.020 564842.090 564842.170 564842.240 564842.310 564842.380 564842.450 564842.520 564842.590 564842.650 564842.710 564842.780 564842.840 564842.890 564842.950 564843.000 564843.050 564843.100 564843.170 564850.150 564853.150 564855.150 564855.255 564859.419 564858.760 564857.640 564851.480 564846.610 564845.050 564844.820 564844.660 564844.490 564844.320 564844.140 564843.960 564843.770 564843.570 564843.370 564843.170 564842.960 564842.750 564842.530 564842.310 564842.090 564841.870 564841.640 564841.260 564841.030 564840.800 564840.570 564840.340 564840.110 564839.890 564839.660 564839.430 564839.210 564838.980 564838.760 564838.540 564838.330 564838.110 564837.902 564837.902
7 423816.186 423819.800 423822.123 423816.757 423816.500 423816.186 423816.186 564840.835 564839.050 564837.902 564837.902 564838.050 564838.177 564840.835
83 423828.633 423830.340 423830.380 423830.430 423830.460 423830.500 423830.530 423830.560 423830.590 423830.610 423830.640 423830.650 423830.670 423830.680 423830.690 423830.700 423830.700 423830.700 423830.690 423830.680 423830.670 423830.650 423830.630 423830.610 423830.590 423830.560 423830.530 423830.490 423830.460 423830.420 423830.370 423830.330 423830.280 423830.230 423830.180 423830.130 423830.070 423830.010 423829.920 423822.160 423818.450 423816.300 423816.186 423816.186 423816.940 423818.220 423824.770 423829.620 423831.170 423831.440 423831.610 423831.770 423831.920 423832.070 423832.210 423832.340 423832.460 423832.580 423832.680 423832.780 423832.870 423832.960 423833.030 423833.090 423833.150 423833.190 423833.240 423833.250 423833.260 423833.250 423833.230 423833.210 423833.170 423833.130 423833.080 423833.020 423832.960 423832.890 423832.810 423832.730 423832.650 423832.558 423828.633 564837.902 564840.610 564840.670 564840.740 564840.800 564840.870 564840.940 564841.010 564841.080 564841.150 564841.220 564841.300 564841.370 564841.440 564841.520 564841.600 564841.670 564841.750 564841.870 564841.950 564842.020 564842.090 564842.170 564842.240 564842.310 564842.380 564842.450 564842.520 564842.590 564842.650 564842.710 564842.780 564842.840 564842.890 564842.950 564843.000 564843.050 564843.100 564843.170 564850.150 564853.150 564855.150 564855.255 564859.419 564858.760 564857.640 564851.480 564846.610 564845.050 564844.820 564844.660 564844.490 564844.320 564844.140 564843.960 564843.770 564843.570 564843.370 564843.170 564842.960 564842.750 564842.530 564842.310 564842.090 564841.870 564841.640 564841.260 564841.030 564840.800 564840.570 564840.340 564840.110 564839.890 564839.660 564839.430 564839.210 564838.980 564838.760 564838.540 564838.330 564838.110 564837.902 564837.902
7 423816.186 423819.800 423822.123 423816.757 423816.500 423816.186 423816.186 564840.835 564839.050 564837.902 564837.902 564838.050 564838.177 564840.835
83 423828.633 423830.340 423830.380 423830.430 423830.460 423830.500 423830.530 423830.560 423830.590 423830.610 423830.640 423830.650 423830.670 423830.680 423830.690 423830.700 423830.700 423830.700 423830.690 423830.680 423830.670 423830.650 423830.630 423830.610 423830.590 423830.560 423830.530 423830.490 423830.460 423830.420 423830.370 423830.330 423830.280 423830.230 423830.180 423830.130 423830.070 423830.010 423829.920 423822.160 423818.450 423816.300 423816.186 423816.186 423816.940 423818.220 423824.770 423829.620 423831.170 423831.440 423831.610 423831.770 423831.920 423832.070 423832.210 423832.340 423832.460 423832.580 423832.680 423832.780 423832.870 423832.960 423833.030 423833.090 423833.150 423833.190 423833.240 423833.250 423833.260 423833.250 423833.230 423833.210 423833.170 423833.130 423833.080 423833.020 423832.960 423832.890 423832.810 423832.730 423832.650 423832.558 423828.633 564837.902 564840.610 564840.670 564840.740 564840.800 564840.870 564840.940 564841.010 564841.080 564841.150 564841.220 564841.300 564841.370 564841.440 564841.520 564841.600 564841.670 564841.750 564841.870 564841.950 564842.020 564842.090 564842.170 564842.240 564842.310 564842.380 564842.450 564842.520 564842.590 564842.650 564842.710 564842.780 564842.840 564842.890 564842.950 564843.000 564843.050 564843.100 564843.170 564850.150 564853.150 564855.150 564855.255 564859.419 564858.760 564857.640 564851.480 564846.610 564845.050 564844.820 564844.660 564844.490 564844.320 564844.140 564843.960 564843.770 564843.570 564843.370 564843.170 564842.960 564842.750 564842.530 564842.310 564842.090 564841.870 564841.640 564841.260 564841.030 564840.800 564840.570 564840.340 564840.110 564839.890 564839.660 564839.430 564839.210 564838.980 564838.760 564838.540 564838.330 564838.110 564837.902 564837.902
42 423856.770 423849.810 423840.030 423825.860 423825.210 423816.186 423816.186 423816.900 423818.200 423819.650 423821.100 423822.550 423823.850 423825.200 423826.300 423827.950 423831.050 423832.400 423833.450 423835.000 423836.000 423836.950 423837.750 423838.650 423839.650 423840.550 423841.300 423842.350 423843.500 423844.800 423845.400 423846.300 423846.850 423847.550 423848.650 423851.600 423853.250 423854.950 423857.000 423859.830 423861.192 423856.770 564837.902 564845.170 564854.820 564868.210 564868.820 564876.595 564880.350 564879.750 564878.700 564877.450 564876.250 564874.950 564873.950 564872.800 564871.800 564870.450 564867.600 564866.450 564865.500 564864.000 564863.300 564862.400 564861.600 564860.650 564859.850 564859.150 564858.350 564857.300 564856.350 564855.150 564854.550 564853.750 564853.150 564852.600 564851.250 564848.300 564846.450 564844.800 564842.650 564839.420 564837.902 564837.902
42 423856.770 423849.810 423840.030 423825.860 423825.210 423816.186 423816.186 423816.900 423818.200 423819.650 423821.100 423822.550 423823.850 423825.200 423826.300 423827.950 423831.050 423832.400 423833.450 423835.000 423836.000 423836.950 423837.750 423838.650 423839.650 423840.550 423841.300 423842.350 423843.500 423844.800 423845.400 423846.300 423846.850 423847.550 423848.650 423851.600 423853.250 423854.950 423857.000 423859.830 423861.192 423856.770 564837.902 564845.170 564854.820 564868.210 564868.820 564876.595 564880.350 564879.750 564878.700 564877.450 564876.250 564874.950 564873.950 564872.800 564871.800 564870.450 564867.600 564866.450 564865.500 564864.000 564863.300 564862.400 564861.600 564860.650 564859.850 564859.150 564858.350 564857.300 564856.350 564855.150 564854.550 564853.750 564853.150 564852.600 564851.250 564848.300 564846.450 564844.800 564842.650 564839.420 564837.902 564837.902
42 423856.770 423849.810 423840.030 423825.860 423825.210 423816.186 423816.186 423816.900 423818.200 423819.650 423821.100 423822.550 423823.850 423825.200 423826.300 423827.950 423831.050 423832.400 423833.450 423835.000 423836.000 423836.950 423837.750 423838.650 423839.650 423840.550 423841.300 423842.350 423843.500 423844.800 423845.400 423846.300 423846.850 423847.550 423848.650 423851.600 423853.250 423854.950 423857.000 423859.830 423861.192 423856.770 564837.902 564845.170 564854.820 564868.210 564868.820 564876.595 564880.350 564879.750 564878.700 564877.450 564876.250 564874.950 564873.950 564872.800 564871.800 564870.450 564867.600 564866.450 564865.500 564864.000 564863.300 564862.400 564861.600 564860.650 564859.850 564859.150 564858.350 564857.300 564856.350 564855.150 564854.550 564853.750 564853.150 564852.600 564851.250 564848.300 564846.450 564844.800 564842.650 564839.420 564837.902 564837.902
42 423856.770 423849.810 423840.030 423825.860 423825.210 423816.186 423816.186 423816.900 423818.200 423819.650 423821.100 423822.550 423823.850 423825.200 423826.300 423827.950 423831.050 423832.400 423833.450 423835.000 423836.000 423836.950 423837.750 423838.650 423839.650 423840.550 423841.300 423842.350 423843.500 423844.800 423845.400 423846.300 423846.850 423847.550 423848.650 423851.600 423853.250 423854.950 423857.000 423859.830 423861.192 423856.770 564837.902 564845.170 564854.820 564868.210 564868.820 564876.595 564880.350 564879.750 564878.700 564877.450 564876.250 564874.950 564873.950 564872.800 564871.800 564870.450 564867.600 564866.450 564865.500 564864.000 564863.300 564862.400 564861.600 564860.650 564859.850 564859.150 564858.350 564857.300 564856.350 564855.150 564854.550 564853.750 564853.150 564852.600 564851.250 564848.300 564846.450 564844.800 564842.650 564839.420 564837.902 564837.902
42 423856.770 423849.810 423840.030 423825.860 423825.210 423816.186 423816.186 423816.900 423818.200 423819.650 423821.100 423822.550 423823.850 423825.200 423826.300 423827.950 423831.050 423832.400 423833.450 423835.000 423836.000 423836.950 423837.750 423838.650 423839.650 423840.550 423841.300 423842.350 423843.500 423844.800 423845.400 423846.300 423846.850 423847.550 423848.650 423851.600 423853.250 423854.950 423857.000 423859.830 423861.192 423856.770 564837.902 564845.170 564854.820 564868.210 564868.820 564876.595 564880.350 564879.750 564878.700 564877.450 564876.250 564874.950 564873.950 564872.800 564871.800 564870.450 564867.600 564866.450 564865.500 564864.000 564863.300 564862.400 564861.600 564860.650 564859.850 564859.150 564858.350 564857.300 564856.350 564855.150 564854.550 564853.750 564853.150 564852.600 564851.250 564848.300 564846.450 564844.800 564842.650 564839.420 564837.902 564837.902
