9
11 423480.100 423481.470 423482.740 423489.680 423495.736 423492.188 423487.310 423483.920 423482.848 423482.120 423480.100 565150.050 565153.130 565151.260 565140.990 565132.410 565132.410 565139.320 565144.440 565146.019 565147.090 565150.050
11 423480.100 423481.470 423482.740 423489.680 423495.736 423492.188 423487.310 423483.920 423482.848 423482.120 423480.100 565150.050 565153.130 565151.260 565140.990 565132.410 565132.410 565139.320 565144.440 565146.019 565147.090 565150.050
68 423504.115 423500.000 423494.920 423494.910 423494.890 423494.880 423494.880 423494.870 423494.870 423494.860 423494.860 423494.860 423494.860 423494.870 423494.870 423494.880 423494.890 423494.900 423494.910 423494.920 423494.930 423494.950 423494.970 423494.980 423495.000 423495.030 423495.050 423495.070 423495.100 423495.130 423495.160 423495.190 423495.220 423495.250 423495.290 423495.320 423495.350 423495.390 423495.430 423495.460 423495.500 423495.540 423495.580 423495.610 423495.650 423495.690 423495.730 423495.770 423495.810 423495.850 423495.890 423495.930 423495.960 423496.000 423496.040 423496.080 423496.110 423496.150 423496.180 423496.220 423496.250 423496.290 423496.320 423496.350 423496.380 423500.000 423507.365 423504.115 565132.410 565138.180 565145.300 565145.340 565145.370 565145.410 565145.450 565145.490 565145.530 565145.570 565145.600 565145.640 565145.680 565145.720 565145.760 565145.800 565145.840 565145.880 565145.910 565145.950 565145.990 565146.020 565146.060 565146.090 565146.130 565146.160 565146.190 565146.220 565146.250 565146.280 565146.310 565146.340 565146.360 565146.380 565146.400 565146.420 565146.440 565146.450 565146.470 565146.480 565146.490 565146.500 565146.510 565146.520 565146.520 565146.530 565146.530 565146.530 565146.530 565146.530 565146.520 565146.520 565146.510 565146.500 565146.490 565146.480 565146.460 565146.450 565146.430 565146.420 565146.400 565146.370 565146.350 565146.330 565146.300 565141.720 565132.410 565132.410
8 423521.144 423524.145 423528.280 423532.688 423530.697 423529.093 423527.987 423521.144 565132.410 565141.866 565141.974 565136.495 565133.650 565132.916 565132.410 565132.410
7 423518.506 423513.677 423517.974 423520.383 423520.550 423519.827 423518.506 565135.629 565141.779 565142.085 565142.154 565142.162 565139.384 565135.629
18 423474.480 423479.200 423491.550 423495.600 423498.450 423500.000 423510.942 423513.677 423518.506 423521.034 423517.310 423502.800 423500.000 423499.070 423493.910 423473.430 423470.846 423474.480 565191.311 565185.400 565169.800 565164.750 565161.300 565159.200 565145.263 565141.779 565135.629 565132.410 565132.410 565150.870 565154.440 565155.620 565162.190 565188.090 565191.311 565191.311
18 423474.480 423479.200 423491.550 423495.600 423498.450 423500.000 423510.942 423513.677 423518.506 423521.034 423517.310 423502.800 423500.000 423499.070 423493.910 423473.430 423470.846 423474.480 565191.311 565185.400 565169.800 565164.750 565161.300 565159.200 565145.263 565141.779 565135.629 565132.410 565132.410 565150.870 565154.440 565155.620 565162.190 565188.090 565191.311 565191.311
14 423459.963 423466.090 423472.260 423479.330 423481.470 423480.100 423479.249 423478.790 423477.470 423477.150 423472.730 423463.930 423459.963 423459.963 565169.482 565162.520 565158.190 565153.540 565153.130 565150.050 565150.401 565150.590 565151.140 565151.350 565154.170 565160.460 565164.993 565169.482
10 423466.090 423459.963 423459.963 423461.150 423466.710 423473.750 423481.470 423479.330 423472.260 423466.090 565162.520 565169.482 565182.956 565181.450 565174.070 565164.410 565153.130 565153.540 565158.190 565162.520
