25
64 423387.321 423387.040 423386.700 423386.400 423385.800 423385.500 423385.100 423384.400 423384.050 423383.700 423383.400 423382.950 423382.650 423382.150 423379.229 423374.299 423381.960 423382.610 423383.060 423383.510 423384.060 423384.520 423385.000 423385.480 423388.024 423389.810 423390.460 423390.960 423391.470 423391.970 423392.460 423392.950 423393.440 423393.960 423394.430 423394.890 423395.340 423395.790 423396.220 423396.650 423397.410 423397.820 423398.220 423398.600 423398.990 423399.380 423401.608 423397.402 423396.285 423396.001 423395.704 423395.395 423395.074 423394.741 423394.180 423393.820 423393.450 423393.072 423392.685 423392.291 423391.465 423389.660 423390.158 423387.321 565250.213 565252.730 565252.950 565253.150 565253.450 565253.550 565253.600 565253.600 565253.550 565253.450 565253.300 565253.050 565252.850 565252.350 565250.213 565250.213 565255.320 565255.690 565255.910 565256.110 565256.330 565256.490 565256.630 565256.750 565257.020 565257.210 565257.180 565257.130 565257.060 565256.980 565256.870 565256.740 565256.590 565256.410 565256.220 565256.010 565255.780 565255.530 565255.270 565254.990 565254.410 565254.050 565253.670 565253.290 565252.900 565252.520 565250.213 565250.213 565251.400 565251.725 565252.037 565252.338 565252.625 565252.899 565253.313 565253.550 565253.772 565253.978 565254.169 565254.344 565254.662 565252.900 565250.213 565250.213
64 423387.321 423387.040 423386.700 423386.400 423385.800 423385.500 423385.100 423384.400 423384.050 423383.700 423383.400 423382.950 423382.650 423382.150 423379.229 423374.299 423381.960 423382.610 423383.060 423383.510 423384.060 423384.520 423385.000 423385.480 423388.024 423389.810 423390.460 423390.960 423391.470 423391.970 423392.460 423392.950 423393.440 423393.960 423394.430 423394.890 423395.340 423395.790 423396.220 423396.650 423397.410 423397.820 423398.220 423398.600 423398.990 423399.380 423401.608 423397.402 423396.285 423396.001 423395.704 423395.395 423395.074 423394.741 423394.180 423393.820 423393.450 423393.072 423392.685 423392.291 423391.465 423389.660 423390.158 423387.321 565250.213 565252.730 565252.950 565253.150 565253.450 565253.550 565253.600 565253.600 565253.550 565253.450 565253.300 565253.050 565252.850 565252.350 565250.213 565250.213 565255.320 565255.690 565255.910 565256.110 565256.330 565256.490 565256.630 565256.750 565257.020 565257.210 565257.180 565257.130 565257.060 565256.980 565256.870 565256.740 565256.590 565256.410 565256.220 565256.010 565255.780 565255.530 565255.270 565254.990 565254.410 565254.050 565253.670 565253.290 565252.900 565252.520 565250.213 565250.213 565251.400 565251.725 565252.037 565252.338 565252.625 565252.899 565253.313 565253.550 565253.772 565253.978 565254.169 565254.344 565254.662 565252.900 565250.213 565250.213
17 423389.660 423391.465 423392.291 423392.685 423393.072 423393.450 423393.820 423394.180 423394.741 423395.074 423395.395 423395.704 423396.001 423396.285 423397.402 423390.158 423389.660 565252.900 565254.662 565254.344 565254.169 565253.978 565253.772 565253.550 565253.313 565252.899 565252.625 565252.338 565252.037 565251.725 565251.400 565250.213 565250.213 565252.900
91 423426.635 423424.750 423424.480 423428.280 423427.650 423427.420 423427.150 423422.550 423414.810 423414.420 423414.050 423413.700 423413.360 423413.050 423412.760 423412.480 423412.230 423412.000 423411.790 423411.610 423411.450 423411.310 423411.190 423411.100 423411.030 423410.990 423410.970 423410.970 423411.000 423411.050 423411.130 423411.290 423411.430 423411.590 423411.770 423411.970 423412.200 423412.450 423412.720 423413.010 423413.530 423422.150 423423.100 423424.940 423423.550 423426.865 423423.238 423420.068 423417.248 423412.669 423411.380 423410.980 423410.600 423410.250 423409.920 423409.620 423409.340 423409.090 423408.860 423408.660 423408.490 423408.340 423408.220 423408.110 423408.060 423408.030 423408.010 423408.000 423408.010 423408.040 423408.080 423408.140 423408.220 423408.320 423408.440 423408.580 423408.750 423408.846 423408.930 423409.140 423409.460 423409.720 423410.000 423410.300 423410.620 423410.960 423411.330 423411.961 423420.139 423425.127 423426.635 565297.711 565295.550 565295.020 565290.270 565287.750 565286.790 565287.150 565292.820 565284.710 565284.270 565283.820 565283.350 565282.870 565282.370 565281.860 565281.350 565280.820 565280.280 565279.730 565279.170 565278.610 565278.040 565277.460 565276.880 565276.290 565275.700 565275.110 565274.520 565273.930 565273.340 565272.760 565271.880 565271.310 565270.740 565270.180 565269.620 565269.080 565268.540 565268.020 565267.510 565266.700 565256.040 565257.020 565255.380 565254.290 565250.213 565250.213 565254.115 565257.586 565263.224 565264.810 565265.370 565265.950 565266.540 565267.140 565267.760 565268.390 565269.030 565269.680 565270.340 565271.010 565271.680 565272.360 565273.220 565273.750 565274.290 565274.830 565275.370 565275.900 565276.440 565276.980 565277.510 565278.040 565278.560 565279.080 565279.590 565280.100 565280.366 565280.600 565281.090 565281.740 565282.210 565282.660 565283.100 565283.530 565283.950 565284.380 565285.074 565294.062 565299.545 565297.711
91 423426.635 423424.750 423424.480 423428.280 423427.650 423427.420 423427.150 423422.550 423414.810 423414.420 423414.050 423413.700 423413.360 423413.050 423412.760 423412.480 423412.230 423412.000 423411.790 423411.610 423411.450 423411.310 423411.190 423411.100 423411.030 423410.990 423410.970 423410.970 423411.000 423411.050 423411.130 423411.290 423411.430 423411.590 423411.770 423411.970 423412.200 423412.450 423412.720 423413.010 423413.530 423422.150 423423.100 423424.940 423423.550 423426.865 423423.238 423420.068 423417.248 423412.669 423411.380 423410.980 423410.600 423410.250 423409.920 423409.620 423409.340 423409.090 423408.860 423408.660 423408.490 423408.340 423408.220 423408.110 423408.060 423408.030 423408.010 423408.000 423408.010 423408.040 423408.080 423408.140 423408.220 423408.320 423408.440 423408.580 423408.750 423408.846 423408.930 423409.140 423409.460 423409.720 423410.000 423410.300 423410.620 423410.960 423411.330 423411.961 423420.139 423425.127 423426.635 565297.711 565295.550 565295.020 565290.270 565287.750 565286.790 565287.150 565292.820 565284.710 565284.270 565283.820 565283.350 565282.870 565282.370 565281.860 565281.350 565280.820 565280.280 565279.730 565279.170 565278.610 565278.040 565277.460 565276.880 565276.290 565275.700 565275.110 565274.520 565273.930 565273.340 565272.760 565271.880 565271.310 565270.740 565270.180 565269.620 565269.080 565268.540 565268.020 565267.510 565266.700 565256.040 565257.020 565255.380 565254.290 565250.213 565250.213 565254.115 565257.586 565263.224 565264.810 565265.370 565265.950 565266.540 565267.140 565267.760 565268.390 565269.030 565269.680 565270.340 565271.010 565271.680 565272.360 565273.220 565273.750 565274.290 565274.830 565275.370 565275.900 565276.440 565276.980 565277.510 565278.040 565278.560 565279.080 565279.590 565280.100 565280.366 565280.600 565281.090 565281.740 565282.210 565282.660 565283.100 565283.530 565283.950 565284.380 565285.074 565294.062 565299.545 565297.711
8 423408.116 423408.153 423410.216 423410.292 423412.523 423414.518 423411.094 423408.116 565253.547 565253.579 565255.365 565255.431 565252.677 565250.213 565250.213 565253.547
32 423437.672 423435.150 423438.750 423436.300 423431.900 423435.250 423437.250 423432.750 423441.486 423438.516 423434.350 423433.650 423433.000 423432.450 423432.000 423431.550 423431.250 423431.000 423430.900 423430.900 423431.050 423431.520 423431.700 423432.160 423432.400 423432.900 423433.050 423433.100 423433.270 423434.250 423436.655 423437.672 565284.284 565282.250 565277.650 565275.550 565272.200 565267.550 565265.050 565261.100 565250.213 565250.213 565255.350 565256.250 565257.200 565257.950 565258.750 565259.600 565260.550 565261.550 565262.600 565263.750 565264.850 565269.130 565270.800 565275.920 565278.550 565282.350 565283.530 565283.950 565284.830 565283.650 565285.521 565284.284
45 423408.153 423408.116 423407.981 423407.590 423407.449 423407.649 423408.115 423408.173 423408.211 423408.251 423408.291 423408.332 423408.374 423408.416 423408.459 423408.503 423408.547 423408.591 423408.635 423408.680 423408.724 423408.769 423408.814 423408.858 423408.919 423408.963 423409.006 423409.049 423409.091 423409.132 423409.158 423409.173 423409.213 423409.252 423409.290 423409.327 423409.363 423409.398 423409.431 423409.464 423409.495 423409.524 423410.292 423410.216 423408.153 565253.579 565253.547 565253.773 565254.425 565255.392 565256.141 565256.574 565256.614 565256.636 565256.657 565256.677 565256.694 565256.710 565256.724 565256.737 565256.747 565256.756 565256.763 565256.768 565256.771 565256.772 565256.771 565256.768 565256.764 565256.754 565256.745 565256.733 565256.720 565256.705 565256.689 565256.677 565256.670 565256.650 565256.628 565256.605 565256.580 565256.553 565256.525 565256.496 565256.465 565256.433 565256.399 565255.431 565255.365 565253.579
8 423370.908 423372.120 423371.870 423371.630 423371.370 423371.090 423370.908 423370.908 565267.702 565266.590 565266.070 565265.630 565265.190 565264.760 565264.496 565267.702
8 423370.908 423372.120 423371.870 423371.630 423371.370 423371.090 423370.908 423370.908 565267.702 565266.590 565266.070 565265.630 565265.190 565264.760 565264.496 565267.702
8 423370.908 423372.120 423371.870 423371.630 423371.370 423371.090 423370.908 423370.908 565267.702 565266.590 565266.070 565265.630 565265.190 565264.760 565264.496 565267.702
8 423370.908 423372.120 423371.870 423371.630 423371.370 423371.090 423370.908 423370.908 565267.702 565266.590 565266.070 565265.630 565265.190 565264.760 565264.496 565267.702
24 423370.908 423372.630 423375.990 423375.720 423375.440 423375.140 423374.810 423374.460 423374.080 423373.630 423373.200 423372.740 423372.260 423371.760 423371.240 423370.908 423370.908 423371.090 423371.370 423371.630 423371.870 423372.120 423370.908 423370.908 565271.777 565270.230 565268.760 565268.000 565267.320 565266.650 565266.000 565265.360 565264.730 565264.060 565263.470 565262.890 565262.340 565261.810 565261.290 565260.994 565264.496 565264.760 565265.190 565265.630 565266.070 565266.590 565267.702 565271.777
12 423370.908 423372.450 423373.320 423373.790 423374.220 423375.000 423375.360 423375.690 423375.960 423376.180 423370.908 423370.908 565284.725 565283.080 565281.930 565281.240 565280.530 565279.110 565278.360 565277.600 565276.820 565276.020 565281.617 565284.725
24 423370.908 423372.630 423375.990 423375.720 423375.440 423375.140 423374.810 423374.460 423374.080 423373.630 423373.200 423372.740 423372.260 423371.760 423371.240 423370.908 423370.908 423371.090 423371.370 423371.630 423371.870 423372.120 423370.908 423370.908 565271.777 565270.230 565268.760 565268.000 565267.320 565266.650 565266.000 565265.360 565264.730 565264.060 565263.470 565262.890 565262.340 565261.810 565261.290 565260.994 565264.496 565264.760 565265.190 565265.630 565266.070 565266.590 565267.702 565271.777
12 423370.908 423372.450 423373.320 423373.790 423374.220 423375.000 423375.360 423375.690 423375.960 423376.180 423370.908 423370.908 565284.725 565283.080 565281.930 565281.240 565280.530 565279.110 565278.360 565277.600 565276.820 565276.020 565281.617 565284.725
24 423370.908 423372.630 423375.990 423375.720 423375.440 423375.140 423374.810 423374.460 423374.080 423373.630 423373.200 423372.740 423372.260 423371.760 423371.240 423370.908 423370.908 423371.090 423371.370 423371.630 423371.870 423372.120 423370.908 423370.908 565271.777 565270.230 565268.760 565268.000 565267.320 565266.650 565266.000 565265.360 565264.730 565264.060 565263.470 565262.890 565262.340 565261.810 565261.290 565260.994 565264.496 565264.760 565265.190 565265.630 565266.070 565266.590 565267.702 565271.777
12 423370.908 423372.450 423373.320 423373.790 423374.220 423375.000 423375.360 423375.690 423375.960 423376.180 423370.908 423370.908 565284.725 565283.080 565281.930 565281.240 565280.530 565279.110 565278.360 565277.600 565276.820 565276.020 565281.617 565284.725
44 423424.700 423425.250 423425.750 423426.200 423427.000 423427.300 423427.550 423427.700 423427.800 423427.750 423427.600 423427.400 423427.050 423426.600 423426.100 423425.550 423424.900 423424.200 423423.500 423422.900 423422.250 423421.650 423421.050 423420.550 423420.050 423419.600 423419.200 423418.900 423418.700 423418.600 423418.550 423418.600 423418.800 423419.100 423419.450 423419.900 423420.400 423420.950 423421.550 423422.150 423422.800 423423.450 423424.100 423424.700 565277.500 565277.200 565276.850 565276.450 565275.450 565274.950 565274.400 565273.800 565273.200 565272.500 565271.800 565271.150 565270.550 565270.000 565269.500 565269.050 565268.750 565268.500 565268.400 565268.400 565268.500 565268.650 565268.950 565269.250 565269.650 565270.150 565270.700 565271.300 565271.900 565272.550 565273.250 565274.000 565274.700 565275.350 565275.950 565276.400 565276.800 565277.150 565277.400 565277.550 565277.650 565277.700 565277.650 565277.500
16 423370.908 423376.180 423376.350 423376.420 423376.470 423376.500 423376.510 423376.510 423376.480 423376.370 423376.270 423376.140 423375.990 423372.630 423370.908 423370.908 565281.617 565276.020 565275.130 565274.580 565274.030 565273.480 565272.930 565272.370 565271.820 565270.670 565270.030 565269.390 565268.760 565270.230 565271.777 565281.617
16 423370.908 423376.180 423376.350 423376.420 423376.470 423376.500 423376.510 423376.510 423376.480 423376.370 423376.270 423376.140 423375.990 423372.630 423370.908 423370.908 565281.617 565276.020 565275.130 565274.580 565274.030 565273.480 565272.930 565272.370 565271.820 565270.670 565270.030 565269.390 565268.760 565270.230 565271.777 565281.617
9 423381.242 423380.077 423380.045 423374.860 423374.720 423375.840 423381.132 423381.144 423381.242 565284.468 565284.730 565284.737 565290.570 565291.660 565291.430 565285.689 565285.553 565284.468
7 423384.614 423384.751 423383.563 423378.346 423378.233 423379.438 423384.614 565288.797 565287.681 565287.869 565293.688 565294.880 565294.629 565288.797
86 423383.258 423389.500 423389.920 423390.350 423390.800 423391.260 423391.720 423392.200 423392.680 423393.180 423393.680 423394.180 423394.690 423395.210 423395.760 423396.280 423396.810 423397.330 423397.860 423398.380 423398.900 423399.420 423399.940 423400.450 423400.960 423401.460 423401.960 423402.440 423402.920 423403.390 423403.860 423404.310 423404.740 423405.170 423405.580 423406.150 423409.850 423413.100 423417.260 423418.876 423412.150 423407.870 423407.100 423406.390 423405.650 423404.120 423403.300 423402.660 423402.270 423401.870 423400.924 423400.322 423399.713 423399.100 423398.482 423398.119 423397.862 423397.241 423396.618 423395.964 423395.342 423394.723 423394.109 423393.502 423392.804 423392.380 423392.117 423392.074 423391.963 423391.554 423391.396 423391.153 423390.762 423390.382 423390.014 423389.398 423389.102 423388.818 423388.545 423388.284 423388.035 423385.594 423385.002 423384.360 423381.499 423383.258 565302.362 565295.970 565295.660 565295.360 565295.080 565294.820 565294.580 565294.360 565294.150 565293.970 565293.810 565293.670 565293.540 565293.440 565293.360 565293.300 565293.270 565293.260 565293.270 565293.300 565293.350 565293.430 565293.520 565293.640 565293.770 565293.930 565294.110 565294.300 565294.510 565294.750 565295.000 565295.270 565295.560 565295.860 565296.190 565296.680 565300.900 565304.550 565309.114 565307.150 565300.100 565295.350 565294.600 565293.960 565293.350 565292.200 565291.710 565291.420 565291.280 565291.150 565290.852 565290.696 565290.565 565290.459 565290.378 565290.345 565290.322 565290.291 565290.286 565290.304 565290.343 565290.409 565290.508 565290.646 565290.853 565291.002 565291.107 565291.124 565291.169 565291.352 565291.431 565291.553 565291.772 565292.009 565292.266 565292.757 565293.025 565293.304 565293.595 565293.896 565294.208 565296.839 565297.476 565298.294 565301.385 565302.362
86 423383.258 423389.500 423389.920 423390.350 423390.800 423391.260 423391.720 423392.200 423392.680 423393.180 423393.680 423394.180 423394.690 423395.210 423395.760 423396.280 423396.810 423397.330 423397.860 423398.380 423398.900 423399.420 423399.940 423400.450 423400.960 423401.460 423401.960 423402.440 423402.920 423403.390 423403.860 423404.310 423404.740 423405.170 423405.580 423406.150 423409.850 423413.100 423417.260 423418.876 423412.150 423407.870 423407.100 423406.390 423405.650 423404.120 423403.300 423402.660 423402.270 423401.870 423400.924 423400.322 423399.713 423399.100 423398.482 423398.119 423397.862 423397.241 423396.618 423395.964 423395.342 423394.723 423394.109 423393.502 423392.804 423392.380 423392.117 423392.074 423391.963 423391.554 423391.396 423391.153 423390.762 423390.382 423390.014 423389.398 423389.102 423388.818 423388.545 423388.284 423388.035 423385.594 423385.002 423384.360 423381.499 423383.258 565302.362 565295.970 565295.660 565295.360 565295.080 565294.820 565294.580 565294.360 565294.150 565293.970 565293.810 565293.670 565293.540 565293.440 565293.360 565293.300 565293.270 565293.260 565293.270 565293.300 565293.350 565293.430 565293.520 565293.640 565293.770 565293.930 565294.110 565294.300 565294.510 565294.750 565295.000 565295.270 565295.560 565295.860 565296.190 565296.680 565300.900 565304.550 565309.114 565307.150 565300.100 565295.350 565294.600 565293.960 565293.350 565292.200 565291.710 565291.420 565291.280 565291.150 565290.852 565290.696 565290.565 565290.459 565290.378 565290.345 565290.322 565290.291 565290.286 565290.304 565290.343 565290.409 565290.508 565290.646 565290.853 565291.002 565291.107 565291.124 565291.169 565291.352 565291.431 565291.553 565291.772 565292.009 565292.266 565292.757 565293.025 565293.304 565293.595 565293.896 565294.208 565296.839 565297.476 565298.294 565301.385 565302.362
