17
20 423096.592 423096.950 423098.150 423099.650 423100.550 423101.300 423101.931 423103.741 423103.741 423103.134 423103.130 423103.100 423102.580 423102.000 423101.460 423100.900 423100.250 423099.600 423099.173 423096.592 564955.705 564959.500 564972.600 564989.400 565000.000 565007.750 565014.607 565014.607 565006.560 565000.388 565000.350 565000.000 564993.760 564986.850 564980.500 564973.800 564967.060 564960.400 564955.705 564955.705
20 423096.592 423096.950 423098.150 423099.650 423100.550 423101.300 423101.931 423103.741 423103.741 423103.134 423103.130 423103.100 423102.580 423102.000 423101.460 423100.900 423100.250 423099.600 423099.173 423096.592 564955.705 564959.500 564972.600 564989.400 565000.000 565007.750 565014.607 565014.607 565006.560 565000.388 565000.350 565000.000 564993.760 564986.850 564980.500 564973.800 564967.060 564960.400 564955.705 564955.705
20 423096.592 423096.950 423098.150 423099.650 423100.550 423101.300 423101.931 423103.741 423103.741 423103.134 423103.130 423103.100 423102.580 423102.000 423101.460 423100.900 423100.250 423099.600 423099.173 423096.592 564955.705 564959.500 564972.600 564989.400 565000.000 565007.750 565014.607 565014.607 565006.560 565000.388 565000.350 565000.000 564993.760 564986.850 564980.500 564973.800 564967.060 564960.400 564955.705 564955.705
20 423096.592 423096.950 423098.150 423099.650 423100.550 423101.300 423101.931 423103.741 423103.741 423103.134 423103.130 423103.100 423102.580 423102.000 423101.460 423100.900 423100.250 423099.600 423099.173 423096.592 564955.705 564959.500 564972.600 564989.400 565000.000 565007.750 565014.607 565014.607 565006.560 565000.388 565000.350 565000.000 564993.760 564986.850 564980.500 564973.800 564967.060 564960.400 564955.705 564955.705
17 423084.672 423085.130 423085.750 423086.450 423087.040 423087.690 423088.270 423088.750 423088.880 423089.500 423090.130 423090.152 423092.671 423091.350 423089.550 423087.432 423084.672 564955.705 564960.510 564967.050 564974.450 564980.950 564988.200 564994.660 565000.000 565001.350 565007.800 565014.380 565014.607 565014.607 565000.000 564979.100 564955.705 564955.705
17 423084.672 423085.130 423085.750 423086.450 423087.040 423087.690 423088.270 423088.750 423088.880 423089.500 423090.130 423090.152 423092.671 423091.350 423089.550 423087.432 423084.672 564955.705 564960.510 564967.050 564974.450 564980.950 564988.200 564994.660 565000.000 565001.350 565007.800 565014.380 565014.607 565014.607 565000.000 564979.100 564955.705 564955.705
17 423084.672 423085.130 423085.750 423086.450 423087.040 423087.690 423088.270 423088.750 423088.880 423089.500 423090.130 423090.152 423092.671 423091.350 423089.550 423087.432 423084.672 564955.705 564960.510 564967.050 564974.450 564980.950 564988.200 564994.660 565000.000 565001.350 565007.800 565014.380 565014.607 565014.607 565000.000 564979.100 564955.705 564955.705
17 423084.672 423085.130 423085.750 423086.450 423087.040 423087.690 423088.270 423088.750 423088.880 423089.500 423090.130 423090.152 423092.671 423091.350 423089.550 423087.432 423084.672 564955.705 564960.510 564967.050 564974.450 564980.950 564988.200 564994.660 565000.000 565001.350 565007.800 565014.380 565014.607 565014.607 565000.000 564979.100 564955.705 564955.705
31 423036.942 423036.660 423036.090 423035.550 423035.530 423035.130 423034.650 423034.190 423033.700 423033.200 423032.660 423032.130 423031.694 423029.418 423029.680 423031.350 423032.100 423032.300 423032.400 423032.350 423032.250 423032.000 423031.350 423031.800 423031.700 423031.650 423031.800 423033.900 423034.400 423034.491 423036.942 565014.607 565011.620 565005.670 565000.000 564999.700 564994.760 564988.650 564983.310 564977.650 564971.800 564966.040 564960.350 564955.705 564955.705 564958.510 564976.350 564984.750 564986.650 564988.600 564989.600 564991.350 564993.100 565000.000 565001.500 565003.050 565005.150 565007.400 565007.250 565013.600 565014.607 565014.607
31 423036.942 423036.660 423036.090 423035.550 423035.530 423035.130 423034.650 423034.190 423033.700 423033.200 423032.660 423032.130 423031.694 423029.418 423029.680 423031.350 423032.100 423032.300 423032.400 423032.350 423032.250 423032.000 423031.350 423031.800 423031.700 423031.650 423031.800 423033.900 423034.400 423034.491 423036.942 565014.607 565011.620 565005.670 565000.000 564999.700 564994.760 564988.650 564983.310 564977.650 564971.800 564966.040 564960.350 564955.705 564955.705 564958.510 564976.350 564984.750 564986.650 564988.600 564989.600 564991.350 564993.100 565000.000 565001.500 565003.050 565005.150 565007.400 565007.250 565013.600 565014.607 565014.607
31 423036.942 423036.660 423036.090 423035.550 423035.530 423035.130 423034.650 423034.190 423033.700 423033.200 423032.660 423032.130 423031.694 423029.418 423029.680 423031.350 423032.100 423032.300 423032.400 423032.350 423032.250 423032.000 423031.350 423031.800 423031.700 423031.650 423031.800 423033.900 423034.400 423034.491 423036.942 565014.607 565011.620 565005.670 565000.000 564999.700 564994.760 564988.650 564983.310 564977.650 564971.800 564966.040 564960.350 564955.705 564955.705 564958.510 564976.350 564984.750 564986.650 564988.600 564989.600 564991.350 564993.100 565000.000 565001.500 565003.050 565005.150 565007.400 565007.250 565013.600 565014.607 565014.607
31 423036.942 423036.660 423036.090 423035.550 423035.530 423035.130 423034.650 423034.190 423033.700 423033.200 423032.660 423032.130 423031.694 423029.418 423029.680 423031.350 423032.100 423032.300 423032.400 423032.350 423032.250 423032.000 423031.350 423031.800 423031.700 423031.650 423031.800 423033.900 423034.400 423034.491 423036.942 565014.607 565011.620 565005.670 565000.000 564999.700 564994.760 564988.650 564983.310 564977.650 564971.800 564966.040 564960.350 564955.705 564955.705 564958.510 564976.350 564984.750 564986.650 564988.600 564989.600 564991.350 564993.100 565000.000 565001.500 565003.050 565005.150 565007.400 565007.250 565013.600 565014.607 565014.607
5 423022.400 423023.950 423023.460 423022.032 423022.400 564959.800 564959.650 564955.705 564955.705 564959.800
35 423018.822 423019.290 423019.810 423020.310 423020.800 423021.370 423021.900 423022.440 423022.850 423022.950 423023.490 423024.050 423024.239 423026.686 423025.950 423025.850 423025.800 423025.900 423026.850 423027.000 423027.050 423027.050 423027.000 423026.800 423024.700 423023.650 423022.500 423024.500 423024.360 423024.068 423023.460 423023.950 423022.400 423022.032 423018.822 564955.705 564961.060 564966.900 564972.550 564978.150 564984.210 564989.750 564995.600 565000.000 565001.090 565006.730 565012.600 565014.607 565014.607 565006.950 565006.200 565005.450 565000.000 564993.300 564991.650 564990.000 564988.650 564987.350 564984.600 564984.950 564972.550 564960.700 564960.550 564958.980 564955.705 564955.705 564959.650 564959.800 564955.705 564955.705
35 423018.822 423019.290 423019.810 423020.310 423020.800 423021.370 423021.900 423022.440 423022.850 423022.950 423023.490 423024.050 423024.239 423026.686 423025.950 423025.850 423025.800 423025.900 423026.850 423027.000 423027.050 423027.050 423027.000 423026.800 423024.700 423023.650 423022.500 423024.500 423024.360 423024.068 423023.460 423023.950 423022.400 423022.032 423018.822 564955.705 564961.060 564966.900 564972.550 564978.150 564984.210 564989.750 564995.600 565000.000 565001.090 565006.730 565012.600 565014.607 565014.607 565006.950 565006.200 565005.450 565000.000 564993.300 564991.650 564990.000 564988.650 564987.350 564984.600 564984.950 564972.550 564960.700 564960.550 564958.980 564955.705 564955.705 564959.650 564959.800 564955.705 564955.705
9 423025.950 423026.300 423026.250 423026.150 423024.750 423025.100 423024.100 423024.450 423025.950 564994.150 564991.500 564987.850 564985.400 564985.540 564990.200 564990.250 564994.200 564994.150
15 423032.000 423032.100 423032.100 423032.050 423032.050 423032.000 423032.000 423032.050 423033.350 423032.950 423033.850 423033.550 423033.250 423032.000 423032.000 565000.000 565002.500 565003.050 565003.600 565005.050 565005.650 565006.300 565006.650 565006.600 565001.750 565001.650 565000.000 564998.450 564998.600 565000.000
