12
5 423903.975 423904.950 423905.241 423905.241 423903.975 564543.395 564551.050 564553.671 564543.395 564543.395
5 423903.975 423904.950 423905.241 423905.241 423903.975 564543.395 564551.050 564553.671 564543.395 564543.395
15 423902.208 423902.900 423903.264 423902.830 423901.008 423900.328 423901.550 423902.500 423903.648 423904.250 423905.241 423905.241 423904.950 423903.975 423902.208 564543.395 564549.750 564552.831 564553.479 564556.200 564557.215 564558.000 564556.200 564556.064 564561.050 564569.457 564553.671 564551.050 564543.395 564543.395
62 423905.241 423901.600 423899.800 423897.850 423884.750 423883.700 423881.900 423874.100 423863.000 423862.950 423862.800 423862.700 423862.435 423862.371 423862.351 423862.200 423862.200 423861.800 423861.680 423861.650 423861.650 423861.400 423859.862 423859.920 423860.100 423859.500 423859.100 423858.550 423858.000 423857.350 423856.600 423855.950 423855.500 423855.150 423854.850 423854.550 423854.350 423854.300 423859.400 423859.500 423859.900 423860.500 423855.550 423855.800 423856.050 423856.400 423857.130 423857.450 423857.800 423858.200 423858.700 423859.150 423859.800 423860.400 423861.250 423861.950 423866.050 423874.150 423888.550 423898.050 423905.241 423905.241 564599.044 564599.150 564599.200 564599.400 564599.450 564596.400 564596.920 564599.550 564599.850 564595.100 564593.250 564590.650 564580.473 564577.979 564577.179 564571.350 564567.350 564565.350 564559.400 564559.400 564558.000 564556.750 564556.774 564559.470 564564.400 564564.400 564564.500 564564.700 564565.050 564565.400 564566.150 564567.000 564567.600 564568.250 564569.000 564569.950 564570.800 564572.400 564572.150 564575.400 564584.900 564596.200 564596.400 564597.300 564598.350 564598.800 564599.800 564600.300 564600.700 564601.000 564601.250 564601.500 564601.700 564601.750 564601.950 564602.000 564601.950 564601.800 564601.700 564601.500 564601.402 564599.044
15 423902.208 423902.900 423903.264 423902.830 423901.008 423900.328 423901.550 423902.500 423903.648 423904.250 423905.241 423905.241 423904.950 423903.975 423902.208 564543.395 564549.750 564552.831 564553.479 564556.200 564557.215 564558.000 564556.200 564556.064 564561.050 564569.457 564553.671 564551.050 564543.395 564543.395
62 423905.241 423901.600 423899.800 423897.850 423884.750 423883.700 423881.900 423874.100 423863.000 423862.950 423862.800 423862.700 423862.435 423862.371 423862.351 423862.200 423862.200 423861.800 423861.680 423861.650 423861.650 423861.400 423859.862 423859.920 423860.100 423859.500 423859.100 423858.550 423858.000 423857.350 423856.600 423855.950 423855.500 423855.150 423854.850 423854.550 423854.350 423854.300 423859.400 423859.500 423859.900 423860.500 423855.550 423855.800 423856.050 423856.400 423857.130 423857.450 423857.800 423858.200 423858.700 423859.150 423859.800 423860.400 423861.250 423861.950 423866.050 423874.150 423888.550 423898.050 423905.241 423905.241 564599.044 564599.150 564599.200 564599.400 564599.450 564596.400 564596.920 564599.550 564599.850 564595.100 564593.250 564590.650 564580.473 564577.979 564577.179 564571.350 564567.350 564565.350 564559.400 564559.400 564558.000 564556.750 564556.774 564559.470 564564.400 564564.400 564564.500 564564.700 564565.050 564565.400 564566.150 564567.000 564567.600 564568.250 564569.000 564569.950 564570.800 564572.400 564572.150 564575.400 564584.900 564596.200 564596.400 564597.300 564598.350 564598.800 564599.800 564600.300 564600.700 564601.000 564601.250 564601.500 564601.700 564601.750 564601.950 564602.000 564601.950 564601.800 564601.700 564601.500 564601.402 564599.044
21 423831.000 423830.950 423830.950 423834.400 423834.489 423836.566 423837.054 423836.650 423836.500 423836.250 423836.100 423835.650 423835.300 423834.450 423834.200 423833.900 423833.550 423833.200 423832.700 423832.150 423831.000 564566.700 564569.100 564572.710 564572.650 564577.712 564577.676 564577.667 564571.950 564571.250 564570.550 564569.750 564569.050 564568.550 564567.700 564567.500 564567.350 564567.100 564566.900 564566.850 564566.700 564566.700
8 423903.648 423902.500 423902.900 423903.850 423905.241 423905.241 423904.250 423903.648 564556.064 564556.200 564559.600 564568.200 564579.910 564569.457 564561.050 564556.064
9 423905.241 423905.050 423902.300 423899.600 423897.850 423899.800 423901.600 423905.241 423905.241 564590.334 564590.600 564593.900 564597.200 564599.400 564599.200 564599.150 564599.044 564590.334
10 423845.564 423846.200 423846.744 423834.800 423833.819 423831.529 423829.769 423816.186 423816.186 423845.564 564602.296 564601.320 564600.072 564600.280 564600.297 564600.337 564600.368 564600.605 564602.296 564602.296
20 423844.100 423844.600 423844.950 423845.350 423845.650 423845.900 423846.250 423846.650 423846.850 423846.950 423846.950 423841.610 423841.700 423841.750 423841.950 423842.100 423842.700 423843.150 423843.600 423844.100 564586.000 564585.850 564585.600 564585.300 564585.000 564584.650 564584.050 564583.250 564582.600 564582.050 564581.550 564581.670 564582.600 564583.850 564584.500 564584.800 564585.800 564585.950 564585.950 564586.000
29 423834.800 423846.744 423847.050 423847.550 423847.500 423847.550 423847.500 423847.400 423847.300 423847.150 423846.900 423846.600 423846.050 423845.000 423843.650 423843.100 423841.800 423840.800 423840.300 423839.850 423839.400 423839.100 423837.229 423834.664 423834.750 423835.986 423836.003 423834.768 423834.800 564600.280 564600.072 564599.370 564597.300 564596.850 564596.250 564595.750 564595.300 564594.800 564594.300 564593.800 564593.300 564592.800 564592.050 564591.450 564591.150 564590.650 564590.350 564590.050 564589.850 564589.550 564589.250 564587.631 564587.676 564592.600 564592.592 564595.295 564595.303 564600.280
