17
50 423367.404 423367.212 423367.233 423370.342 423370.250 423370.069 423366.976 423366.939 423366.601 423366.400 423366.200 423366.000 423365.950 423365.100 423365.100 423365.150 423365.200 423365.300 423365.450 423365.650 423366.050 423366.550 423367.200 423367.900 423368.650 423369.400 423369.800 423370.150 423370.908 423370.908 423370.300 423369.400 423368.500 423367.950 423366.950 423366.050 423365.600 423364.900 423364.300 423363.850 423363.500 423363.300 423363.250 423363.200 423363.300 423363.400 423364.309 423364.861 423365.528 423367.404 564896.804 564894.675 564894.673 564894.393 564893.050 564891.367 564891.646 564891.649 564887.896 564883.350 564882.850 564882.150 564881.450 564873.050 564872.150 564871.300 564870.650 564870.000 564869.350 564868.600 564867.900 564867.300 564866.450 564865.750 564865.350 564865.000 564864.900 564864.850 564864.755 564862.832 564862.800 564862.900 564863.150 564863.350 564863.900 564864.650 564865.150 564865.900 564866.750 564867.650 564868.750 564869.800 564870.150 564871.250 564872.300 564872.700 564882.995 564889.249 564896.804 564896.804
33 423370.908 423370.300 423369.650 423367.400 423366.950 423366.550 423366.350 423365.700 423365.300 423364.850 423364.400 423364.000 423363.900 423363.600 423363.500 423363.400 423363.300 423363.200 423362.370 423360.017 423360.630 423361.400 423361.650 423362.050 423362.650 423363.400 423363.500 423364.100 423364.850 423365.100 423365.650 423370.908 423370.908 564850.476 564850.650 564850.900 564851.350 564851.450 564851.500 564851.450 564851.450 564851.250 564851.050 564850.600 564850.050 564849.900 564849.100 564848.850 564848.550 564848.150 564847.700 564837.902 564837.902 564840.130 564848.950 564849.950 564851.000 564852.150 564853.200 564853.350 564854.150 564854.950 564855.150 564854.000 564852.551 564850.476
50 423367.404 423367.212 423367.233 423370.342 423370.250 423370.069 423366.976 423366.939 423366.601 423366.400 423366.200 423366.000 423365.950 423365.100 423365.100 423365.150 423365.200 423365.300 423365.450 423365.650 423366.050 423366.550 423367.200 423367.900 423368.650 423369.400 423369.800 423370.150 423370.908 423370.908 423370.300 423369.400 423368.500 423367.950 423366.950 423366.050 423365.600 423364.900 423364.300 423363.850 423363.500 423363.300 423363.250 423363.200 423363.300 423363.400 423364.309 423364.861 423365.528 423367.404 564896.804 564894.675 564894.673 564894.393 564893.050 564891.367 564891.646 564891.649 564887.896 564883.350 564882.850 564882.150 564881.450 564873.050 564872.150 564871.300 564870.650 564870.000 564869.350 564868.600 564867.900 564867.300 564866.450 564865.750 564865.350 564865.000 564864.900 564864.850 564864.755 564862.832 564862.800 564862.900 564863.150 564863.350 564863.900 564864.650 564865.150 564865.900 564866.750 564867.650 564868.750 564869.800 564870.150 564871.250 564872.300 564872.700 564882.995 564889.249 564896.804 564896.804
33 423370.908 423370.300 423369.650 423367.400 423366.950 423366.550 423366.350 423365.700 423365.300 423364.850 423364.400 423364.000 423363.900 423363.600 423363.500 423363.400 423363.300 423363.200 423362.370 423360.017 423360.630 423361.400 423361.650 423362.050 423362.650 423363.400 423363.500 423364.100 423364.850 423365.100 423365.650 423370.908 423370.908 564850.476 564850.650 564850.900 564851.350 564851.450 564851.500 564851.450 564851.450 564851.250 564851.050 564850.600 564850.050 564849.900 564849.100 564848.850 564848.550 564848.150 564847.700 564837.902 564837.902 564840.130 564848.950 564849.950 564851.000 564852.150 564853.200 564853.350 564854.150 564854.950 564855.150 564854.000 564852.551 564850.476
6 423304.950 423306.150 423307.000 423306.450 423304.500 423304.950 564856.400 564857.600 564857.550 564851.350 564851.550 564856.400
6 423304.950 423306.150 423307.000 423306.450 423304.500 423304.950 564856.400 564857.600 564857.550 564851.350 564851.550 564856.400
12 423365.650 423365.100 423365.650 423366.250 423367.400 423368.600 423369.400 423370.100 423370.750 423370.908 423370.908 423365.650 564854.000 564855.150 564855.550 564855.900 564856.400 564856.700 564856.850 564856.950 564856.900 564856.861 564852.551 564854.000
7 423310.369 423309.950 423309.150 423308.050 423308.300 423308.569 423310.369 564896.804 564892.200 564892.300 564893.550 564896.500 564896.804 564896.804
20 423357.863 423356.600 423355.270 423354.330 423352.765 423350.309 423350.610 423350.950 423351.210 423351.870 423352.490 423352.650 423353.080 423353.670 423354.240 423354.500 423354.820 423355.410 423355.443 423357.863 564896.804 564882.050 564866.760 564855.890 564837.902 564837.902 564841.200 564844.900 564847.790 564855.000 564861.840 564863.600 564868.690 564875.550 564882.250 564885.350 564889.300 564896.400 564896.804 564896.804
20 423357.863 423356.600 423355.270 423354.330 423352.765 423350.309 423350.610 423350.950 423351.210 423351.870 423352.490 423352.650 423353.080 423353.670 423354.240 423354.500 423354.820 423355.410 423355.443 423357.863 564896.804 564882.050 564866.760 564855.890 564837.902 564837.902 564841.200 564844.900 564847.790 564855.000 564861.840 564863.600 564868.690 564875.550 564882.250 564885.350 564889.300 564896.400 564896.804 564896.804
33 423303.234 423303.200 423303.100 423303.000 423303.000 423303.050 423303.150 423304.450 423307.100 423309.750 423307.500 423307.850 423307.854 423308.569 423308.300 423308.050 423309.150 423309.950 423310.369 423312.580 423312.180 423311.560 423311.550 423310.970 423310.390 423309.800 423309.700 423309.220 423308.630 423308.050 423307.740 423307.542 423303.234 564837.902 564838.000 564838.900 564839.650 564840.500 564841.150 564841.900 564856.800 564859.100 564890.650 564893.300 564896.800 564896.804 564896.804 564896.500 564893.550 564892.300 564892.200 564896.804 564896.804 564892.300 564885.300 564885.150 564878.250 564871.500 564864.500 564863.300 564857.700 564850.850 564844.150 564840.360 564837.902 564837.902
33 423303.234 423303.200 423303.100 423303.000 423303.000 423303.050 423303.150 423304.450 423307.100 423309.750 423307.500 423307.850 423307.854 423308.569 423308.300 423308.050 423309.150 423309.950 423310.369 423312.580 423312.180 423311.560 423311.550 423310.970 423310.390 423309.800 423309.700 423309.220 423308.630 423308.050 423307.740 423307.542 423303.234 564837.902 564838.000 564838.900 564839.650 564840.500 564841.150 564841.900 564856.800 564859.100 564890.650 564893.300 564896.800 564896.804 564896.804 564896.500 564893.550 564892.300 564892.200 564896.804 564896.804 564892.300 564885.300 564885.150 564878.250 564871.500 564864.500 564863.300 564857.700 564850.850 564844.150 564840.360 564837.902 564837.902
33 423303.234 423303.200 423303.100 423303.000 423303.000 423303.050 423303.150 423304.450 423307.100 423309.750 423307.500 423307.850 423307.854 423308.569 423308.300 423308.050 423309.150 423309.950 423310.369 423312.580 423312.180 423311.560 423311.550 423310.970 423310.390 423309.800 423309.700 423309.220 423308.630 423308.050 423307.740 423307.542 423303.234 564837.902 564838.000 564838.900 564839.650 564840.500 564841.150 564841.900 564856.800 564859.100 564890.650 564893.300 564896.800 564896.804 564896.804 564896.500 564893.550 564892.300 564892.200 564896.804 564896.804 564892.300 564885.300 564885.150 564878.250 564871.500 564864.500 564863.300 564857.700 564850.850 564844.150 564840.360 564837.902 564837.902
33 423303.234 423303.200 423303.100 423303.000 423303.000 423303.050 423303.150 423304.450 423307.100 423309.750 423307.500 423307.850 423307.854 423308.569 423308.300 423308.050 423309.150 423309.950 423310.369 423312.580 423312.180 423311.560 423311.550 423310.970 423310.390 423309.800 423309.700 423309.220 423308.630 423308.050 423307.740 423307.542 423303.234 564837.902 564838.000 564838.900 564839.650 564840.500 564841.150 564841.900 564856.800 564859.100 564890.650 564893.300 564896.800 564896.804 564896.804 564896.500 564893.550 564892.300 564892.200 564896.804 564896.804 564892.300 564885.300 564885.150 564878.250 564871.500 564864.500 564863.300 564857.700 564850.850 564844.150 564840.360 564837.902 564837.902
19 423302.332 423301.300 423299.250 423298.050 423297.130 423293.305 423293.550 423293.700 423295.100 423295.410 423296.050 423296.700 423297.270 423297.850 423298.440 423299.050 423299.690 423300.038 423302.332 564896.804 564886.050 564862.150 564847.500 564837.902 564837.902 564838.200 564840.750 564840.750 564844.100 564851.000 564858.100 564864.850 564871.750 564878.710 564885.650 564892.850 564896.804 564896.804
19 423302.332 423301.300 423299.250 423298.050 423297.130 423293.305 423293.550 423293.700 423295.100 423295.410 423296.050 423296.700 423297.270 423297.850 423298.440 423299.050 423299.690 423300.038 423302.332 564896.804 564886.050 564862.150 564847.500 564837.902 564837.902 564838.200 564840.750 564840.750 564844.100 564851.000 564858.100 564864.850 564871.750 564878.710 564885.650 564892.850 564896.804 564896.804
19 423302.332 423301.300 423299.250 423298.050 423297.130 423293.305 423293.550 423293.700 423295.100 423295.410 423296.050 423296.700 423297.270 423297.850 423298.440 423299.050 423299.690 423300.038 423302.332 564896.804 564886.050 564862.150 564847.500 564837.902 564837.902 564838.200 564840.750 564840.750 564844.100 564851.000 564858.100 564864.850 564871.750 564878.710 564885.650 564892.850 564896.804 564896.804
