45
11 422932.883 422933.250 422935.200 422936.450 422936.675 422938.954 422938.550 422936.900 422936.830 422935.130 422932.883 564661.198 564664.700 564682.900 564695.600 564697.751 564697.751 564693.800 564678.600 564677.520 564661.198 564661.198
11 422932.883 422933.250 422935.200 422936.450 422936.675 422938.954 422938.550 422936.900 422936.830 422935.130 422932.883 564661.198 564664.700 564682.900 564695.600 564697.751 564697.751 564693.800 564678.600 564677.520 564661.198 564661.198
17 423005.587 423007.709 423007.200 423006.690 423006.140 423005.550 423005.070 423004.600 423004.090 423004.067 423002.039 423002.320 423002.780 423002.800 423003.600 423005.600 423005.587 564697.751 564697.751 564692.750 564687.900 564682.700 564677.100 564671.850 564666.750 564661.440 564661.198 564661.198 564663.890 564668.260 564668.500 564677.250 564697.100 564697.751
17 423005.587 423007.709 423007.200 423006.690 423006.140 423005.550 423005.070 423004.600 423004.090 423004.067 423002.039 423002.320 423002.780 423002.800 423003.600 423005.600 423005.587 564697.751 564697.751 564692.750 564687.900 564682.700 564677.100 564671.850 564666.750 564661.440 564661.198 564661.198 564663.890 564668.260 564668.500 564677.250 564697.100 564697.751
17 422937.924 422939.650 422942.450 422946.550 422946.866 422947.200 422947.255 422948.000 422948.699 422951.021 422950.850 422950.210 422949.600 422948.950 422948.250 422947.574 422937.924 564661.198 564677.270 564677.030 564676.650 564679.469 564682.450 564683.059 564691.250 564697.751 564697.751 564695.900 564688.900 564682.250 564675.200 564668.140 564661.198 564661.198
24 422991.878 422991.890 422992.480 422993.050 422993.120 422993.650 422994.240 422994.830 422995.420 422995.605 422998.440 422998.350 422996.250 422995.750 422997.950 422997.840 422995.600 422995.150 422997.250 422997.210 422997.200 422995.000 422994.677 422991.878 564661.198 564661.310 564666.920 564672.350 564673.000 564678.360 564684.170 564690.030 564695.900 564697.751 564697.751 564695.000 564675.700 564671.250 564671.050 564670.140 564670.350 564665.300 564665.100 564664.450 564664.250 564664.550 564661.198 564661.198
17 422937.924 422939.650 422942.450 422946.550 422946.866 422947.200 422947.255 422948.000 422948.699 422951.021 422950.850 422950.210 422949.600 422948.950 422948.250 422947.574 422937.924 564661.198 564677.270 564677.030 564676.650 564679.469 564682.450 564683.059 564691.250 564697.751 564697.751 564695.900 564688.900 564682.250 564675.200 564668.140 564661.198 564661.198
24 422991.878 422991.890 422992.480 422993.050 422993.120 422993.650 422994.240 422994.830 422995.420 422995.605 422998.440 422998.350 422996.250 422995.750 422997.950 422997.840 422995.600 422995.150 422997.250 422997.210 422997.200 422995.000 422994.677 422991.878 564661.198 564661.310 564666.920 564672.350 564673.000 564678.360 564684.170 564690.030 564695.900 564697.751 564697.751 564695.000 564675.700 564671.250 564671.050 564670.140 564670.350 564665.300 564665.100 564664.450 564664.250 564664.550 564661.198 564661.198
17 422937.924 422939.650 422942.450 422946.550 422946.866 422947.200 422947.255 422948.000 422948.699 422951.021 422950.850 422950.210 422949.600 422948.950 422948.250 422947.574 422937.924 564661.198 564677.270 564677.030 564676.650 564679.469 564682.450 564683.059 564691.250 564697.751 564697.751 564695.900 564688.900 564682.250 564675.200 564668.140 564661.198 564661.198
24 422991.878 422991.890 422992.480 422993.050 422993.120 422993.650 422994.240 422994.830 422995.420 422995.605 422998.440 422998.350 422996.250 422995.750 422997.950 422997.840 422995.600 422995.150 422997.250 422997.210 422997.200 422995.000 422994.677 422991.878 564661.198 564661.310 564666.920 564672.350 564673.000 564678.360 564684.170 564690.030 564695.900 564697.751 564697.751 564695.000 564675.700 564671.250 564671.050 564670.140 564670.350 564665.300 564665.100 564664.450 564664.250 564664.550 564661.198 564661.198
17 422937.924 422939.650 422942.450 422946.550 422946.866 422947.200 422947.255 422948.000 422948.699 422951.021 422950.850 422950.210 422949.600 422948.950 422948.250 422947.574 422937.924 564661.198 564677.270 564677.030 564676.650 564679.469 564682.450 564683.059 564691.250 564697.751 564697.751 564695.900 564688.900 564682.250 564675.200 564668.140 564661.198 564661.198
24 422991.878 422991.890 422992.480 422993.050 422993.120 422993.650 422994.240 422994.830 422995.420 422995.605 422998.440 422998.350 422996.250 422995.750 422997.950 422997.840 422995.600 422995.150 422997.250 422997.210 422997.200 422995.000 422994.677 422991.878 564661.198 564661.310 564666.920 564672.350 564673.000 564678.360 564684.170 564690.030 564695.900 564697.751 564697.751 564695.000 564675.700 564671.250 564671.050 564670.140 564670.350 564665.300 564665.100 564664.450 564664.250 564664.550 564661.198 564661.198
5 422935.130 422936.830 422939.650 422937.924 422935.130 564661.198 564677.520 564677.270 564661.198 564661.198
6 422995.600 422997.840 422997.690 422997.250 422995.150 422995.600 564670.350 564670.140 564668.820 564665.100 564665.300 564670.350
13 422938.954 422941.714 422940.372 422947.255 422947.200 422946.866 422946.550 422942.450 422939.650 422936.830 422936.900 422938.550 422938.954 564697.751 564697.751 564683.717 564683.059 564682.450 564679.469 564676.650 564677.030 564677.270 564677.520 564678.600 564693.800 564697.751
13 422938.954 422941.714 422940.372 422947.255 422947.200 422946.866 422946.550 422942.450 422939.650 422936.830 422936.900 422938.550 422938.954 564697.751 564697.751 564683.717 564683.059 564682.450 564679.469 564676.650 564677.030 564677.270 564677.520 564678.600 564693.800 564697.751
7 422998.350 422998.440 422999.960 423000.041 423000.065 423000.000 422998.350 564695.000 564697.751 564697.751 564695.573 564694.915 564694.900 564695.000
7 422998.350 422998.440 422999.960 423000.041 423000.065 423000.000 422998.350 564695.000 564697.751 564697.751 564695.573 564694.915 564694.900 564695.000
7 422999.960 423001.028 423001.000 423000.850 423000.065 423000.041 422999.960 564697.751 564697.751 564696.550 564695.100 564694.915 564695.573 564697.751
7 422999.960 423001.028 423001.000 423000.850 423000.065 423000.041 422999.960 564697.751 564697.751 564696.550 564695.100 564694.915 564695.573 564697.751
15 422999.898 422999.960 422998.440 422998.546 422997.934 422997.951 422998.137 422998.196 422998.446 422998.916 422999.168 422999.316 422999.579 422999.767 422999.898 564699.404 564697.751 564697.751 564700.970 564700.990 564701.519 564703.138 564703.974 564704.071 564703.998 564703.907 564703.849 564702.500 564700.672 564699.404
15 422999.898 422999.960 422998.440 422998.546 422997.934 422997.951 422998.137 422998.196 422998.446 422998.916 422999.168 422999.316 422999.579 422999.767 422999.898 564699.404 564697.751 564697.751 564700.970 564700.990 564701.519 564703.138 564703.974 564704.071 564703.998 564703.907 564703.849 564702.500 564700.672 564699.404
11 422941.714 422938.954 422940.350 422940.900 422941.050 422942.000 422943.529 422943.800 422943.742 422943.000 422941.714 564697.751 564697.751 564711.400 564717.300 564718.750 564718.650 564718.523 564718.500 564717.971 564711.200 564697.751
11 422941.714 422938.954 422940.350 422940.900 422941.050 422942.000 422943.529 422943.800 422943.742 422943.000 422941.714 564697.751 564697.751 564711.400 564717.300 564718.750 564718.650 564718.523 564718.500 564717.971 564711.200 564697.751
10 423006.450 423005.550 423005.200 423005.050 423004.950 423004.950 423006.450 423005.950 423006.850 423006.450 564706.450 564706.600 564709.000 564711.400 564713.550 564715.700 564715.510 564710.500 564710.350 564706.450
7 422942.000 422941.050 422941.143 422941.193 422942.160 422942.074 422942.000 564718.650 564718.750 564719.630 564720.099 564720.099 564719.319 564718.650
34 423001.028 422999.960 422999.898 422999.767 422999.579 422999.316 422999.168 422998.916 422998.446 422998.196 422998.137 422997.951 422997.934 422998.546 422998.440 422995.605 422995.850 422996.450 422996.800 422996.990 422997.540 422997.944 422999.919 422998.950 422998.750 422998.700 422998.700 422998.850 422998.850 422999.150 422999.600 423000.000 423001.050 423001.028 564697.751 564697.751 564699.404 564700.672 564702.500 564703.849 564703.907 564703.998 564704.071 564703.974 564703.138 564701.519 564700.990 564700.970 564697.751 564697.751 564700.200 564705.920 564709.230 564711.050 564716.260 564720.099 564720.099 564712.950 564711.450 564710.000 564708.750 564707.500 564707.300 564705.450 564703.700 564702.800 564698.700 564697.751
11 422953.196 422952.850 422952.150 422952.120 422951.500 422951.021 422948.699 422949.000 422950.630 422950.870 422953.196 564720.099 564716.810 564710.100 564709.760 564702.950 564697.751 564697.751 564700.550 564717.630 564720.099 564720.099
34 423001.028 422999.960 422999.898 422999.767 422999.579 422999.316 422999.168 422998.916 422998.446 422998.196 422998.137 422997.951 422997.934 422998.546 422998.440 422995.605 422995.850 422996.450 422996.800 422996.990 422997.540 422997.944 422999.919 422998.950 422998.750 422998.700 422998.700 422998.850 422998.850 422999.150 422999.600 423000.000 423001.050 423001.028 564697.751 564697.751 564699.404 564700.672 564702.500 564703.849 564703.907 564703.998 564704.071 564703.974 564703.138 564701.519 564700.990 564700.970 564697.751 564697.751 564700.200 564705.920 564709.230 564711.050 564716.260 564720.099 564720.099 564712.950 564711.450 564710.000 564708.750 564707.500 564707.300 564705.450 564703.700 564702.800 564698.700 564697.751
11 422953.196 422952.850 422952.150 422952.120 422951.500 422951.021 422948.699 422949.000 422950.630 422950.870 422953.196 564720.099 564716.810 564710.100 564709.760 564702.950 564697.751 564697.751 564700.550 564717.630 564720.099 564720.099
34 423001.028 422999.960 422999.898 422999.767 422999.579 422999.316 422999.168 422998.916 422998.446 422998.196 422998.137 422997.951 422997.934 422998.546 422998.440 422995.605 422995.850 422996.450 422996.800 422996.990 422997.540 422997.944 422999.919 422998.950 422998.750 422998.700 422998.700 422998.850 422998.850 422999.150 422999.600 423000.000 423001.050 423001.028 564697.751 564697.751 564699.404 564700.672 564702.500 564703.849 564703.907 564703.998 564704.071 564703.974 564703.138 564701.519 564700.990 564700.970 564697.751 564697.751 564700.200 564705.920 564709.230 564711.050 564716.260 564720.099 564720.099 564712.950 564711.450 564710.000 564708.750 564707.500 564707.300 564705.450 564703.700 564702.800 564698.700 564697.751
11 422953.196 422952.850 422952.150 422952.120 422951.500 422951.021 422948.699 422949.000 422950.630 422950.870 422953.196 564720.099 564716.810 564710.100 564709.760 564702.950 564697.751 564697.751 564700.550 564717.630 564720.099 564720.099
34 423001.028 422999.960 422999.898 422999.767 422999.579 422999.316 422999.168 422998.916 422998.446 422998.196 422998.137 422997.951 422997.934 422998.546 422998.440 422995.605 422995.850 422996.450 422996.800 422996.990 422997.540 422997.944 422999.919 422998.950 422998.750 422998.700 422998.700 422998.850 422998.850 422999.150 422999.600 423000.000 423001.050 423001.028 564697.751 564697.751 564699.404 564700.672 564702.500 564703.849 564703.907 564703.998 564704.071 564703.974 564703.138 564701.519 564700.990 564700.970 564697.751 564697.751 564700.200 564705.920 564709.230 564711.050 564716.260 564720.099 564720.099 564712.950 564711.450 564710.000 564708.750 564707.500 564707.300 564705.450 564703.700 564702.800 564698.700 564697.751
11 422953.196 422952.850 422952.150 422952.120 422951.500 422951.021 422948.699 422949.000 422950.630 422950.870 422953.196 564720.099 564716.810 564710.100 564709.760 564702.950 564697.751 564697.751 564700.550 564717.630 564720.099 564720.099
34 423001.028 422999.960 422999.898 422999.767 422999.579 422999.316 422999.168 422998.916 422998.446 422998.196 422998.137 422997.951 422997.934 422998.546 422998.440 422995.605 422995.850 422996.450 422996.800 422996.990 422997.540 422997.944 422999.919 422998.950 422998.750 422998.700 422998.700 422998.850 422998.850 422999.150 422999.600 423000.000 423001.050 423001.028 564697.751 564697.751 564699.404 564700.672 564702.500 564703.849 564703.907 564703.998 564704.071 564703.974 564703.138 564701.519 564700.990 564700.970 564697.751 564697.751 564700.200 564705.920 564709.230 564711.050 564716.260 564720.099 564720.099 564712.950 564711.450 564710.000 564708.750 564707.500 564707.300 564705.450 564703.700 564702.800 564698.700 564697.751
11 422953.196 422952.850 422952.150 422952.120 422951.500 422951.021 422948.699 422949.000 422950.630 422950.870 422953.196 564720.099 564716.810 564710.100 564709.760 564702.950 564697.751 564697.751 564700.550 564717.630 564720.099 564720.099
10 422941.193 422941.143 422941.050 422940.900 422940.350 422938.954 422936.675 422937.950 422938.987 422941.193 564720.099 564719.630 564718.750 564717.300 564711.400 564697.751 564697.751 564709.950 564720.099 564720.099
10 422941.193 422941.143 422941.050 422940.900 422940.350 422938.954 422936.675 422937.950 422938.987 422941.193 564720.099 564719.630 564718.750 564717.300 564711.400 564697.751 564697.751 564709.950 564720.099 564720.099
10 422941.193 422941.143 422941.050 422940.900 422940.350 422938.954 422936.675 422937.950 422938.987 422941.193 564720.099 564719.630 564718.750 564717.300 564711.400 564697.751 564697.751 564709.950 564720.099 564720.099
10 422941.193 422941.143 422941.050 422940.900 422940.350 422938.954 422936.675 422937.950 422938.987 422941.193 564720.099 564719.630 564718.750 564717.300 564711.400 564697.751 564697.751 564709.950 564720.099 564720.099
10 422941.193 422941.143 422941.050 422940.900 422940.350 422938.954 422936.675 422937.950 422938.987 422941.193 564720.099 564719.630 564718.750 564717.300 564711.400 564697.751 564697.751 564709.950 564720.099 564720.099
20 423009.900 423009.890 423009.350 423008.800 423008.250 423007.750 423007.709 423005.587 423005.550 423005.400 423005.200 423004.900 423004.700 423004.500 423004.350 423004.300 423004.400 423006.500 423006.886 423009.900 564720.099 564720.000 564714.450 564708.750 564703.100 564698.150 564697.751 564697.751 564699.550 564701.950 564704.200 564706.500 564707.950 564709.450 564711.850 564714.250 564716.300 564716.000 564720.099 564720.099
20 423009.900 423009.890 423009.350 423008.800 423008.250 423007.750 423007.709 423005.587 423005.550 423005.400 423005.200 423004.900 423004.700 423004.500 423004.350 423004.300 423004.400 423006.500 423006.886 423009.900 564720.099 564720.000 564714.450 564708.750 564703.100 564698.150 564697.751 564697.751 564699.550 564701.950 564704.200 564706.500 564707.950 564709.450 564711.850 564714.250 564716.300 564716.000 564720.099 564720.099
20 423009.900 423009.890 423009.350 423008.800 423008.250 423007.750 423007.709 423005.587 423005.550 423005.400 423005.200 423004.900 423004.700 423004.500 423004.350 423004.300 423004.400 423006.500 423006.886 423009.900 564720.099 564720.000 564714.450 564708.750 564703.100 564698.150 564697.751 564697.751 564699.550 564701.950 564704.200 564706.500 564707.950 564709.450 564711.850 564714.250 564716.300 564716.000 564720.099 564720.099
20 423009.900 423009.890 423009.350 423008.800 423008.250 423007.750 423007.709 423005.587 423005.550 423005.400 423005.200 423004.900 423004.700 423004.500 423004.350 423004.300 423004.400 423006.500 423006.886 423009.900 564720.099 564720.000 564714.450 564708.750 564703.100 564698.150 564697.751 564697.751 564699.550 564701.950 564704.200 564706.500 564707.950 564709.450 564711.850 564714.250 564716.300 564716.000 564720.099 564720.099
