14
9 423040.510 423040.800 423041.150 423041.550 423042.350 423042.700 423043.000 423044.388 423040.510 565073.508 565073.750 565073.900 565074.000 565074.000 565073.950 565073.950 565073.508 565073.508
9 423040.510 423040.800 423041.150 423041.550 423042.350 423042.700 423043.000 423044.388 423040.510 565073.508 565073.750 565073.900 565074.000 565074.000 565073.950 565073.950 565073.508 565073.508
9 423040.510 423040.800 423041.150 423041.550 423042.350 423042.700 423043.000 423044.388 423040.510 565073.508 565073.750 565073.900 565074.000 565074.000 565073.950 565073.950 565073.508 565073.508
9 423040.510 423040.800 423041.150 423041.550 423042.350 423042.700 423043.000 423044.388 423040.510 565073.508 565073.750 565073.900 565074.000 565074.000 565073.950 565073.950 565073.508 565073.508
20 423029.778 423030.000 423024.430 423014.685 423014.685 423022.050 423029.500 423029.650 423030.200 423030.800 423031.200 423031.550 423032.104 423032.426 423033.317 423033.782 423034.005 423034.050 423034.053 423029.778 565073.508 565075.800 565077.570 565080.656 565083.182 565080.800 565078.500 565078.500 565078.400 565078.200 565078.000 565077.750 565077.375 565077.158 565076.556 565075.599 565074.645 565073.698 565073.508 565073.508
20 423029.778 423030.000 423024.430 423014.685 423014.685 423022.050 423029.500 423029.650 423030.200 423030.800 423031.200 423031.550 423032.104 423032.426 423033.317 423033.782 423034.005 423034.050 423034.053 423029.778 565073.508 565075.800 565077.570 565080.656 565083.182 565080.800 565078.500 565078.500 565078.400 565078.200 565078.000 565077.750 565077.375 565077.158 565076.556 565075.599 565074.645 565073.698 565073.508 565073.508
9 423055.969 423055.969 423057.850 423074.950 423076.678 423069.369 423065.100 423064.510 423055.969 565077.922 565080.254 565079.650 565074.050 565073.508 565073.508 565074.900 565075.090 565077.922
9 423089.987 423095.980 423099.600 423099.400 423099.100 423098.850 423098.500 423098.399 423089.987 565073.508 565077.600 565076.350 565075.750 565075.150 565074.400 565073.700 565073.508 565073.508
15 423038.835 423040.006 423040.204 423043.534 423045.673 423044.991 423053.150 423055.969 423055.969 423049.700 423043.430 423038.500 423034.490 423034.375 423038.835 565085.726 565085.359 565085.990 565086.632 565085.959 565083.792 565081.160 565080.254 565077.922 565080.000 565081.990 565083.550 565084.830 565084.867 565085.726
15 423038.835 423040.006 423040.204 423043.534 423045.673 423044.991 423053.150 423055.969 423055.969 423049.700 423043.430 423038.500 423034.490 423034.375 423038.835 565085.726 565085.359 565085.990 565086.632 565085.959 565083.792 565081.160 565080.254 565077.922 565080.000 565081.990 565083.550 565084.830 565084.867 565085.726
15 423038.835 423040.006 423040.204 423043.534 423045.673 423044.991 423053.150 423055.969 423055.969 423049.700 423043.430 423038.500 423034.490 423034.375 423038.835 565085.726 565085.359 565085.990 565086.632 565085.959 565083.792 565081.160 565080.254 565077.922 565080.000 565081.990 565083.550 565084.830 565084.867 565085.726
5 423040.986 423041.371 423044.404 423044.019 423040.986 565084.502 565085.761 565084.833 565083.574 565084.502
18 423101.545 423100.802 423097.290 423097.450 423097.500 423097.500 423099.650 423099.950 423100.250 423100.700 423101.100 423101.900 423102.700 423103.650 423103.741 423103.741 423102.814 423101.545 565084.240 565081.208 565082.510 565083.350 565084.500 565085.070 565089.850 565090.450 565091.000 565092.050 565093.050 565094.800 565096.450 565098.250 565098.410 565090.899 565088.419 565084.240
18 423101.545 423100.802 423097.290 423097.450 423097.500 423097.500 423099.650 423099.950 423100.250 423100.700 423101.100 423101.900 423102.700 423103.650 423103.741 423103.741 423102.814 423101.545 565084.240 565081.208 565082.510 565083.350 565084.500 565085.070 565089.850 565090.450 565091.000 565092.050 565093.050 565094.800 565096.450 565098.250 565098.410 565090.899 565088.419 565084.240
