16
4 423994.297 423994.716 423994.297 423994.297 564602.827 564602.296 564602.296 564602.827
4 423994.297 423994.716 423994.297 423994.297 564602.827 564602.296 564602.296 564602.827
4 423994.297 423994.716 423994.297 423994.297 564602.827 564602.296 564602.296 564602.827
5 424055.969 424055.969 424079.693 424073.504 424055.969 564609.663 564611.957 564602.296 564602.296 564609.663
86 424045.230 424043.450 424043.310 424043.200 424043.080 424042.950 424042.830 424042.700 424042.570 424042.440 424042.416 424041.190 424041.130 424040.950 424040.830 424040.700 424040.580 424040.460 424040.340 424040.220 424040.110 424040.000 424039.890 424039.790 424039.690 424039.590 424039.500 424039.410 424039.330 424039.250 424039.170 424035.020 424035.070 424035.110 424035.160 424035.200 424035.240 424035.290 424035.340 424035.390 424035.440 424035.490 424035.540 424035.620 424035.670 424035.720 424035.780 424035.830 424035.890 424035.940 424035.990 424036.050 424036.100 424036.160 424036.210 424044.740 424044.780 424044.820 424044.850 424044.890 424044.920 424044.960 424044.990 424045.020 424045.050 424045.070 424045.100 424045.120 424045.150 424045.170 424045.200 424045.220 424045.230 424045.240 424045.250 424045.260 424045.270 424045.270 424045.270 424045.270 424045.270 424045.270 424045.260 424045.260 424045.250 424045.230 564604.100 564602.690 564602.610 564602.550 564602.500 564602.450 564602.400 564602.360 564602.330 564602.300 564602.296 564602.296 564602.310 564602.350 564602.390 564602.440 564602.490 564602.540 564602.600 564602.660 564602.730 564602.810 564602.880 564602.970 564603.050 564603.140 564603.240 564603.330 564603.440 564603.540 564603.650 564608.430 564608.480 564608.520 564608.550 564608.580 564608.610 564608.640 564608.670 564608.690 564608.710 564608.730 564608.750 564608.770 564608.780 564608.790 564608.800 564608.810 564608.810 564608.810 564608.810 564608.810 564608.800 564608.790 564608.780 564605.320 564605.300 564605.270 564605.250 564605.220 564605.190 564605.160 564605.120 564605.090 564605.050 564605.020 564604.980 564604.940 564604.900 564604.860 564604.790 564604.750 564604.700 564604.660 564604.620 564604.570 564604.530 564604.480 564604.440 564604.390 564604.350 564604.300 564604.260 564604.210 564604.170 564604.100
7 424055.969 424055.969 424076.100 424083.352 424083.352 424078.000 424055.969 564620.626 564623.884 564615.600 564612.577 564609.143 564611.400 564620.626
118 424010.280 424018.530 424022.290 424025.490 424028.190 424028.200 424028.210 424028.220 424028.230 424028.240 424028.240 424028.240 424028.240 424028.230 424028.230 424028.220 424028.210 424028.190 424028.100 424027.670 424027.400 424012.250 424010.750 424011.170 424004.020 424003.920 424003.830 424003.750 424003.670 424003.580 424003.490 424003.410 424003.320 424003.240 424003.150 424003.070 424002.980 424002.900 424002.820 424002.730 424002.650 424002.570 424002.500 424002.420 424002.340 424002.270 424002.200 424002.130 424002.060 424002.000 424001.940 424001.880 424001.780 424001.730 424001.680 424001.640 424001.600 424001.570 424001.540 424001.510 424001.490 424001.460 424001.450 424001.430 424001.420 424001.410 424001.410 424001.410 424001.410 424001.410 424001.420 424001.430 424001.450 424001.470 424001.490 424001.510 424001.540 424001.570 424001.600 424001.640 424001.680 424001.720 424001.760 424001.810 424001.860 424001.920 424001.970 424002.030 424002.100 424002.160 424002.230 424002.300 424004.650 424007.700 424009.000 424009.451 424006.262 424000.000 423999.750 423999.590 423994.297 423994.297 423994.460 423994.840 423995.230 423995.610 423995.980 423996.360 423996.730 423997.100 423997.460 423997.820 423998.510 424000.000 424000.640 424002.340 424005.960 424010.280 564619.700 564615.520 564613.500 564611.480 564606.030 564605.980 564605.930 564605.880 564605.830 564605.780 564605.730 564605.680 564605.630 564605.580 564605.530 564605.480 564605.430 564605.350 564605.020 564605.190 564605.300 564611.350 564611.950 564612.960 564615.820 564615.850 564615.870 564615.880 564615.900 564615.900 564615.910 564615.910 564615.910 564615.900 564615.890 564615.880 564615.860 564615.840 564615.820 564615.790 564615.760 564615.730 564615.690 564615.650 564615.610 564615.560 564615.520 564615.460 564615.410 564615.350 564615.290 564615.230 564615.100 564615.030 564614.960 564614.890 564614.810 564614.740 564614.660 564614.580 564614.500 564614.410 564614.330 564614.250 564614.160 564614.080 564613.990 564613.900 564613.820 564613.730 564613.650 564613.560 564613.480 564613.390 564613.310 564613.230 564613.150 564613.070 564612.990 564612.910 564612.830 564612.760 564612.690 564612.620 564612.550 564612.480 564612.420 564612.360 564612.300 564612.250 564612.200 564612.150 564609.100 564604.600 564602.950 564602.296 564602.296 564610.950 564611.200 564611.420 564612.233 564627.030 564627.030 564627.010 564626.970 564626.920 564626.850 564626.770 564626.670 564626.560 564626.440 564626.290 564625.970 564625.210 564624.890 564623.960 564621.880 564619.700
118 424010.280 424018.530 424022.290 424025.490 424028.190 424028.200 424028.210 424028.220 424028.230 424028.240 424028.240 424028.240 424028.240 424028.230 424028.230 424028.220 424028.210 424028.190 424028.100 424027.670 424027.400 424012.250 424010.750 424011.170 424004.020 424003.920 424003.830 424003.750 424003.670 424003.580 424003.490 424003.410 424003.320 424003.240 424003.150 424003.070 424002.980 424002.900 424002.820 424002.730 424002.650 424002.570 424002.500 424002.420 424002.340 424002.270 424002.200 424002.130 424002.060 424002.000 424001.940 424001.880 424001.780 424001.730 424001.680 424001.640 424001.600 424001.570 424001.540 424001.510 424001.490 424001.460 424001.450 424001.430 424001.420 424001.410 424001.410 424001.410 424001.410 424001.410 424001.420 424001.430 424001.450 424001.470 424001.490 424001.510 424001.540 424001.570 424001.600 424001.640 424001.680 424001.720 424001.760 424001.810 424001.860 424001.920 424001.970 424002.030 424002.100 424002.160 424002.230 424002.300 424004.650 424007.700 424009.000 424009.451 424006.262 424000.000 423999.750 423999.590 423994.297 423994.297 423994.460 423994.840 423995.230 423995.610 423995.980 423996.360 423996.730 423997.100 423997.460 423997.820 423998.510 424000.000 424000.640 424002.340 424005.960 424010.280 564619.700 564615.520 564613.500 564611.480 564606.030 564605.980 564605.930 564605.880 564605.830 564605.780 564605.730 564605.680 564605.630 564605.580 564605.530 564605.480 564605.430 564605.350 564605.020 564605.190 564605.300 564611.350 564611.950 564612.960 564615.820 564615.850 564615.870 564615.880 564615.900 564615.900 564615.910 564615.910 564615.910 564615.900 564615.890 564615.880 564615.860 564615.840 564615.820 564615.790 564615.760 564615.730 564615.690 564615.650 564615.610 564615.560 564615.520 564615.460 564615.410 564615.350 564615.290 564615.230 564615.100 564615.030 564614.960 564614.890 564614.810 564614.740 564614.660 564614.580 564614.500 564614.410 564614.330 564614.250 564614.160 564614.080 564613.990 564613.900 564613.820 564613.730 564613.650 564613.560 564613.480 564613.390 564613.310 564613.230 564613.150 564613.070 564612.990 564612.910 564612.830 564612.760 564612.690 564612.620 564612.550 564612.480 564612.420 564612.360 564612.300 564612.250 564612.200 564612.150 564609.100 564604.600 564602.950 564602.296 564602.296 564610.950 564611.200 564611.420 564612.233 564627.030 564627.030 564627.010 564626.970 564626.920 564626.850 564626.770 564626.670 564626.560 564626.440 564626.290 564625.970 564625.210 564624.890 564623.960 564621.880 564619.700
9 424055.969 424055.969 424023.580 424014.860 424016.740 424024.110 424033.060 424043.070 424055.969 564611.957 564609.663 564623.270 564627.310 564630.430 564626.090 564621.570 564617.210 564611.957
7 424016.740 424014.860 424014.800 424007.070 424009.400 424015.460 424016.740 564630.430 564627.310 564627.340 564631.520 564635.140 564631.180 564630.430
5 424003.380 424005.830 424009.400 424007.070 424003.380 564633.690 564637.470 564635.140 564631.520 564633.690
5 424003.380 424005.830 424009.400 424007.070 424003.380 564633.690 564637.470 564635.140 564631.520 564633.690
69 424003.380 424000.000 423998.770 423998.720 423998.690 423998.660 423998.640 423998.610 423998.590 423998.560 423998.540 423998.520 423998.510 423998.490 423998.470 423998.460 423998.450 423998.440 423998.430 423998.420 423998.410 423998.410 423998.410 423998.410 423998.410 423998.410 423998.420 423998.420 423998.430 423998.440 423998.460 423998.480 423998.490 423998.510 423998.530 423998.550 423998.570 423998.600 423998.620 423998.650 423998.680 423998.700 423998.730 423998.770 423998.800 423998.830 423998.870 423998.900 423999.380 423999.730 424000.000 424000.090 424000.450 424000.810 424001.180 424001.540 424001.910 424002.270 424002.710 424003.070 424003.430 424003.780 424004.140 424004.490 424004.830 424005.170 424005.500 424005.830 424003.380 564633.690 564635.710 564636.440 564636.480 564636.510 564636.540 564636.570 564636.600 564636.630 564636.660 564636.700 564636.730 564636.770 564636.800 564636.840 564636.880 564636.920 564636.960 564636.990 564637.030 564637.070 564637.110 564637.150 564637.190 564637.230 564637.270 564637.310 564637.350 564637.390 564637.430 564637.500 564637.540 564637.570 564637.610 564637.640 564637.680 564637.710 564637.740 564637.770 564637.800 564637.830 564637.860 564637.890 564637.910 564637.940 564637.960 564637.980 564638.000 564638.150 564638.240 564638.290 564638.310 564638.370 564638.420 564638.450 564638.460 564638.460 564638.450 564638.410 564638.370 564638.300 564638.230 564638.140 564638.030 564637.910 564637.780 564637.630 564637.470 564633.690
49 423994.297 423994.850 423996.300 423996.550 423997.850 423998.350 423998.600 423998.950 423999.250 423999.450 424000.000 424000.350 424000.950 424001.450 424002.000 424002.500 424002.900 424008.700 424008.800 424009.200 424009.400 424009.550 424009.600 424009.550 424009.350 424008.950 424009.870 424014.850 424017.150 424019.600 424022.950 424025.900 424028.950 424032.700 424035.450 424039.100 424042.100 424053.500 424055.969 424055.969 424042.350 424036.710 424030.020 424020.950 424011.340 424001.010 424000.000 423994.297 423994.297 564660.750 564660.250 564659.150 564658.940 564657.850 564658.250 564658.350 564658.600 564658.800 564658.850 564658.900 564658.950 564658.950 564658.800 564658.550 564658.250 564657.950 564653.200 564653.150 564652.650 564652.150 564651.600 564650.950 564650.350 564649.750 564648.950 564648.330 564644.600 564642.950 564641.450 564639.250 564637.550 564635.950 564633.900 564632.550 564630.900 564629.700 564624.900 564623.884 564620.626 564626.330 564628.850 564632.190 564637.410 564643.630 564651.230 564652.020 564656.475 564660.750
49 423994.297 423994.850 423996.300 423996.550 423997.850 423998.350 423998.600 423998.950 423999.250 423999.450 424000.000 424000.350 424000.950 424001.450 424002.000 424002.500 424002.900 424008.700 424008.800 424009.200 424009.400 424009.550 424009.600 424009.550 424009.350 424008.950 424009.870 424014.850 424017.150 424019.600 424022.950 424025.900 424028.950 424032.700 424035.450 424039.100 424042.100 424053.500 424055.969 424055.969 424042.350 424036.710 424030.020 424020.950 424011.340 424001.010 424000.000 423994.297 423994.297 564660.750 564660.250 564659.150 564658.940 564657.850 564658.250 564658.350 564658.600 564658.800 564658.850 564658.900 564658.950 564658.950 564658.800 564658.550 564658.250 564657.950 564653.200 564653.150 564652.650 564652.150 564651.600 564650.950 564650.350 564649.750 564648.950 564648.330 564644.600 564642.950 564641.450 564639.250 564637.550 564635.950 564633.900 564632.550 564630.900 564629.700 564624.900 564623.884 564620.626 564626.330 564628.850 564632.190 564637.410 564643.630 564651.230 564652.020 564656.475 564660.750
49 423994.297 423994.850 423996.300 423996.550 423997.850 423998.350 423998.600 423998.950 423999.250 423999.450 424000.000 424000.350 424000.950 424001.450 424002.000 424002.500 424002.900 424008.700 424008.800 424009.200 424009.400 424009.550 424009.600 424009.550 424009.350 424008.950 424009.870 424014.850 424017.150 424019.600 424022.950 424025.900 424028.950 424032.700 424035.450 424039.100 424042.100 424053.500 424055.969 424055.969 424042.350 424036.710 424030.020 424020.950 424011.340 424001.010 424000.000 423994.297 423994.297 564660.750 564660.250 564659.150 564658.940 564657.850 564658.250 564658.350 564658.600 564658.800 564658.850 564658.900 564658.950 564658.950 564658.800 564658.550 564658.250 564657.950 564653.200 564653.150 564652.650 564652.150 564651.600 564650.950 564650.350 564649.750 564648.950 564648.330 564644.600 564642.950 564641.450 564639.250 564637.550 564635.950 564633.900 564632.550 564630.900 564629.700 564624.900 564623.884 564620.626 564626.330 564628.850 564632.190 564637.410 564643.630 564651.230 564652.020 564656.475 564660.750
