16
6 423547.850 423547.870 423548.460 423549.019 423549.019 423547.850 564602.296 564602.780 564604.940 564606.098 564602.296 564602.296
93 423459.963 423460.050 423461.200 423462.300 423469.700 423470.400 423471.150 423471.750 423472.350 423472.950 423473.550 423475.300 423477.050 423481.850 423487.950 423488.450 423488.850 423489.400 423489.900 423490.850 423494.630 423500.000 423500.300 423501.950 423503.000 423504.300 423505.950 423507.400 423509.050 423510.900 423512.900 423515.200 423516.700 423518.300 423519.750 423520.750 423522.100 423523.800 423527.600 423530.650 423532.730 423534.400 423534.950 423536.300 423536.900 423537.400 423537.850 423538.350 423538.750 423539.300 423539.800 423540.400 423540.750 423541.000 423541.001 423539.340 423539.170 423538.880 423538.390 423536.260 423533.840 423532.440 423532.295 423530.943 423531.090 423531.290 423524.800 423522.570 423520.420 423518.420 423511.340 423500.260 423500.280 423500.000 423499.940 423499.800 423496.950 423496.990 423495.240 423494.370 423494.450 423493.500 423490.750 423489.050 423481.450 423477.550 423471.600 423463.730 423462.100 423461.100 423460.100 423459.963 423459.963 564614.428 564614.450 564614.600 564614.550 564614.000 564614.000 564613.900 564613.850 564613.700 564613.600 564613.450 564613.000 564612.450 564611.100 564609.200 564609.050 564608.900 564608.800 564608.750 564608.750 564608.530 564608.300 564608.250 564608.200 564608.250 564608.300 564608.500 564608.700 564608.850 564609.050 564609.150 564609.400 564609.600 564609.700 564609.800 564609.950 564609.850 564609.750 564609.400 564609.250 564609.080 564609.000 564608.900 564608.450 564608.150 564607.800 564607.400 564607.000 564606.500 564605.750 564604.950 564604.000 564603.150 564602.300 564602.296 564602.296 564602.890 564603.610 564604.310 564605.510 564606.090 564606.470 564602.296 564602.296 564606.300 564606.850 564607.400 564607.580 564607.460 564607.320 564606.570 564605.940 564605.390 564605.370 564605.370 564603.450 564603.600 564605.210 564605.310 564605.350 564606.550 564606.620 564606.820 564606.950 564609.250 564610.350 564611.850 564612.330 564612.500 564612.400 564612.250 564612.214 564614.428
12 423531.290 423531.090 423520.830 423520.640 423500.280 423500.260 423511.340 423518.420 423520.420 423522.570 423524.800 423531.290 564606.850 564606.300 564607.050 564606.690 564605.390 564605.940 564606.570 564607.320 564607.460 564607.580 564607.400 564606.850
8 423531.830 423532.010 423532.960 423533.330 423533.530 423533.430 423532.930 423531.830 564613.340 564615.140 564615.030 564614.760 564614.310 564613.710 564613.290 564613.340
5 423532.010 423531.830 423528.780 423528.960 423532.010 564615.140 564613.340 564613.520 564615.420 564615.140
11 423528.960 423528.780 423527.550 423527.250 423526.930 423526.830 423526.900 423527.130 423527.390 423527.710 423528.960 564615.420 564613.520 564613.650 564613.780 564614.130 564614.700 564614.990 564615.300 564615.430 564615.450 564615.420
26 423549.019 423548.000 423543.900 423543.000 423538.050 423529.040 423527.710 423526.950 423536.820 423537.340 423537.620 423537.990 423538.430 423538.550 423539.150 423539.650 423540.500 423541.450 423542.550 423543.650 423544.900 423546.250 423547.100 423548.650 423549.019 423549.019 564621.169 564621.200 564621.150 564621.150 564621.550 564622.160 564622.370 564623.770 564633.240 564644.850 564643.700 564641.930 564640.270 564639.850 564638.400 564637.450 564636.150 564634.900 564633.800 564632.750 564631.850 564631.000 564630.500 564629.850 564629.723 564621.169
46 423509.000 423500.000 423497.970 423496.020 423494.570 423494.190 423494.000 423493.940 423493.750 423493.650 423491.550 423483.150 423481.550 423481.600 423481.840 423481.340 423480.550 423479.770 423479.170 423477.970 423475.899 423474.930 423475.030 423477.650 423478.880 423479.820 423480.520 423481.170 423481.980 423482.400 423482.770 423483.430 423483.590 423483.510 423491.480 423491.660 423491.760 423492.020 423492.850 423493.460 423494.080 423494.720 423496.330 423500.000 423508.100 423509.000 564645.890 564645.940 564645.950 564644.930 564643.910 564643.260 564642.650 564642.010 564639.200 564636.900 564636.950 564637.250 564637.200 564639.850 564642.290 564643.620 564644.770 564645.250 564645.470 564645.700 564645.836 564645.900 564647.600 564647.440 564647.370 564647.380 564647.230 564646.940 564646.250 564645.680 564645.060 564643.400 564642.390 564639.590 564639.120 564641.840 564643.270 564644.390 564646.190 564646.680 564647.000 564647.280 564647.850 564647.810 564647.720 564645.890
18 423549.019 423548.550 423547.900 423546.900 423545.900 423545.050 423544.350 423544.200 423543.700 423543.300 423543.050 423542.900 423542.950 423543.100 423546.579 423546.570 423549.019 423549.019 564635.366 564635.600 564635.950 564636.650 564637.500 564638.450 564639.450 564639.700 564640.750 564641.900 564643.050 564644.250 564645.400 564652.500 564654.558 564659.492 564659.425 564635.366
61 423549.019 423548.400 423538.800 423533.650 423520.300 423515.551 423515.655 423512.543 423512.440 423508.750 423500.000 423482.250 423475.610 423467.900 423463.120 423459.963 423459.963 423491.940 423492.060 423493.880 423493.720 423500.000 423509.300 423517.000 423523.120 423534.910 423535.270 423534.820 423532.300 423530.830 423529.150 423528.130 423525.230 423523.400 423521.580 423519.450 423517.250 423516.430 423518.510 423520.460 423523.960 423526.510 423529.580 423532.210 423533.440 423534.360 423536.580 423537.070 423537.290 423537.370 423537.340 423536.820 423526.950 423527.710 423529.040 423538.050 423543.000 423543.900 423548.000 423549.019 423549.019 564618.502 564618.650 564619.000 564619.450 564620.450 564620.820 564622.146 564622.389 564621.062 564621.350 564622.050 564623.350 564623.890 564623.090 564622.830 564622.958 564627.422 564624.730 564625.950 564625.700 564624.580 564624.050 564623.450 564623.100 564622.620 564634.540 564645.560 564648.280 564649.910 564649.970 564650.120 564650.070 564650.050 564649.930 564649.660 564649.020 564648.250 564650.330 564650.970 564651.490 564651.860 564652.000 564652.040 564652.040 564651.640 564651.180 564649.600 564648.710 564647.960 564647.180 564644.850 564633.240 564623.770 564622.370 564622.160 564621.550 564621.150 564621.150 564621.200 564621.169 564618.502
61 423549.019 423548.400 423538.800 423533.650 423520.300 423515.551 423515.655 423512.543 423512.440 423508.750 423500.000 423482.250 423475.610 423467.900 423463.120 423459.963 423459.963 423491.940 423492.060 423493.880 423493.720 423500.000 423509.300 423517.000 423523.120 423534.910 423535.270 423534.820 423532.300 423530.830 423529.150 423528.130 423525.230 423523.400 423521.580 423519.450 423517.250 423516.430 423518.510 423520.460 423523.960 423526.510 423529.580 423532.210 423533.440 423534.360 423536.580 423537.070 423537.290 423537.370 423537.340 423536.820 423526.950 423527.710 423529.040 423538.050 423543.000 423543.900 423548.000 423549.019 423549.019 564618.502 564618.650 564619.000 564619.450 564620.450 564620.820 564622.146 564622.389 564621.062 564621.350 564622.050 564623.350 564623.890 564623.090 564622.830 564622.958 564627.422 564624.730 564625.950 564625.700 564624.580 564624.050 564623.450 564623.100 564622.620 564634.540 564645.560 564648.280 564649.910 564649.970 564650.120 564650.070 564650.050 564649.930 564649.660 564649.020 564648.250 564650.330 564650.970 564651.490 564651.860 564652.000 564652.040 564652.040 564651.640 564651.180 564649.600 564648.710 564647.960 564647.180 564644.850 564633.240 564623.770 564622.370 564622.160 564621.550 564621.150 564621.150 564621.200 564621.169 564618.502
18 423503.561 423503.550 423503.140 423501.890 423500.000 423484.610 423483.090 423481.260 423479.490 423469.740 423469.880 423471.900 423479.350 423489.700 423500.000 423501.500 423501.946 423503.561 564661.198 564660.850 564653.510 564653.490 564653.460 564653.220 564653.400 564653.730 564654.110 564656.240 564660.510 564659.650 564656.550 564655.700 564654.950 564654.850 564661.198 564661.198
12 423528.170 423528.370 423527.890 423526.090 423523.020 423519.920 423517.240 423515.820 423515.937 423516.997 423517.570 423528.170 564659.940 564657.970 564657.990 564657.890 564657.730 564657.260 564656.870 564656.450 564661.198 564661.198 564660.410 564659.940
9 423531.200 423531.969 423534.959 423534.850 423534.120 423533.550 423532.430 423531.710 423531.200 564660.500 564661.198 564661.198 564660.970 564660.410 564660.150 564659.920 564659.960 564660.500
17 423537.504 423537.470 423537.150 423536.700 423535.640 423534.400 423531.070 423528.370 423528.170 423531.200 423531.710 423532.430 423533.550 423534.120 423534.850 423534.959 423537.504 564661.198 564661.060 564660.380 564659.760 564659.000 564658.500 564657.860 564657.970 564659.940 564660.500 564659.960 564659.920 564660.150 564660.410 564660.970 564661.198 564661.198
17 423537.504 423537.470 423537.150 423536.700 423535.640 423534.400 423531.070 423528.370 423528.170 423531.200 423531.710 423532.430 423533.550 423534.120 423534.850 423534.959 423537.504 564661.198 564661.060 564660.380 564659.760 564659.000 564658.500 564657.860 564657.970 564659.940 564660.500 564659.960 564659.920 564660.150 564660.410 564660.970 564661.198 564661.198
