9
9 423657.846 423657.830 423657.863 423657.989 423666.659 423666.656 423666.642 423666.632 423657.846 564503.344 564505.370 564508.865 564508.861 564508.618 564508.079 564505.281 564503.254 564503.344
22 423655.879 423655.900 423656.250 423656.200 423656.150 423656.150 423656.200 423656.450 423656.650 423656.697 423658.416 423658.343 423658.219 423658.200 423658.075 423657.890 423657.889 423657.864 423657.863 423657.830 423657.846 423655.879 564503.364 564503.400 564511.900 564512.600 564514.650 564517.200 564521.050 564529.950 564539.400 564543.395 564543.395 564538.476 564530.146 564528.882 564521.741 564511.146 564511.114 564508.986 564508.865 564505.370 564503.344 564503.364
32 423695.942 423695.930 423695.880 423695.830 423697.000 423696.800 423704.350 423711.450 423711.450 423711.500 423709.800 423709.300 423708.950 423708.550 423708.150 423707.850 423707.734 423713.550 423713.550 423713.400 423713.260 423713.180 423711.400 423706.100 423700.800 423695.700 423694.076 423694.089 423694.248 423694.262 423694.336 423695.942 564543.395 564542.750 564540.050 564537.320 564537.300 564530.250 564530.050 564529.800 564534.600 564542.400 564542.450 564542.500 564542.600 564542.750 564542.950 564543.250 564543.395 564543.395 564542.300 564537.050 564531.800 564528.830 564528.900 564529.000 564529.100 564529.200 564529.232 564529.937 564538.382 564539.105 564543.395 564543.395
22 423655.879 423655.900 423656.250 423656.200 423656.150 423656.150 423656.200 423656.450 423656.650 423656.697 423658.416 423658.343 423658.219 423658.200 423658.075 423657.890 423657.889 423657.864 423657.863 423657.830 423657.846 423655.879 564503.364 564503.400 564511.900 564512.600 564514.650 564517.200 564521.050 564529.950 564539.400 564543.395 564543.395 564538.476 564530.146 564528.882 564521.741 564511.146 564511.114 564508.986 564508.865 564505.370 564503.344 564503.364
32 423695.942 423695.930 423695.880 423695.830 423697.000 423696.800 423704.350 423711.450 423711.450 423711.500 423709.800 423709.300 423708.950 423708.550 423708.150 423707.850 423707.734 423713.550 423713.550 423713.400 423713.260 423713.180 423711.400 423706.100 423700.800 423695.700 423694.076 423694.089 423694.248 423694.262 423694.336 423695.942 564543.395 564542.750 564540.050 564537.320 564537.300 564530.250 564530.050 564529.800 564534.600 564542.400 564542.450 564542.500 564542.600 564542.750 564542.950 564543.250 564543.395 564543.395 564542.300 564537.050 564531.800 564528.830 564528.900 564529.000 564529.100 564529.200 564529.232 564529.937 564538.382 564539.105 564543.395 564543.395
22 423655.879 423655.900 423656.250 423656.200 423656.150 423656.150 423656.200 423656.450 423656.650 423656.697 423658.416 423658.343 423658.219 423658.200 423658.075 423657.890 423657.889 423657.864 423657.863 423657.830 423657.846 423655.879 564503.364 564503.400 564511.900 564512.600 564514.650 564517.200 564521.050 564529.950 564539.400 564543.395 564543.395 564538.476 564530.146 564528.882 564521.741 564511.146 564511.114 564508.986 564508.865 564505.370 564503.344 564503.364
32 423695.942 423695.930 423695.880 423695.830 423697.000 423696.800 423704.350 423711.450 423711.450 423711.500 423709.800 423709.300 423708.950 423708.550 423708.150 423707.850 423707.734 423713.550 423713.550 423713.400 423713.260 423713.180 423711.400 423706.100 423700.800 423695.700 423694.076 423694.089 423694.248 423694.262 423694.336 423695.942 564543.395 564542.750 564540.050 564537.320 564537.300 564530.250 564530.050 564529.800 564534.600 564542.400 564542.450 564542.500 564542.600 564542.750 564542.950 564543.250 564543.395 564543.395 564542.300 564537.050 564531.800 564528.830 564528.900 564529.000 564529.100 564529.200 564529.232 564529.937 564538.382 564539.105 564543.395 564543.395
36 423646.347 423646.700 423646.650 423646.900 423646.400 423645.800 423645.300 423644.600 423644.100 423643.700 423643.500 423643.500 423643.400 423643.350 423643.300 423646.650 423646.700 423643.650 423643.600 423643.950 423643.998 423646.468 423646.400 423646.250 423646.900 423647.350 423647.750 423648.350 423648.600 423648.700 423648.750 423648.470 423648.450 423648.300 423648.245 423646.347 564503.462 564510.350 564512.400 564516.400 564516.400 564516.600 564516.750 564517.400 564517.700 564517.900 564518.150 564518.450 564518.650 564518.900 564519.450 564519.400 564524.950 564525.000 564525.250 564541.050 564543.395 564543.395 564539.000 564527.200 564527.000 564526.750 564526.450 564525.850 564525.550 564525.050 564521.350 564511.640 564510.900 564505.450 564503.443 564503.462
36 423646.347 423646.700 423646.650 423646.900 423646.400 423645.800 423645.300 423644.600 423644.100 423643.700 423643.500 423643.500 423643.400 423643.350 423643.300 423646.650 423646.700 423643.650 423643.600 423643.950 423643.998 423646.468 423646.400 423646.250 423646.900 423647.350 423647.750 423648.350 423648.600 423648.700 423648.750 423648.470 423648.450 423648.300 423648.245 423646.347 564503.462 564510.350 564512.400 564516.400 564516.400 564516.600 564516.750 564517.400 564517.700 564517.900 564518.150 564518.450 564518.650 564518.900 564519.450 564519.400 564524.950 564525.000 564525.250 564541.050 564543.395 564543.395 564539.000 564527.200 564527.000 564526.750 564526.450 564525.850 564525.550 564525.050 564521.350 564511.640 564510.900 564505.450 564503.443 564503.462
