13
4 423727.130 423727.429 423727.130 423727.130 564666.798 564666.479 564666.199 564666.798
4 423727.130 423727.429 423727.130 423727.130 564666.798 564666.479 564666.199 564666.798
30 423777.762 423779.319 423779.500 423780.400 423780.750 423781.100 423781.550 423782.250 423783.350 423783.352 423791.217 423791.100 423791.000 423790.930 423790.700 423790.250 423789.200 423788.500 423787.100 423786.150 423784.050 423782.400 423781.000 423778.600 423778.150 423777.950 423777.850 423777.800 423777.800 423777.762 564697.751 564697.751 564697.650 564697.150 564697.050 564697.000 564697.000 564697.350 564697.750 564697.751 564697.751 564697.400 564697.200 564697.140 564696.950 564696.700 564696.250 564695.800 564695.200 564694.950 564694.550 564695.150 564695.700 564696.500 564696.700 564696.850 564697.100 564697.350 564697.600 564697.751
30 423777.762 423779.319 423779.500 423780.400 423780.750 423781.100 423781.550 423782.250 423783.350 423783.352 423791.217 423791.100 423791.000 423790.930 423790.700 423790.250 423789.200 423788.500 423787.100 423786.150 423784.050 423782.400 423781.000 423778.600 423778.150 423777.950 423777.850 423777.800 423777.800 423777.762 564697.751 564697.751 564697.650 564697.150 564697.050 564697.000 564697.000 564697.350 564697.750 564697.751 564697.751 564697.400 564697.200 564697.140 564696.950 564696.700 564696.250 564695.800 564695.200 564694.950 564694.550 564695.150 564695.700 564696.500 564696.700 564696.850 564697.100 564697.350 564697.600 564697.751
8 423779.319 423777.762 423777.750 423777.800 423777.850 423778.080 423778.250 423779.319 564697.751 564697.751 564697.800 564698.000 564698.150 564698.450 564698.350 564697.751
8 423779.319 423777.762 423777.750 423777.800 423777.850 423778.080 423778.250 423779.319 564697.751 564697.751 564697.800 564698.000 564698.150 564698.450 564698.350 564697.751
9 423785.170 423787.100 423791.250 423791.250 423791.217 423783.352 423784.250 423784.900 423785.170 564698.819 564698.800 564698.760 564697.850 564697.751 564697.751 564698.200 564698.650 564698.819
9 423785.170 423787.100 423791.250 423791.250 423791.217 423783.352 423784.250 423784.900 423785.170 564698.819 564698.800 564698.760 564697.850 564697.751 564697.751 564698.200 564698.650 564698.819
52 423806.277 423806.500 423806.700 423806.900 423806.850 423806.850 423806.450 423802.350 423802.250 423801.400 423800.650 423800.600 423797.350 423794.230 423792.730 423787.350 423787.280 423787.150 423787.131 423787.119 423787.100 423785.170 423785.300 423785.500 423785.700 423785.950 423786.100 423786.150 423786.150 423786.350 423786.400 423786.450 423786.500 423786.450 423786.250 423785.950 423785.100 423784.250 423783.500 423783.050 423782.650 423782.300 423782.100 423781.850 423781.720 423781.600 423781.700 423781.850 423781.900 423782.150 423782.274 423806.277 564720.099 564720.000 564719.850 564719.500 564718.900 564717.830 564717.830 564717.800 564716.450 564716.420 564716.400 564717.850 564717.880 564717.900 564717.930 564718.000 564714.000 564702.850 564701.197 564700.357 564698.800 564698.819 564698.900 564699.050 564699.250 564699.550 564699.900 564700.250 564701.200 564705.250 564709.700 564713.300 564713.900 564714.150 564714.400 564714.550 564714.950 564715.250 564715.600 564715.750 564716.050 564716.300 564716.700 564717.250 564717.690 564718.400 564719.000 564719.300 564719.700 564719.950 564720.099 564720.099
4 423814.394 423806.500 423806.277 423814.394 564720.099 564720.000 564720.099 564720.099
4 423814.394 423806.500 423806.277 423814.394 564720.099 564720.000 564720.099 564720.099
76 423771.150 423771.830 423771.800 423771.450 423771.150 423770.900 423770.800 423770.750 423770.650 423770.600 423770.600 423770.700 423770.800 423770.950 423771.300 423771.650 423772.400 423774.030 423773.450 423772.600 423772.250 423771.900 423771.200 423770.600 423770.000 423769.550 423768.750 423768.310 423768.450 423768.390 423768.560 423768.550 423768.550 423768.500 423768.350 423768.000 423767.800 423767.550 423767.200 423766.650 423766.000 423765.550 423765.150 423764.750 423764.350 423763.900 423763.550 423763.150 423762.250 423761.250 423761.050 423760.910 423760.350 423759.850 423759.150 423758.400 423757.700 423757.400 423759.623 423759.750 423760.200 423760.450 423760.750 423761.150 423761.400 423761.600 423762.150 423762.800 423763.700 423764.850 423766.050 423767.150 423768.450 423769.350 423770.650 423771.150 564713.700 564713.610 564713.600 564713.300 564712.950 564712.550 564712.100 564708.900 564705.600 564704.150 564703.450 564703.150 564702.850 564702.650 564702.200 564701.800 564701.400 564700.660 564700.100 564699.300 564699.100 564699.000 564698.850 564698.650 564698.500 564698.350 564698.100 564697.880 564702.150 564702.150 564702.380 564703.250 564707.250 564708.400 564708.800 564709.850 564710.150 564710.500 564711.150 564711.850 564712.400 564712.800 564713.100 564713.350 564713.550 564713.700 564713.800 564713.850 564713.950 564714.000 564714.050 564714.250 564715.050 564715.950 564717.200 564718.300 564719.600 564720.099 564720.099 564719.900 564719.450 564718.900 564718.300 564717.900 564717.700 564717.530 564717.000 564716.500 564715.900 564715.450 564715.000 564714.500 564714.150 564713.950 564713.750 564713.700
41 423771.830 423771.150 423770.650 423769.350 423768.450 423767.150 423766.050 423764.850 423763.700 423762.800 423762.150 423761.600 423761.700 423761.850 423762.650 423763.200 423766.000 423766.500 423767.050 423767.300 423767.700 423768.050 423768.350 423768.550 423768.600 423768.850 423768.858 423775.737 423775.800 423776.050 423776.050 423776.150 423776.100 423776.050 423775.750 423775.350 423774.700 423774.000 423773.050 423771.920 423771.830 564713.610 564713.700 564713.750 564713.950 564714.150 564714.500 564715.000 564715.450 564715.900 564716.500 564717.000 564717.530 564717.500 564717.450 564717.250 564717.300 564717.250 564717.150 564717.250 564717.300 564717.500 564717.750 564718.150 564718.550 564718.950 564719.950 564720.099 564720.099 564720.000 564719.400 564718.600 564717.950 564717.400 564716.900 564716.200 564715.650 564715.050 564714.550 564714.000 564713.600 564713.610
