9
6 423103.741 423098.832 423098.750 423098.865 423103.741 423103.741 564558.350 564559.182 564560.600 564561.657 564560.832 564558.350
6 423103.741 423098.832 423098.750 423098.865 423103.741 423103.741 564558.350 564559.182 564560.600 564561.657 564560.832 564558.350
8 423015.650 423015.650 423015.850 423016.150 423016.250 423018.700 423018.570 423015.650 564573.282 564573.300 564573.700 564574.050 564574.150 564573.560 564572.787 564573.282
8 423015.650 423015.650 423015.850 423016.150 423016.250 423018.700 423018.570 423015.650 564573.282 564573.300 564573.700 564574.050 564574.150 564573.560 564572.787 564573.282
5 423103.741 423093.550 423093.241 423103.741 423103.741 564601.726 564600.100 564602.296 564602.296 564601.726
5 423103.741 423093.550 423093.241 423103.741 423103.741 564601.726 564600.100 564602.296 564602.296 564601.726
6 423055.969 423055.969 423055.860 423050.100 423049.541 423055.969 564602.296 564601.273 564601.290 564602.200 564602.296 564602.296
35 423032.671 423032.650 423032.150 423031.600 423031.150 423030.550 423029.400 423028.250 423027.000 423025.800 423025.600 423024.000 423022.600 423020.100 423019.550 423017.700 423017.450 423017.200 423017.100 423017.100 423017.150 423017.300 423017.500 423018.000 423018.650 423018.900 423019.800 423020.750 423021.150 423022.500 423024.050 423024.650 423025.090 423029.610 423032.671 564602.296 564602.280 564601.750 564601.250 564600.850 564600.250 564598.850 564597.350 564595.850 564594.300 564594.000 564591.650 564589.200 564582.700 564579.720 564580.050 564580.100 564580.300 564580.550 564581.200 564581.500 564582.050 564582.600 564584.800 564587.000 564587.650 564589.600 564591.450 564592.150 564594.400 564596.550 564597.300 564597.840 564602.296 564602.296
19 423055.969 423055.969 423070.783 423082.737 423083.592 423087.540 423087.639 423087.644 423087.646 423086.930 423081.800 423080.040 423079.050 423076.350 423073.350 423071.450 423067.450 423061.550 423055.969 564601.273 564602.296 564602.296 564601.271 564602.296 564602.296 564602.112 564601.573 564601.317 564598.870 564598.850 564598.750 564598.700 564598.750 564598.870 564598.950 564599.450 564600.400 564601.273
