13
8 423191.011 423191.650 423191.690 423192.100 423192.550 423192.796 423192.796 423191.011 564779.001 564785.300 564785.690 564790.070 564794.850 564797.292 564779.001 564779.001
8 423191.011 423191.650 423191.690 423192.100 423192.550 423192.796 423192.796 423191.011 564779.001 564785.300 564785.690 564790.070 564794.850 564797.292 564779.001 564779.001
48 423180.460 423180.770 423181.290 423181.800 423182.300 423182.780 423183.250 423183.780 423184.280 423184.650 423183.530 423184.050 423179.750 423171.894 423169.570 423169.691 423170.170 423170.509 423170.757 423171.368 423172.020 423172.800 423172.700 423183.750 423183.900 423184.650 423185.500 423186.300 423187.000 423187.150 423187.800 423188.350 423188.600 423188.950 423189.200 423189.350 423189.350 423189.250 423188.600 423186.650 423184.900 423183.950 423185.950 423185.860 423185.500 423183.500 423182.801 423180.460 564779.001 564782.250 564787.700 564793.050 564798.550 564803.850 564809.050 564814.650 564820.050 564823.950 564824.110 564829.650 564829.840 564830.141 564830.230 564831.785 564832.657 564832.966 564833.192 564833.537 564833.924 564834.000 564832.300 564831.700 564833.500 564833.600 564833.550 564833.350 564833.050 564832.950 564832.550 564832.100 564831.800 564831.350 564830.800 564830.200 564829.600 564829.000 564820.700 564820.900 564801.200 564791.900 564791.600 564790.540 564786.150 564786.300 564779.001 564779.001
48 423180.460 423180.770 423181.290 423181.800 423182.300 423182.780 423183.250 423183.780 423184.280 423184.650 423183.530 423184.050 423179.750 423171.894 423169.570 423169.691 423170.170 423170.509 423170.757 423171.368 423172.020 423172.800 423172.700 423183.750 423183.900 423184.650 423185.500 423186.300 423187.000 423187.150 423187.800 423188.350 423188.600 423188.950 423189.200 423189.350 423189.350 423189.250 423188.600 423186.650 423184.900 423183.950 423185.950 423185.860 423185.500 423183.500 423182.801 423180.460 564779.001 564782.250 564787.700 564793.050 564798.550 564803.850 564809.050 564814.650 564820.050 564823.950 564824.110 564829.650 564829.840 564830.141 564830.230 564831.785 564832.657 564832.966 564833.192 564833.537 564833.924 564834.000 564832.300 564831.700 564833.500 564833.600 564833.550 564833.350 564833.050 564832.950 564832.550 564832.100 564831.800 564831.350 564830.800 564830.200 564829.600 564829.000 564820.700 564820.900 564801.200 564791.900 564791.600 564790.540 564786.150 564786.300 564779.001 564779.001
56 423139.913 423140.000 423140.300 423140.600 423140.800 423141.850 423142.750 423143.100 423143.300 423143.350 423143.350 423143.250 423143.100 423143.100 423143.300 423143.450 423143.800 423144.200 423144.550 423145.100 423145.400 423145.750 423146.500 423147.600 423148.750 423149.700 423150.650 423150.700 423162.150 423162.350 423163.103 423163.225 423163.486 423163.786 423164.055 423164.207 423164.336 423164.407 423163.700 423163.350 423161.049 423148.700 423146.950 423146.460 423145.970 423145.420 423145.400 423144.880 423144.360 423143.810 423143.800 423143.260 423142.700 423142.150 423142.145 423139.913 564779.001 564779.600 564782.300 564784.900 564787.550 564799.600 564808.500 564812.300 564816.150 564818.050 564823.350 564825.150 564827.000 564828.100 564830.100 564830.650 564831.500 564832.300 564832.800 564833.400 564833.650 564833.950 564834.400 564834.700 564834.900 564835.050 564835.150 564833.300 564832.750 564834.450 564834.472 564834.412 564834.285 564833.950 564833.292 564832.566 564831.817 564830.424 564830.450 564830.000 564830.173 564831.100 564831.200 564826.050 564820.850 564815.000 564814.750 564808.960 564803.050 564796.900 564796.750 564791.010 564785.050 564779.060 564779.001 564779.001
56 423139.913 423140.000 423140.300 423140.600 423140.800 423141.850 423142.750 423143.100 423143.300 423143.350 423143.350 423143.250 423143.100 423143.100 423143.300 423143.450 423143.800 423144.200 423144.550 423145.100 423145.400 423145.750 423146.500 423147.600 423148.750 423149.700 423150.650 423150.700 423162.150 423162.350 423163.103 423163.225 423163.486 423163.786 423164.055 423164.207 423164.336 423164.407 423163.700 423163.350 423161.049 423148.700 423146.950 423146.460 423145.970 423145.420 423145.400 423144.880 423144.360 423143.810 423143.800 423143.260 423142.700 423142.150 423142.145 423139.913 564779.001 564779.600 564782.300 564784.900 564787.550 564799.600 564808.500 564812.300 564816.150 564818.050 564823.350 564825.150 564827.000 564828.100 564830.100 564830.650 564831.500 564832.300 564832.800 564833.400 564833.650 564833.950 564834.400 564834.700 564834.900 564835.050 564835.150 564833.300 564832.750 564834.450 564834.472 564834.412 564834.285 564833.950 564833.292 564832.566 564831.817 564830.424 564830.450 564830.000 564830.173 564831.100 564831.200 564826.050 564820.850 564815.000 564814.750 564808.960 564803.050 564796.900 564796.750 564791.010 564785.050 564779.060 564779.001 564779.001
54 423129.795 423129.800 423129.830 423130.460 423131.070 423131.700 423132.300 423132.850 423133.490 423133.980 423134.550 423133.030 423128.250 423115.850 423115.850 423116.065 423116.400 423116.750 423117.150 423117.550 423118.000 423118.550 423120.200 423120.150 423132.550 423132.800 423132.832 423135.216 423135.983 423136.437 423136.834 423137.339 423137.745 423137.918 423138.030 423138.191 423138.250 423138.300 423138.450 423138.300 423138.150 423136.650 423135.550 423137.500 423136.850 423135.000 423133.350 423134.950 423134.728 423134.229 423134.390 423133.250 423133.076 423129.795 564779.001 564779.050 564779.400 564786.200 564792.900 564799.700 564806.600 564812.850 564819.510 564824.560 564830.450 564830.470 564830.640 564831.100 564832.600 564833.810 564834.650 564835.100 564835.500 564835.750 564835.950 564836.050 564836.050 564834.390 564833.750 564835.300 564835.664 564835.597 564835.483 564835.352 564835.219 564834.983 564834.584 564834.205 564833.608 564830.038 564827.600 564826.650 564822.550 564819.800 564816.450 564816.500 564804.700 564804.500 564799.000 564799.200 564781.150 564781.000 564779.001 564779.001 564780.550 564780.650 564779.001 564779.001
54 423129.795 423129.800 423129.830 423130.460 423131.070 423131.700 423132.300 423132.850 423133.490 423133.980 423134.550 423133.030 423128.250 423115.850 423115.850 423116.065 423116.400 423116.750 423117.150 423117.550 423118.000 423118.550 423120.200 423120.150 423132.550 423132.800 423132.832 423135.216 423135.983 423136.437 423136.834 423137.339 423137.745 423137.918 423138.030 423138.191 423138.250 423138.300 423138.450 423138.300 423138.150 423136.650 423135.550 423137.500 423136.850 423135.000 423133.350 423134.950 423134.728 423134.229 423134.390 423133.250 423133.076 423129.795 564779.001 564779.050 564779.400 564786.200 564792.900 564799.700 564806.600 564812.850 564819.510 564824.560 564830.450 564830.470 564830.640 564831.100 564832.600 564833.810 564834.650 564835.100 564835.500 564835.750 564835.950 564836.050 564836.050 564834.390 564833.750 564835.300 564835.664 564835.597 564835.483 564835.352 564835.219 564834.983 564834.584 564834.205 564833.608 564830.038 564827.600 564826.650 564822.550 564819.800 564816.450 564816.500 564804.700 564804.500 564799.000 564799.200 564781.150 564781.000 564779.001 564779.001 564780.550 564780.650 564779.001 564779.001
5 423133.076 423133.250 423134.390 423134.229 423133.076 564779.001 564780.650 564780.550 564779.001 564779.001
5 423184.850 423183.400 423183.850 423185.250 423184.850 564786.750 564786.900 564791.400 564791.250 564786.750
5 423136.400 423135.050 423135.450 423136.750 423136.400 564799.650 564799.800 564804.210 564804.050 564799.650
5 423187.950 423186.550 423187.050 423188.400 423187.950 564821.350 564821.400 564826.150 564826.050 564821.350
6 423110.964 423110.750 423109.550 423103.741 423103.741 423110.964 564834.935 564833.050 564833.100 564833.564 564835.314 564834.935
