16
5 423103.741 423103.500 423103.580 423103.741 423103.741 564844.385 564844.400 564846.350 564846.343 564844.385
16 423085.392 423086.350 423088.100 423090.350 423090.924 423093.776 423093.220 423092.640 423092.050 423091.490 423090.940 423090.390 423089.840 423089.100 423088.050 423085.392 564837.902 564847.450 564866.000 564890.950 564896.804 564896.804 564891.050 564885.000 564878.800 564872.750 564866.850 564860.850 564854.950 564846.950 564837.902 564837.902
16 423085.392 423086.350 423088.100 423090.350 423090.924 423093.776 423093.220 423092.640 423092.050 423091.490 423090.940 423090.390 423089.840 423089.100 423088.050 423085.392 564837.902 564847.450 564866.000 564890.950 564896.804 564896.804 564891.050 564885.000 564878.800 564872.750 564866.850 564860.850 564854.950 564846.950 564837.902 564837.902
16 423085.392 423086.350 423088.100 423090.350 423090.924 423093.776 423093.220 423092.640 423092.050 423091.490 423090.940 423090.390 423089.840 423089.100 423088.050 423085.392 564837.902 564847.450 564866.000 564890.950 564896.804 564896.804 564891.050 564885.000 564878.800 564872.750 564866.850 564860.850 564854.950 564846.950 564837.902 564837.902
16 423085.392 423086.350 423088.100 423090.350 423090.924 423093.776 423093.220 423092.640 423092.050 423091.490 423090.940 423090.390 423089.840 423089.100 423088.050 423085.392 564837.902 564847.450 564866.000 564890.950 564896.804 564896.804 564891.050 564885.000 564878.800 564872.750 564866.850 564860.850 564854.950 564846.950 564837.902 564837.902
18 423073.665 423073.920 423074.650 423075.250 423075.800 423076.550 423077.230 423077.850 423078.460 423079.050 423079.303 423082.019 423080.900 423078.150 423077.250 423076.500 423076.290 423073.665 564837.902 564840.340 564847.550 564853.750 564859.510 564867.400 564874.650 564881.200 564887.750 564894.000 564896.804 564896.804 564884.450 564857.300 564847.500 564840.100 564837.902 564837.902
18 423073.665 423073.920 423074.650 423075.250 423075.800 423076.550 423077.230 423077.850 423078.460 423079.050 423079.303 423082.019 423080.900 423078.150 423077.250 423076.500 423076.290 423073.665 564837.902 564840.340 564847.550 564853.750 564859.510 564867.400 564874.650 564881.200 564887.750 564894.000 564896.804 564896.804 564884.450 564857.300 564847.500 564840.100 564837.902 564837.902
18 423073.665 423073.920 423074.650 423075.250 423075.800 423076.550 423077.230 423077.850 423078.460 423079.050 423079.303 423082.019 423080.900 423078.150 423077.250 423076.500 423076.290 423073.665 564837.902 564840.340 564847.550 564853.750 564859.510 564867.400 564874.650 564881.200 564887.750 564894.000 564896.804 564896.804 564884.450 564857.300 564847.500 564840.100 564837.902 564837.902
18 423073.665 423073.920 423074.650 423075.250 423075.800 423076.550 423077.230 423077.850 423078.460 423079.050 423079.303 423082.019 423080.900 423078.150 423077.250 423076.500 423076.290 423073.665 564837.902 564840.340 564847.550 564853.750 564859.510 564867.400 564874.650 564881.200 564887.750 564894.000 564896.804 564896.804 564884.450 564857.300 564847.500 564840.100 564837.902 564837.902
5 423020.550 423021.950 423021.600 423020.100 423020.550 564888.350 564888.150 564883.350 564883.600 564888.350
82 423026.147 423025.650 423025.100 423024.560 423024.050 423023.540 423023.000 423022.000 423029.630 423039.500 423039.598 423039.600 423042.620 423042.500 423048.830 423054.600 423054.450 423054.000 423053.533 423043.525 423041.020 423028.800 423020.600 423020.412 423016.631 423016.550 423016.600 423016.700 423016.900 423017.250 423017.700 423018.250 423018.950 423019.200 423019.850 423020.600 423021.350 423024.100 423023.950 423036.200 423036.400 423039.350 423039.950 423040.500 423041.100 423041.350 423052.250 423052.680 423052.750 423053.150 423042.600 423042.150 423041.650 423041.100 423040.500 423039.850 423039.550 423037.100 423037.150 423025.000 423024.800 423023.900 423023.000 423022.100 423021.450 423020.700 423020.050 423019.550 423019.100 423018.800 423018.600 423018.550 423018.450 423020.050 423021.550 423019.650 423019.670 423019.960 423020.050 423022.050 423022.814 423026.147 564896.804 564891.450 564885.700 564880.050 564874.650 564869.260 564863.450 564852.750 564851.960 564850.950 564852.110 564852.130 564851.860 564850.600 564849.930 564849.400 564847.810 564842.300 564837.902 564837.902 564838.220 564839.410 564840.200 564837.902 564837.902 564838.550 564839.300 564840.000 564840.650 564841.350 564842.000 564842.650 564843.100 564843.250 564843.550 564843.700 564843.750 564843.450 564841.800 564840.550 564842.250 564841.900 564841.650 564841.250 564840.500 564839.900 564838.800 564842.350 564843.550 564847.960 564848.950 564848.500 564848.150 564847.850 564847.650 564847.600 564847.650 564847.900 564849.400 564850.800 564849.150 564849.250 564849.450 564849.800 564850.200 564850.700 564851.250 564851.950 564852.800 564853.600 564854.450 564855.000 564865.500 564865.350 564882.750 564883.000 564883.250 564887.640 564889.100 564888.900 564896.804 564896.804
82 423026.147 423025.650 423025.100 423024.560 423024.050 423023.540 423023.000 423022.000 423029.630 423039.500 423039.598 423039.600 423042.620 423042.500 423048.830 423054.600 423054.450 423054.000 423053.533 423043.525 423041.020 423028.800 423020.600 423020.412 423016.631 423016.550 423016.600 423016.700 423016.900 423017.250 423017.700 423018.250 423018.950 423019.200 423019.850 423020.600 423021.350 423024.100 423023.950 423036.200 423036.400 423039.350 423039.950 423040.500 423041.100 423041.350 423052.250 423052.680 423052.750 423053.150 423042.600 423042.150 423041.650 423041.100 423040.500 423039.850 423039.550 423037.100 423037.150 423025.000 423024.800 423023.900 423023.000 423022.100 423021.450 423020.700 423020.050 423019.550 423019.100 423018.800 423018.600 423018.550 423018.450 423020.050 423021.550 423019.650 423019.670 423019.960 423020.050 423022.050 423022.814 423026.147 564896.804 564891.450 564885.700 564880.050 564874.650 564869.260 564863.450 564852.750 564851.960 564850.950 564852.110 564852.130 564851.860 564850.600 564849.930 564849.400 564847.810 564842.300 564837.902 564837.902 564838.220 564839.410 564840.200 564837.902 564837.902 564838.550 564839.300 564840.000 564840.650 564841.350 564842.000 564842.650 564843.100 564843.250 564843.550 564843.700 564843.750 564843.450 564841.800 564840.550 564842.250 564841.900 564841.650 564841.250 564840.500 564839.900 564838.800 564842.350 564843.550 564847.960 564848.950 564848.500 564848.150 564847.850 564847.650 564847.600 564847.650 564847.900 564849.400 564850.800 564849.150 564849.250 564849.450 564849.800 564850.200 564850.700 564851.250 564851.950 564852.800 564853.600 564854.450 564855.000 564865.500 564865.350 564882.750 564883.000 564883.250 564887.640 564889.100 564888.900 564896.804 564896.804
82 423026.147 423025.650 423025.100 423024.560 423024.050 423023.540 423023.000 423022.000 423029.630 423039.500 423039.598 423039.600 423042.620 423042.500 423048.830 423054.600 423054.450 423054.000 423053.533 423043.525 423041.020 423028.800 423020.600 423020.412 423016.631 423016.550 423016.600 423016.700 423016.900 423017.250 423017.700 423018.250 423018.950 423019.200 423019.850 423020.600 423021.350 423024.100 423023.950 423036.200 423036.400 423039.350 423039.950 423040.500 423041.100 423041.350 423052.250 423052.680 423052.750 423053.150 423042.600 423042.150 423041.650 423041.100 423040.500 423039.850 423039.550 423037.100 423037.150 423025.000 423024.800 423023.900 423023.000 423022.100 423021.450 423020.700 423020.050 423019.550 423019.100 423018.800 423018.600 423018.550 423018.450 423020.050 423021.550 423019.650 423019.670 423019.960 423020.050 423022.050 423022.814 423026.147 564896.804 564891.450 564885.700 564880.050 564874.650 564869.260 564863.450 564852.750 564851.960 564850.950 564852.110 564852.130 564851.860 564850.600 564849.930 564849.400 564847.810 564842.300 564837.902 564837.902 564838.220 564839.410 564840.200 564837.902 564837.902 564838.550 564839.300 564840.000 564840.650 564841.350 564842.000 564842.650 564843.100 564843.250 564843.550 564843.700 564843.750 564843.450 564841.800 564840.550 564842.250 564841.900 564841.650 564841.250 564840.500 564839.900 564838.800 564842.350 564843.550 564847.960 564848.950 564848.500 564848.150 564847.850 564847.650 564847.600 564847.650 564847.900 564849.400 564850.800 564849.150 564849.250 564849.450 564849.800 564850.200 564850.700 564851.250 564851.950 564852.800 564853.600 564854.450 564855.000 564865.500 564865.350 564882.750 564883.000 564883.250 564887.640 564889.100 564888.900 564896.804 564896.804
82 423026.147 423025.650 423025.100 423024.560 423024.050 423023.540 423023.000 423022.000 423029.630 423039.500 423039.598 423039.600 423042.620 423042.500 423048.830 423054.600 423054.450 423054.000 423053.533 423043.525 423041.020 423028.800 423020.600 423020.412 423016.631 423016.550 423016.600 423016.700 423016.900 423017.250 423017.700 423018.250 423018.950 423019.200 423019.850 423020.600 423021.350 423024.100 423023.950 423036.200 423036.400 423039.350 423039.950 423040.500 423041.100 423041.350 423052.250 423052.680 423052.750 423053.150 423042.600 423042.150 423041.650 423041.100 423040.500 423039.850 423039.550 423037.100 423037.150 423025.000 423024.800 423023.900 423023.000 423022.100 423021.450 423020.700 423020.050 423019.550 423019.100 423018.800 423018.600 423018.550 423018.450 423020.050 423021.550 423019.650 423019.670 423019.960 423020.050 423022.050 423022.814 423026.147 564896.804 564891.450 564885.700 564880.050 564874.650 564869.260 564863.450 564852.750 564851.960 564850.950 564852.110 564852.130 564851.860 564850.600 564849.930 564849.400 564847.810 564842.300 564837.902 564837.902 564838.220 564839.410 564840.200 564837.902 564837.902 564838.550 564839.300 564840.000 564840.650 564841.350 564842.000 564842.650 564843.100 564843.250 564843.550 564843.700 564843.750 564843.450 564841.800 564840.550 564842.250 564841.900 564841.650 564841.250 564840.500 564839.900 564838.800 564842.350 564843.550 564847.960 564848.950 564848.500 564848.150 564847.850 564847.650 564847.600 564847.650 564847.900 564849.400 564850.800 564849.150 564849.250 564849.450 564849.800 564850.200 564850.700 564851.250 564851.950 564852.800 564853.600 564854.450 564855.000 564865.500 564865.350 564882.750 564883.000 564883.250 564887.640 564889.100 564888.900 564896.804 564896.804
6 423015.664 423015.400 423014.850 423014.685 423014.685 423015.664 564896.804 564893.750 564887.980 564886.218 564896.804 564896.804
6 423015.664 423015.400 423014.850 423014.685 423014.685 423015.664 564896.804 564893.750 564887.980 564886.218 564896.804 564896.804
