28
41 423632.187 423630.800 423629.550 423629.100 423628.550 423627.140 423627.150 423602.650 423596.250 423596.170 423596.160 423593.510 423593.540 423590.620 423560.170 423560.030 423559.903 423558.700 423558.700 423558.800 423557.600 423556.800 423556.100 423555.969 423555.969 423556.570 423559.820 423565.550 423569.600 423573.300 423576.700 423585.350 423597.950 423603.730 423604.000 423610.050 423617.250 423620.800 423638.074 423638.074 423632.187 564602.296 564603.150 564603.750 564604.050 564604.200 564604.260 564604.400 564605.000 564604.950 564604.460 564603.210 564603.390 564605.090 564605.020 564605.650 564604.880 564602.296 564602.296 564603.750 564605.600 564605.550 564605.550 564605.500 564605.478 564610.152 564610.180 564610.090 564607.630 564607.500 564607.450 564607.450 564607.350 564607.300 564607.140 564607.130 564606.950 564606.860 564608.520 564608.210 564602.296 564602.296
41 423632.187 423630.800 423629.550 423629.100 423628.550 423627.140 423627.150 423602.650 423596.250 423596.170 423596.160 423593.510 423593.540 423590.620 423560.170 423560.030 423559.903 423558.700 423558.700 423558.800 423557.600 423556.800 423556.100 423555.969 423555.969 423556.570 423559.820 423565.550 423569.600 423573.300 423576.700 423585.350 423597.950 423603.730 423604.000 423610.050 423617.250 423620.800 423638.074 423638.074 423632.187 564602.296 564603.150 564603.750 564604.050 564604.200 564604.260 564604.400 564605.000 564604.950 564604.460 564603.210 564603.390 564605.090 564605.020 564605.650 564604.880 564602.296 564602.296 564603.750 564605.600 564605.550 564605.550 564605.500 564605.478 564610.152 564610.180 564610.090 564607.630 564607.500 564607.450 564607.450 564607.350 564607.300 564607.140 564607.130 564606.950 564606.860 564608.520 564608.210 564602.296 564602.296
20 423555.969 423555.969 423555.500 423554.950 423554.400 423553.950 423553.300 423552.700 423552.250 423551.800 423551.727 423549.019 423549.019 423549.020 423550.490 423551.640 423552.600 423554.060 423555.300 423555.969 564610.152 564605.478 564605.400 564605.200 564605.050 564604.750 564604.300 564603.650 564603.200 564602.400 564602.296 564602.296 564606.098 564606.100 564608.020 564608.860 564609.360 564609.880 564610.120 564610.152
8 423627.140 423627.112 423626.140 423596.170 423596.250 423602.650 423627.150 423627.140 564604.260 564603.582 564603.610 564604.460 564604.950 564605.000 564604.400 564604.260
5 423590.690 423560.030 423560.170 423590.620 423590.690 564604.350 564604.880 564605.650 564605.020 564604.350
10 423634.130 423634.210 423635.210 423635.790 423636.160 423636.190 423636.080 423635.640 423635.330 423634.130 564612.330 564614.130 564614.160 564613.910 564613.340 564613.000 564612.680 564612.350 564612.300 564612.330
10 423632.210 423632.180 423631.380 423631.020 423630.710 423630.540 423630.410 423630.810 423631.460 423632.210 564614.270 564612.320 564612.220 564612.360 564612.620 564612.840 564613.300 564613.800 564614.300 564614.270
5 423634.130 423632.180 423632.210 423634.210 423634.130 564612.330 564612.320 564614.270 564614.130 564612.330
24 423555.969 423555.969 423556.500 423558.250 423559.650 423561.200 423562.350 423563.300 423564.400 423565.650 423566.500 423568.150 423569.250 423570.100 423571.900 423573.750 423574.540 423575.920 423575.870 423575.600 423575.050 423573.400 423561.450 423555.969 564621.020 564628.411 564628.350 564628.300 564628.400 564628.350 564628.400 564628.550 564628.600 564628.900 564629.050 564629.450 564629.650 564629.950 564630.200 564630.700 564629.870 564622.070 564621.740 564621.320 564621.080 564620.760 564620.900 564621.020
35 423615.150 423615.750 423616.200 423616.650 423617.000 423617.700 423618.050 423618.550 423619.200 423620.150 423621.400 423622.450 423623.600 423625.400 423627.600 423629.550 423631.000 423633.300 423635.350 423637.100 423638.074 423638.074 423617.850 423614.750 423613.600 423612.130 423610.580 423610.130 423610.060 423610.440 423610.790 423611.520 423612.090 423612.690 423615.150 564632.790 564635.250 564635.250 564635.280 564635.300 564635.200 564635.000 564634.750 564634.500 564634.150 564633.650 564633.200 564632.750 564632.050 564631.250 564630.450 564629.950 564629.050 564628.400 564627.850 564627.558 564619.786 564620.150 564620.150 564620.930 564621.710 564623.130 564624.320 564625.040 564628.180 564629.510 564630.460 564630.920 564631.370 564632.790
89 423574.540 423573.750 423575.600 423577.300 423576.270 423577.920 423578.520 423579.450 423580.800 423590.500 423591.460 423593.310 423594.280 423595.180 423596.360 423597.150 423597.850 423598.120 423598.310 423598.380 423598.240 423597.940 423597.500 423596.850 423596.180 423595.200 423593.480 423592.400 423591.800 423591.100 423591.850 423592.450 423593.050 423593.600 423594.300 423595.100 423595.950 423596.800 423597.500 423597.600 423598.250 423598.750 423599.050 423599.550 423599.850 423600.200 423600.500 423600.850 423601.050 423601.150 423601.100 423601.100 423601.050 423600.850 423600.550 423600.100 423599.600 423599.250 423598.850 423598.600 423598.300 423598.000 423597.720 423596.900 423596.450 423595.650 423593.900 423593.150 423592.400 423591.550 423569.900 423569.600 423569.250 423568.800 423565.800 423564.350 423562.850 423561.350 423558.750 423556.800 423555.969 423555.969 423561.450 423573.400 423575.050 423575.600 423575.870 423575.920 423574.540 564629.870 564630.700 564631.250 564631.700 564630.620 564622.390 564621.620 564621.020 564620.640 564620.400 564620.390 564620.840 564621.280 564621.850 564622.970 564624.260 564626.270 564627.310 564628.370 564629.440 564630.660 564631.630 564632.550 564633.470 564634.150 564634.850 564635.480 564635.760 564635.760 564637.350 564637.700 564638.050 564638.100 564638.100 564638.050 564637.950 564637.700 564637.350 564636.900 564636.800 564636.300 564635.650 564635.150 564634.400 564633.750 564633.000 564632.300 564631.300 564630.300 564629.300 564628.200 564627.300 564626.350 564625.650 564624.800 564623.650 564622.550 564622.100 564621.250 564620.950 564620.700 564620.500 564620.320 564619.750 564619.400 564619.000 564618.300 564618.050 564617.950 564618.000 564618.450 564618.200 564617.950 564617.650 564617.200 564617.050 564616.900 564616.850 564616.850 564617.000 564617.137 564621.020 564620.900 564620.760 564621.080 564621.320 564621.740 564622.070 564629.870
38 423577.300 423578.900 423580.800 423582.450 423583.650 423585.200 423586.200 423587.300 423588.250 423589.450 423590.350 423591.100 423591.800 423592.400 423593.480 423595.200 423596.180 423596.850 423597.500 423597.940 423598.240 423598.380 423598.310 423598.120 423597.850 423597.150 423596.360 423595.180 423594.280 423593.310 423591.460 423590.500 423580.800 423579.450 423578.520 423577.920 423576.270 423577.300 564631.700 564632.250 564632.900 564633.500 564634.050 564634.550 564635.000 564635.500 564636.050 564636.600 564637.050 564637.350 564635.760 564635.760 564635.480 564634.850 564634.150 564633.470 564632.550 564631.630 564630.660 564629.440 564628.370 564627.310 564626.270 564624.260 564622.970 564621.850 564621.280 564620.840 564620.390 564620.400 564620.640 564621.020 564621.620 564622.390 564630.620 564631.700
11 423555.969 423555.969 423552.300 423551.250 423549.019 423549.019 423550.250 423551.850 423553.500 423555.200 423555.969 564628.411 564621.020 564621.100 564621.100 564621.169 564629.723 564629.300 564628.850 564628.600 564628.500 564628.411
15 423559.600 423560.500 423559.400 423558.150 423557.150 423556.050 423555.969 423555.969 423556.400 423556.800 423557.250 423557.750 423558.250 423558.950 423559.600 564634.100 564633.990 564633.900 564633.900 564633.950 564634.000 564634.010 564635.920 564635.450 564635.100 564634.800 564634.500 564634.300 564634.150 564634.100
30 423632.650 423633.100 423632.100 423630.550 423629.700 423628.700 423627.850 423627.000 423626.300 423625.700 423625.150 423624.900 423624.550 423624.350 423624.200 423624.150 423624.000 423624.000 423624.800 423625.650 423626.550 423627.500 423628.250 423628.900 423629.550 423630.400 423630.800 423631.350 423631.900 423632.650 564636.500 564635.250 564635.650 564636.200 564636.700 564637.150 564637.750 564638.500 564639.250 564640.050 564640.800 564641.300 564642.050 564642.450 564643.300 564643.800 564644.500 564644.850 564644.600 564644.200 564643.700 564642.950 564642.400 564641.900 564641.200 564640.200 564639.650 564638.850 564637.850 564636.500
29 423555.300 423555.969 423555.969 423554.800 423553.500 423553.350 423552.100 423550.900 423549.650 423549.019 423549.019 423549.220 423549.270 423550.980 423550.750 423550.500 423550.450 423550.500 423550.600 423550.750 423551.000 423551.250 423551.650 423552.250 423552.900 423553.450 423554.050 423554.700 423555.300 564636.650 564635.920 564634.010 564634.150 564634.350 564634.350 564634.400 564634.650 564635.050 564635.366 564659.425 564659.420 564660.900 564660.850 564651.500 564643.750 564643.250 564642.750 564642.350 564641.950 564641.550 564641.200 564640.650 564639.950 564639.250 564638.600 564638.000 564637.300 564636.650
33 423624.800 423624.150 423624.300 423624.650 423624.800 423624.950 423625.250 423625.600 423625.900 423626.050 423626.150 423626.300 423626.550 423627.300 423628.400 423629.500 423630.750 423630.600 423630.550 423630.450 423630.450 423630.250 423630.100 423629.850 423629.550 423629.250 423628.900 423628.550 423628.150 423627.800 423626.600 423625.600 423624.800 564646.350 564646.650 564647.500 564649.100 564650.100 564651.050 564652.300 564653.350 564654.550 564655.300 564655.850 564655.950 564656.050 564656.300 564656.650 564656.950 564657.400 564653.800 564649.400 564647.000 564646.050 564645.600 564645.150 564644.900 564644.800 564644.750 564644.750 564644.800 564644.800 564645.050 564645.450 564646.050 564646.350
53 423638.074 423614.200 423613.650 423613.250 423612.550 423611.900 423611.200 423610.550 423609.800 423609.170 423608.650 423608.150 423607.700 423607.350 423607.150 423607.000 423606.850 423606.650 423606.500 423606.500 423606.550 423606.650 423606.700 423606.850 423607.100 423607.350 423607.650 423608.000 423608.400 423609.300 423610.300 423611.150 423611.950 423612.900 423613.550 423614.550 423615.150 423615.750 423615.150 423612.690 423612.090 423611.520 423610.790 423610.440 423610.060 423610.130 423610.580 423612.130 423613.600 423614.750 423617.850 423638.074 423638.074 564617.434 564618.050 564618.150 564618.300 564618.600 564618.850 564619.150 564619.450 564619.850 564620.270 564620.750 564621.300 564621.900 564622.450 564623.100 564623.700 564624.250 564624.950 564625.750 564626.450 564627.250 564628.150 564628.800 564629.400 564629.950 564630.350 564630.700 564631.100 564631.500 564632.300 564633.100 564633.700 564634.150 564634.650 564634.850 564635.100 564635.150 564635.250 564632.790 564631.370 564630.920 564630.460 564629.510 564628.180 564625.040 564624.320 564623.130 564621.710 564620.930 564620.150 564620.150 564619.786 564617.434
53 423638.074 423614.200 423613.650 423613.250 423612.550 423611.900 423611.200 423610.550 423609.800 423609.170 423608.650 423608.150 423607.700 423607.350 423607.150 423607.000 423606.850 423606.650 423606.500 423606.500 423606.550 423606.650 423606.700 423606.850 423607.100 423607.350 423607.650 423608.000 423608.400 423609.300 423610.300 423611.150 423611.950 423612.900 423613.550 423614.550 423615.150 423615.750 423615.150 423612.690 423612.090 423611.520 423610.790 423610.440 423610.060 423610.130 423610.580 423612.130 423613.600 423614.750 423617.850 423638.074 423638.074 564617.434 564618.050 564618.150 564618.300 564618.600 564618.850 564619.150 564619.450 564619.850 564620.270 564620.750 564621.300 564621.900 564622.450 564623.100 564623.700 564624.250 564624.950 564625.750 564626.450 564627.250 564628.150 564628.800 564629.400 564629.950 564630.350 564630.700 564631.100 564631.500 564632.300 564633.100 564633.700 564634.150 564634.650 564634.850 564635.100 564635.150 564635.250 564632.790 564631.370 564630.920 564630.460 564629.510 564628.180 564625.040 564624.320 564623.130 564621.710 564620.930 564620.150 564620.150 564619.786 564617.434
53 423638.074 423614.200 423613.650 423613.250 423612.550 423611.900 423611.200 423610.550 423609.800 423609.170 423608.650 423608.150 423607.700 423607.350 423607.150 423607.000 423606.850 423606.650 423606.500 423606.500 423606.550 423606.650 423606.700 423606.850 423607.100 423607.350 423607.650 423608.000 423608.400 423609.300 423610.300 423611.150 423611.950 423612.900 423613.550 423614.550 423615.150 423615.750 423615.150 423612.690 423612.090 423611.520 423610.790 423610.440 423610.060 423610.130 423610.580 423612.130 423613.600 423614.750 423617.850 423638.074 423638.074 564617.434 564618.050 564618.150 564618.300 564618.600 564618.850 564619.150 564619.450 564619.850 564620.270 564620.750 564621.300 564621.900 564622.450 564623.100 564623.700 564624.250 564624.950 564625.750 564626.450 564627.250 564628.150 564628.800 564629.400 564629.950 564630.350 564630.700 564631.100 564631.500 564632.300 564633.100 564633.700 564634.150 564634.650 564634.850 564635.100 564635.150 564635.250 564632.790 564631.370 564630.920 564630.460 564629.510 564628.180 564625.040 564624.320 564623.130 564621.710 564620.930 564620.150 564620.150 564619.786 564617.434
9 423552.300 423555.969 423555.969 423552.850 423550.700 423549.019 423549.019 423551.250 423552.300 564621.100 564621.020 564617.137 564617.650 564618.100 564618.502 564621.169 564621.100 564621.100
9 423552.300 423555.969 423555.969 423552.850 423550.700 423549.019 423549.019 423551.250 423552.300 564621.100 564621.020 564617.137 564617.650 564618.100 564618.502 564621.169 564621.100 564621.100
54 423638.074 423637.900 423635.330 423633.100 423632.650 423631.900 423631.350 423630.800 423630.400 423629.550 423628.900 423628.250 423627.500 423626.550 423625.650 423624.800 423624.000 423624.000 423624.100 423624.150 423624.800 423625.600 423626.600 423627.800 423628.150 423628.550 423628.900 423629.250 423629.550 423629.850 423630.100 423630.250 423630.450 423630.450 423630.550 423630.600 423630.750 423630.823 423632.921 423632.890 423632.800 423632.700 423633.290 423632.650 423632.500 423632.400 423632.850 423633.450 423633.900 423634.500 423636.350 423636.350 423638.074 423638.074 564633.738 564633.800 564634.550 564635.250 564636.500 564637.850 564638.850 564639.650 564640.200 564641.200 564641.900 564642.400 564642.950 564643.700 564644.200 564644.600 564644.850 564645.200 564645.900 564646.650 564646.350 564646.050 564645.450 564645.050 564644.800 564644.800 564644.750 564644.750 564644.800 564644.900 564645.150 564645.600 564646.050 564647.000 564649.400 564653.800 564657.400 564661.198 564661.198 564659.900 564656.000 564651.800 564650.930 564650.400 564646.000 564642.800 564642.350 564641.650 564641.350 564640.600 564640.550 564636.400 564635.855 564633.738
54 423638.074 423637.900 423635.330 423633.100 423632.650 423631.900 423631.350 423630.800 423630.400 423629.550 423628.900 423628.250 423627.500 423626.550 423625.650 423624.800 423624.000 423624.000 423624.100 423624.150 423624.800 423625.600 423626.600 423627.800 423628.150 423628.550 423628.900 423629.250 423629.550 423629.850 423630.100 423630.250 423630.450 423630.450 423630.550 423630.600 423630.750 423630.823 423632.921 423632.890 423632.800 423632.700 423633.290 423632.650 423632.500 423632.400 423632.850 423633.450 423633.900 423634.500 423636.350 423636.350 423638.074 423638.074 564633.738 564633.800 564634.550 564635.250 564636.500 564637.850 564638.850 564639.650 564640.200 564641.200 564641.900 564642.400 564642.950 564643.700 564644.200 564644.600 564644.850 564645.200 564645.900 564646.650 564646.350 564646.050 564645.450 564645.050 564644.800 564644.800 564644.750 564644.750 564644.800 564644.900 564645.150 564645.600 564646.050 564647.000 564649.400 564653.800 564657.400 564661.198 564661.198 564659.900 564656.000 564651.800 564650.930 564650.400 564646.000 564642.800 564642.350 564641.650 564641.350 564640.600 564640.550 564636.400 564635.855 564633.738
136 423555.969 423555.969 423556.150 423556.800 423557.550 423558.100 423558.600 423559.000 423559.450 423560.450 423562.450 423563.250 423564.350 423565.700 423566.850 423568.050 423569.000 423569.800 423570.350 423571.050 423571.700 423572.000 423572.350 423575.600 423580.450 423580.400 423583.900 423585.645 423585.700 423585.710 423588.550 423588.550 423589.610 423591.050 423590.971 423591.250 423592.350 423593.500 423594.650 423595.381 423595.625 423596.494 423596.908 423597.340 423599.950 423601.750 423602.060 423602.850 423606.279 423606.824 423607.591 423608.224 423608.550 423610.800 423612.350 423613.080 423613.300 423614.350 423615.050 423615.650 423616.450 423618.400 423618.900 423618.500 423618.750 423618.954 423620.810 423620.700 423620.650 423620.600 423620.350 423619.900 423619.350 423618.650 423618.350 423617.550 423616.650 423615.700 423615.150 423614.350 423613.150 423611.850 423611.650 423610.890 423609.900 423608.150 423604.450 423600.750 423598.750 423598.100 423597.520 423593.600 423593.250 423591.400 423589.600 423589.200 423587.350 423585.500 423583.900 423582.250 423581.150 423579.400 423578.850 423578.350 423577.800 423577.200 423576.750 423575.750 423575.150 423574.800 423574.400 423574.000 423573.650 423572.650 423571.800 423571.350 423570.850 423570.250 423569.700 423569.250 423568.850 423566.900 423565.550 423563.950 423563.300 423562.600 423561.950 423560.500 423559.600 423558.950 423558.250 423557.750 423557.250 423556.800 423556.400 423555.969 564635.920 564638.967 564638.750 564638.150 564637.250 564636.700 564636.450 564636.200 564635.900 564635.850 564635.850 564635.900 564636.100 564636.350 564636.500 564636.700 564636.950 564637.150 564637.400 564637.600 564637.900 564638.150 564638.400 564639.000 564641.150 564642.700 564642.700 564643.573 564646.300 564646.800 564646.750 564648.950 564649.950 564649.900 564645.560 564645.650 564645.900 564646.250 564646.500 564646.625 564646.667 564646.816 564646.808 564646.800 564646.750 564646.700 564646.690 564646.650 564646.477 564646.449 564646.410 564646.443 564646.460 564646.350 564646.500 564646.580 564646.600 564646.900 564647.050 564647.300 564647.400 564650.050 564650.600 564651.860 564651.850 564661.198 564661.198 564652.700 564651.000 564650.350 564649.650 564648.750 564647.850 564647.100 564646.850 564646.250 564645.700 564645.250 564645.070 564644.800 564644.600 564644.400 564644.400 564644.330 564644.250 564644.300 564644.500 564644.750 564644.850 564644.900 564644.820 564644.300 564644.250 564643.900 564643.350 564643.250 564642.500 564641.650 564640.800 564639.950 564639.400 564638.600 564638.400 564638.100 564637.850 564637.600 564637.450 564637.150 564637.000 564636.850 564636.650 564636.500 564636.350 564636.050 564635.700 564635.500 564635.350 564635.250 564635.150 564635.050 564634.950 564634.600 564634.400 564634.200 564634.150 564634.050 564634.050 564633.990 564634.100 564634.150 564634.300 564634.500 564634.800 564635.100 564635.450 564635.920
136 423555.969 423555.969 423556.150 423556.800 423557.550 423558.100 423558.600 423559.000 423559.450 423560.450 423562.450 423563.250 423564.350 423565.700 423566.850 423568.050 423569.000 423569.800 423570.350 423571.050 423571.700 423572.000 423572.350 423575.600 423580.450 423580.400 423583.900 423585.645 423585.700 423585.710 423588.550 423588.550 423589.610 423591.050 423590.971 423591.250 423592.350 423593.500 423594.650 423595.381 423595.625 423596.494 423596.908 423597.340 423599.950 423601.750 423602.060 423602.850 423606.279 423606.824 423607.591 423608.224 423608.550 423610.800 423612.350 423613.080 423613.300 423614.350 423615.050 423615.650 423616.450 423618.400 423618.900 423618.500 423618.750 423618.954 423620.810 423620.700 423620.650 423620.600 423620.350 423619.900 423619.350 423618.650 423618.350 423617.550 423616.650 423615.700 423615.150 423614.350 423613.150 423611.850 423611.650 423610.890 423609.900 423608.150 423604.450 423600.750 423598.750 423598.100 423597.520 423593.600 423593.250 423591.400 423589.600 423589.200 423587.350 423585.500 423583.900 423582.250 423581.150 423579.400 423578.850 423578.350 423577.800 423577.200 423576.750 423575.750 423575.150 423574.800 423574.400 423574.000 423573.650 423572.650 423571.800 423571.350 423570.850 423570.250 423569.700 423569.250 423568.850 423566.900 423565.550 423563.950 423563.300 423562.600 423561.950 423560.500 423559.600 423558.950 423558.250 423557.750 423557.250 423556.800 423556.400 423555.969 564635.920 564638.967 564638.750 564638.150 564637.250 564636.700 564636.450 564636.200 564635.900 564635.850 564635.850 564635.900 564636.100 564636.350 564636.500 564636.700 564636.950 564637.150 564637.400 564637.600 564637.900 564638.150 564638.400 564639.000 564641.150 564642.700 564642.700 564643.573 564646.300 564646.800 564646.750 564648.950 564649.950 564649.900 564645.560 564645.650 564645.900 564646.250 564646.500 564646.625 564646.667 564646.816 564646.808 564646.800 564646.750 564646.700 564646.690 564646.650 564646.477 564646.449 564646.410 564646.443 564646.460 564646.350 564646.500 564646.580 564646.600 564646.900 564647.050 564647.300 564647.400 564650.050 564650.600 564651.860 564651.850 564661.198 564661.198 564652.700 564651.000 564650.350 564649.650 564648.750 564647.850 564647.100 564646.850 564646.250 564645.700 564645.250 564645.070 564644.800 564644.600 564644.400 564644.400 564644.330 564644.250 564644.300 564644.500 564644.750 564644.850 564644.900 564644.820 564644.300 564644.250 564643.900 564643.350 564643.250 564642.500 564641.650 564640.800 564639.950 564639.400 564638.600 564638.400 564638.100 564637.850 564637.600 564637.450 564637.150 564637.000 564636.850 564636.650 564636.500 564636.350 564636.050 564635.700 564635.500 564635.350 564635.250 564635.150 564635.050 564634.950 564634.600 564634.400 564634.200 564634.150 564634.050 564634.050 564633.990 564634.100 564634.150 564634.300 564634.500 564634.800 564635.100 564635.450 564635.920
59 423553.175 423553.150 423553.500 423553.950 423554.000 423553.750 423553.300 423553.150 423553.050 423553.350 423553.750 423553.800 423553.750 423553.450 423553.150 423552.950 423552.850 423553.150 423553.450 423553.700 423553.750 423553.300 423553.000 423552.850 423552.800 423553.100 423553.500 423553.700 423553.750 423553.650 423553.150 423553.050 423552.800 423552.650 423552.750 423553.850 423555.100 423555.650 423555.969 423555.969 423555.300 423554.700 423554.050 423553.450 423552.900 423552.250 423551.650 423551.250 423551.000 423550.750 423550.600 423550.500 423550.450 423550.500 423550.750 423550.980 423549.270 423549.281 423553.175 564661.198 564660.350 564660.050 564659.650 564659.500 564659.300 564658.950 564658.800 564655.400 564655.100 564654.650 564654.500 564654.300 564653.950 564653.700 564653.700 564650.100 564649.800 564649.450 564649.250 564649.000 564648.650 564648.450 564648.400 564645.200 564644.950 564644.550 564644.400 564644.250 564644.100 564643.650 564643.500 564643.450 564643.450 564642.900 564641.250 564640.050 564639.350 564638.967 564635.920 564636.650 564637.300 564638.000 564638.600 564639.250 564639.950 564640.650 564641.200 564641.550 564641.950 564642.350 564642.750 564643.250 564643.750 564651.500 564660.850 564660.900 564661.198 564661.198
59 423553.175 423553.150 423553.500 423553.950 423554.000 423553.750 423553.300 423553.150 423553.050 423553.350 423553.750 423553.800 423553.750 423553.450 423553.150 423552.950 423552.850 423553.150 423553.450 423553.700 423553.750 423553.300 423553.000 423552.850 423552.800 423553.100 423553.500 423553.700 423553.750 423553.650 423553.150 423553.050 423552.800 423552.650 423552.750 423553.850 423555.100 423555.650 423555.969 423555.969 423555.300 423554.700 423554.050 423553.450 423552.900 423552.250 423551.650 423551.250 423551.000 423550.750 423550.600 423550.500 423550.450 423550.500 423550.750 423550.980 423549.270 423549.281 423553.175 564661.198 564660.350 564660.050 564659.650 564659.500 564659.300 564658.950 564658.800 564655.400 564655.100 564654.650 564654.500 564654.300 564653.950 564653.700 564653.700 564650.100 564649.800 564649.450 564649.250 564649.000 564648.650 564648.450 564648.400 564645.200 564644.950 564644.550 564644.400 564644.250 564644.100 564643.650 564643.500 564643.450 564643.450 564642.900 564641.250 564640.050 564639.350 564638.967 564635.920 564636.650 564637.300 564638.000 564638.600 564639.250 564639.950 564640.650 564641.200 564641.550 564641.950 564642.350 564642.750 564643.250 564643.750 564651.500 564660.850 564660.900 564661.198 564661.198
