22
74 423989.519 423988.050 423986.860 423985.180 423981.000 423977.910 423977.620 423977.340 423977.050 423976.760 423976.470 423976.180 423975.760 423975.470 423975.190 423974.900 423974.620 423974.350 423973.950 423973.100 423971.750 423970.200 423967.850 423964.050 423962.060 423956.750 423951.900 423951.114 423938.383 423938.900 423940.850 423943.150 423946.350 423949.500 423953.400 423957.220 423961.890 423968.790 423969.640 423970.170 423970.710 423971.260 423971.820 423972.380 423972.950 423973.190 423973.960 423974.540 423975.130 423975.710 423976.300 423976.890 423977.470 423978.400 423978.920 423979.430 423979.930 423980.430 423980.930 423981.410 423981.890 423982.360 423983.070 423983.590 423984.090 423984.570 423985.050 423985.500 423985.940 423986.360 423990.940 423989.860 423992.771 423989.519 564602.296 564604.300 564605.610 564608.430 564608.630 564612.910 564612.960 564613.000 564613.020 564613.030 564613.040 564613.030 564612.990 564612.950 564612.900 564612.840 564612.760 564612.680 564612.530 564612.350 564611.850 564611.200 564610.100 564608.350 564607.440 564605.000 564602.650 564602.296 564602.296 564602.500 564603.250 564604.100 564605.300 564606.500 564608.050 564610.150 564612.380 564615.680 564616.140 564616.390 564616.620 564616.830 564617.010 564617.170 564617.310 564617.350 564617.500 564617.580 564617.630 564617.660 564617.660 564617.630 564617.580 564617.430 564617.320 564617.180 564617.030 564616.850 564616.660 564616.450 564616.220 564615.980 564615.580 564615.250 564614.900 564614.540 564614.150 564613.740 564613.320 564612.880 564607.070 564606.280 564602.296 564602.296
74 423989.519 423988.050 423986.860 423985.180 423981.000 423977.910 423977.620 423977.340 423977.050 423976.760 423976.470 423976.180 423975.760 423975.470 423975.190 423974.900 423974.620 423974.350 423973.950 423973.100 423971.750 423970.200 423967.850 423964.050 423962.060 423956.750 423951.900 423951.114 423938.383 423938.900 423940.850 423943.150 423946.350 423949.500 423953.400 423957.220 423961.890 423968.790 423969.640 423970.170 423970.710 423971.260 423971.820 423972.380 423972.950 423973.190 423973.960 423974.540 423975.130 423975.710 423976.300 423976.890 423977.470 423978.400 423978.920 423979.430 423979.930 423980.430 423980.930 423981.410 423981.890 423982.360 423983.070 423983.590 423984.090 423984.570 423985.050 423985.500 423985.940 423986.360 423990.940 423989.860 423992.771 423989.519 564602.296 564604.300 564605.610 564608.430 564608.630 564612.910 564612.960 564613.000 564613.020 564613.030 564613.040 564613.030 564612.990 564612.950 564612.900 564612.840 564612.760 564612.680 564612.530 564612.350 564611.850 564611.200 564610.100 564608.350 564607.440 564605.000 564602.650 564602.296 564602.296 564602.500 564603.250 564604.100 564605.300 564606.500 564608.050 564610.150 564612.380 564615.680 564616.140 564616.390 564616.620 564616.830 564617.010 564617.170 564617.310 564617.350 564617.500 564617.580 564617.630 564617.660 564617.660 564617.630 564617.580 564617.430 564617.320 564617.180 564617.030 564616.850 564616.660 564616.450 564616.220 564615.980 564615.580 564615.250 564614.900 564614.540 564614.150 564613.740 564613.320 564612.880 564607.070 564606.280 564602.296 564602.296
74 423989.519 423988.050 423986.860 423985.180 423981.000 423977.910 423977.620 423977.340 423977.050 423976.760 423976.470 423976.180 423975.760 423975.470 423975.190 423974.900 423974.620 423974.350 423973.950 423973.100 423971.750 423970.200 423967.850 423964.050 423962.060 423956.750 423951.900 423951.114 423938.383 423938.900 423940.850 423943.150 423946.350 423949.500 423953.400 423957.220 423961.890 423968.790 423969.640 423970.170 423970.710 423971.260 423971.820 423972.380 423972.950 423973.190 423973.960 423974.540 423975.130 423975.710 423976.300 423976.890 423977.470 423978.400 423978.920 423979.430 423979.930 423980.430 423980.930 423981.410 423981.890 423982.360 423983.070 423983.590 423984.090 423984.570 423985.050 423985.500 423985.940 423986.360 423990.940 423989.860 423992.771 423989.519 564602.296 564604.300 564605.610 564608.430 564608.630 564612.910 564612.960 564613.000 564613.020 564613.030 564613.040 564613.030 564612.990 564612.950 564612.900 564612.840 564612.760 564612.680 564612.530 564612.350 564611.850 564611.200 564610.100 564608.350 564607.440 564605.000 564602.650 564602.296 564602.296 564602.500 564603.250 564604.100 564605.300 564606.500 564608.050 564610.150 564612.380 564615.680 564616.140 564616.390 564616.620 564616.830 564617.010 564617.170 564617.310 564617.350 564617.500 564617.580 564617.630 564617.660 564617.660 564617.630 564617.580 564617.430 564617.320 564617.180 564617.030 564616.850 564616.660 564616.450 564616.220 564615.980 564615.580 564615.250 564614.900 564614.540 564614.150 564613.740 564613.320 564612.880 564607.070 564606.280 564602.296 564602.296
74 423989.519 423988.050 423986.860 423985.180 423981.000 423977.910 423977.620 423977.340 423977.050 423976.760 423976.470 423976.180 423975.760 423975.470 423975.190 423974.900 423974.620 423974.350 423973.950 423973.100 423971.750 423970.200 423967.850 423964.050 423962.060 423956.750 423951.900 423951.114 423938.383 423938.900 423940.850 423943.150 423946.350 423949.500 423953.400 423957.220 423961.890 423968.790 423969.640 423970.170 423970.710 423971.260 423971.820 423972.380 423972.950 423973.190 423973.960 423974.540 423975.130 423975.710 423976.300 423976.890 423977.470 423978.400 423978.920 423979.430 423979.930 423980.430 423980.930 423981.410 423981.890 423982.360 423983.070 423983.590 423984.090 423984.570 423985.050 423985.500 423985.940 423986.360 423990.940 423989.860 423992.771 423989.519 564602.296 564604.300 564605.610 564608.430 564608.630 564612.910 564612.960 564613.000 564613.020 564613.030 564613.040 564613.030 564612.990 564612.950 564612.900 564612.840 564612.760 564612.680 564612.530 564612.350 564611.850 564611.200 564610.100 564608.350 564607.440 564605.000 564602.650 564602.296 564602.296 564602.500 564603.250 564604.100 564605.300 564606.500 564608.050 564610.150 564612.380 564615.680 564616.140 564616.390 564616.620 564616.830 564617.010 564617.170 564617.310 564617.350 564617.500 564617.580 564617.630 564617.660 564617.660 564617.630 564617.580 564617.430 564617.320 564617.180 564617.030 564616.850 564616.660 564616.450 564616.220 564615.980 564615.580 564615.250 564614.900 564614.540 564614.150 564613.740 564613.320 564612.880 564607.070 564606.280 564602.296 564602.296
7 423992.771 423989.860 423990.940 423991.220 423994.297 423994.297 423992.771 564602.296 564606.280 564607.070 564606.720 564602.827 564602.296 564602.296
7 423992.771 423989.860 423990.940 423991.220 423994.297 423994.297 423992.771 564602.296 564606.280 564607.070 564606.720 564602.827 564602.296 564602.296
7 423992.771 423989.860 423990.940 423991.220 423994.297 423994.297 423992.771 564602.296 564606.280 564607.070 564606.720 564602.827 564602.296 564602.296
13 423938.310 423938.690 423937.710 423937.410 423937.080 423936.800 423936.630 423936.610 423936.680 423936.820 423937.010 423937.250 423938.310 564608.240 564606.380 564606.190 564606.140 564606.220 564606.400 564606.660 564606.940 564607.230 564607.510 564607.730 564607.880 564608.240
75 423994.297 423994.120 423993.950 423993.780 423993.620 423993.450 423993.300 423993.010 423992.860 423992.710 423992.570 423992.430 423992.300 423992.170 423992.050 423991.830 423985.090 423985.070 423985.040 423985.020 423985.010 423984.990 423984.970 423984.960 423984.950 423984.940 423984.930 423984.920 423984.910 423984.910 423984.910 423984.910 423984.910 423984.910 423984.920 423984.930 423984.940 423984.950 423984.960 423984.970 423984.990 423985.010 423985.030 423985.050 423985.070 423985.090 423985.120 423985.150 423985.170 423985.200 423985.230 423985.260 423985.290 423985.330 423985.360 423985.400 423985.430 423985.480 423989.110 423989.440 423989.770 423990.110 423990.460 423990.820 423991.180 423991.550 423991.920 423992.290 423992.670 423993.310 423993.510 423993.690 423994.080 423994.297 423994.297 564612.233 564612.260 564612.300 564612.360 564612.410 564612.480 564612.550 564612.700 564612.790 564612.890 564612.990 564613.100 564613.210 564613.330 564613.450 564613.700 564622.290 564622.320 564622.360 564622.390 564622.430 564622.470 564622.500 564622.540 564622.580 564622.620 564622.660 564622.700 564622.740 564622.780 564622.820 564622.860 564622.910 564622.950 564623.000 564623.040 564623.080 564623.120 564623.160 564623.200 564623.230 564623.270 564623.310 564623.340 564623.380 564623.410 564623.440 564623.470 564623.500 564623.530 564623.560 564623.590 564623.610 564623.640 564623.660 564623.680 564623.700 564623.720 564625.540 564625.740 564625.930 564626.100 564626.260 564626.410 564626.540 564626.650 564626.750 564626.840 564626.910 564626.990 564627.010 564627.020 564627.030 564627.030 564612.233
75 423994.297 423994.120 423993.950 423993.780 423993.620 423993.450 423993.300 423993.010 423992.860 423992.710 423992.570 423992.430 423992.300 423992.170 423992.050 423991.830 423985.090 423985.070 423985.040 423985.020 423985.010 423984.990 423984.970 423984.960 423984.950 423984.940 423984.930 423984.920 423984.910 423984.910 423984.910 423984.910 423984.910 423984.910 423984.920 423984.930 423984.940 423984.950 423984.960 423984.970 423984.990 423985.010 423985.030 423985.050 423985.070 423985.090 423985.120 423985.150 423985.170 423985.200 423985.230 423985.260 423985.290 423985.330 423985.360 423985.400 423985.430 423985.480 423989.110 423989.440 423989.770 423990.110 423990.460 423990.820 423991.180 423991.550 423991.920 423992.290 423992.670 423993.310 423993.510 423993.690 423994.080 423994.297 423994.297 564612.233 564612.260 564612.300 564612.360 564612.410 564612.480 564612.550 564612.700 564612.790 564612.890 564612.990 564613.100 564613.210 564613.330 564613.450 564613.700 564622.290 564622.320 564622.360 564622.390 564622.430 564622.470 564622.500 564622.540 564622.580 564622.620 564622.660 564622.700 564622.740 564622.780 564622.820 564622.860 564622.910 564622.950 564623.000 564623.040 564623.080 564623.120 564623.160 564623.200 564623.230 564623.270 564623.310 564623.340 564623.380 564623.410 564623.440 564623.470 564623.500 564623.530 564623.560 564623.590 564623.610 564623.640 564623.660 564623.680 564623.700 564623.720 564625.540 564625.740 564625.930 564626.100 564626.260 564626.410 564626.540 564626.650 564626.750 564626.840 564626.910 564626.990 564627.010 564627.020 564627.030 564627.030 564612.233
5 423938.690 423938.310 423940.150 423940.480 423938.690 564606.380 564608.240 564608.370 564606.790 564606.380
31 423940.480 423940.150 423942.440 423944.700 423946.880 423949.150 423951.420 423953.680 423955.940 423958.200 423968.070 423969.330 423971.950 423975.830 423979.200 423980.950 423982.180 423981.110 423979.940 423978.870 423977.730 423976.030 423974.310 423972.570 423970.090 423962.840 423955.530 423951.060 423946.370 423943.350 423940.480 564606.790 564608.370 564608.880 564609.530 564610.390 564611.430 564612.490 564613.540 564614.610 564615.680 564620.390 564621.070 564622.470 564624.560 564626.370 564627.710 564626.790 564625.630 564624.580 564623.810 564623.140 564622.260 564621.420 564620.620 564619.420 564615.910 564612.470 564610.460 564608.590 564607.580 564606.790
5 423982.180 423980.950 423983.040 423984.150 423982.180 564626.790 564627.710 564629.930 564629.120 564626.790
13 423984.150 423983.040 423986.130 423986.340 423986.640 423986.970 423987.250 423987.410 423987.470 423987.430 423987.280 423985.510 423984.150 564629.120 564629.930 564633.520 564633.730 564633.850 564633.880 564633.790 564633.590 564633.310 564633.020 564632.820 564630.790 564629.120
71 423980.010 423981.770 423983.090 423983.130 423983.160 423983.180 423983.210 423983.230 423983.250 423983.270 423983.290 423983.310 423983.330 423983.340 423983.350 423983.360 423983.370 423983.380 423983.380 423983.380 423983.380 423983.380 423983.380 423983.370 423983.360 423983.360 423983.340 423983.330 423983.320 423983.300 423983.280 423983.260 423983.240 423983.220 423983.200 423983.170 423982.600 423982.560 423982.520 423982.490 423982.450 423982.420 423982.380 423982.340 423982.300 423982.260 423982.220 423982.180 423982.140 423982.100 423982.060 423982.010 423981.970 423981.930 423981.880 423981.840 423981.800 423981.760 423981.710 423981.670 423981.630 423981.590 423981.550 423981.510 423981.480 423981.440 423981.400 423981.370 423981.330 423981.300 423980.010 564650.760 564652.610 564651.520 564651.480 564651.440 564651.410 564651.370 564651.340 564651.300 564651.260 564651.220 564651.180 564651.140 564651.100 564651.060 564651.020 564650.980 564650.930 564650.890 564650.830 564650.790 564650.750 564650.710 564650.660 564650.620 564650.580 564650.540 564650.490 564650.450 564650.410 564650.370 564650.340 564650.300 564650.260 564650.220 564650.190 564649.580 564649.540 564649.520 564649.490 564649.470 564649.450 564649.430 564649.410 564649.390 564649.380 564649.360 564649.350 564649.340 564649.330 564649.330 564649.320 564649.320 564649.320 564649.320 564649.320 564649.330 564649.340 564649.350 564649.360 564649.370 564649.380 564649.400 564649.410 564649.430 564649.450 564649.480 564649.500 564649.520 564649.550 564650.760
5 423977.520 423979.290 423981.770 423980.010 423977.520 564653.060 564654.800 564652.610 564650.760 564653.060
76 423979.290 423977.520 423976.620 423976.580 423976.560 423976.530 423976.510 423976.490 423976.470 423976.450 423976.430 423976.410 423976.400 423976.390 423976.380 423976.370 423976.360 423976.360 423976.350 423976.350 423976.350 423976.350 423976.360 423976.370 423976.370 423976.380 423976.400 423976.410 423976.420 423976.440 423976.460 423976.480 423976.500 423976.520 423976.550 423976.570 423976.600 423976.840 423976.890 423976.920 423976.950 423976.980 423977.010 423977.040 423977.080 423977.110 423977.150 423977.180 423977.220 423977.260 423977.290 423977.330 423977.370 423977.410 423977.450 423977.520 423977.560 423977.600 423977.640 423977.680 423977.720 423977.760 423977.800 423977.840 423977.880 423977.910 423977.950 423977.990 423978.020 423978.050 423978.090 423978.120 423978.150 423978.180 423978.210 423979.290 564654.800 564653.060 564653.900 564653.940 564653.970 564654.010 564654.040 564654.080 564654.110 564654.150 564654.190 564654.220 564654.260 564654.300 564654.340 564654.380 564654.430 564654.470 564654.510 564654.550 564654.620 564654.660 564654.700 564654.740 564654.780 564654.820 564654.860 564654.900 564654.940 564654.980 564655.010 564655.050 564655.090 564655.120 564655.160 564655.190 564655.220 564655.520 564655.580 564655.610 564655.630 564655.660 564655.680 564655.710 564655.730 564655.750 564655.770 564655.780 564655.800 564655.810 564655.830 564655.840 564655.850 564655.850 564655.860 564655.870 564655.870 564655.870 564655.860 564655.860 564655.850 564655.840 564655.830 564655.820 564655.810 564655.800 564655.780 564655.760 564655.740 564655.720 564655.700 564655.680 564655.650 564655.630 564655.600 564654.800
138 423905.241 423909.550 423910.270 423913.770 423926.450 423933.680 423933.970 423934.270 423934.560 423934.860 423935.150 423935.450 423935.740 423936.040 423936.330 423936.620 423936.910 423937.190 423937.470 423937.750 423938.210 423938.480 423938.740 423938.990 423939.240 423939.490 423939.730 423939.950 423940.090 423940.300 423941.800 423942.200 423943.000 423943.450 423943.900 423944.300 423944.650 423945.300 423946.800 423949.000 423950.100 423951.100 423951.680 423955.920 423968.300 423968.300 423957.978 423956.400 423954.050 423953.030 423951.685 423950.633 423950.577 423950.150 423948.650 423948.542 423951.876 423958.700 423968.830 423973.030 423973.120 423973.170 423973.210 423973.230 423973.240 423973.230 423973.210 423973.170 423973.120 423973.050 423972.890 423972.780 423972.660 423972.520 423972.370 423972.210 423972.040 423971.850 423968.570 423959.063 423961.992 423962.240 423966.260 423971.270 423976.380 423976.580 423976.770 423976.940 423977.100 423977.250 423977.380 423977.510 423977.610 423977.710 423977.780 423977.850 423977.910 423977.940 423977.910 423977.830 423977.700 423977.530 423977.340 423977.090 423976.790 423976.450 423976.060 423975.760 423975.640 423975.180 423974.690 423973.930 423973.380 423972.810 423972.210 423971.590 423970.300 423969.610 423968.900 423968.170 423967.420 423966.110 423958.220 423953.740 423951.660 423947.980 423946.540 423945.090 423943.630 423941.920 423938.730 423933.780 423930.530 423925.900 423917.650 423907.350 423905.241 423905.241 564614.651 564614.850 564614.880 564614.880 564614.900 564615.210 564615.220 564615.230 564615.230 564615.220 564615.220 564615.210 564615.200 564615.200 564615.210 564615.220 564615.250 564615.280 564615.340 564615.410 564615.570 564615.690 564615.820 564615.960 564616.120 564616.280 564616.450 564616.630 564616.750 564616.940 564617.550 564617.400 564617.200 564617.150 564617.200 564617.350 564617.400 564617.700 564618.050 564619.450 564620.250 564621.000 564621.580 564623.030 564632.350 564634.600 564648.592 564650.730 564653.900 564655.234 564656.992 564658.368 564658.441 564659.000 564661.050 564661.198 564661.198 564652.000 564638.770 564637.450 564637.930 564638.280 564638.640 564639.000 564639.360 564639.720 564640.070 564640.430 564640.790 564641.140 564641.790 564642.130 564642.470 564642.800 564643.130 564643.450 564643.760 564644.070 564648.420 564661.198 564661.198 564660.870 564655.900 564650.580 564645.210 564644.910 564644.600 564644.290 564643.970 564643.640 564643.310 564642.970 564642.630 564642.280 564641.930 564641.580 564641.120 564640.450 564639.790 564639.130 564638.470 564637.820 564637.170 564636.390 564635.580 564634.790 564634.020 564633.470 564633.260 564632.530 564631.810 564630.800 564630.130 564629.490 564628.870 564628.270 564627.180 564626.660 564626.180 564625.720 564625.290 564624.630 564620.830 564618.670 564617.600 564615.940 564615.370 564614.830 564614.340 564613.850 564613.230 564612.700 564612.470 564612.380 564612.280 564612.150 564612.167 564614.651
138 423905.241 423909.550 423910.270 423913.770 423926.450 423933.680 423933.970 423934.270 423934.560 423934.860 423935.150 423935.450 423935.740 423936.040 423936.330 423936.620 423936.910 423937.190 423937.470 423937.750 423938.210 423938.480 423938.740 423938.990 423939.240 423939.490 423939.730 423939.950 423940.090 423940.300 423941.800 423942.200 423943.000 423943.450 423943.900 423944.300 423944.650 423945.300 423946.800 423949.000 423950.100 423951.100 423951.680 423955.920 423968.300 423968.300 423957.978 423956.400 423954.050 423953.030 423951.685 423950.633 423950.577 423950.150 423948.650 423948.542 423951.876 423958.700 423968.830 423973.030 423973.120 423973.170 423973.210 423973.230 423973.240 423973.230 423973.210 423973.170 423973.120 423973.050 423972.890 423972.780 423972.660 423972.520 423972.370 423972.210 423972.040 423971.850 423968.570 423959.063 423961.992 423962.240 423966.260 423971.270 423976.380 423976.580 423976.770 423976.940 423977.100 423977.250 423977.380 423977.510 423977.610 423977.710 423977.780 423977.850 423977.910 423977.940 423977.910 423977.830 423977.700 423977.530 423977.340 423977.090 423976.790 423976.450 423976.060 423975.760 423975.640 423975.180 423974.690 423973.930 423973.380 423972.810 423972.210 423971.590 423970.300 423969.610 423968.900 423968.170 423967.420 423966.110 423958.220 423953.740 423951.660 423947.980 423946.540 423945.090 423943.630 423941.920 423938.730 423933.780 423930.530 423925.900 423917.650 423907.350 423905.241 423905.241 564614.651 564614.850 564614.880 564614.880 564614.900 564615.210 564615.220 564615.230 564615.230 564615.220 564615.220 564615.210 564615.200 564615.200 564615.210 564615.220 564615.250 564615.280 564615.340 564615.410 564615.570 564615.690 564615.820 564615.960 564616.120 564616.280 564616.450 564616.630 564616.750 564616.940 564617.550 564617.400 564617.200 564617.150 564617.200 564617.350 564617.400 564617.700 564618.050 564619.450 564620.250 564621.000 564621.580 564623.030 564632.350 564634.600 564648.592 564650.730 564653.900 564655.234 564656.992 564658.368 564658.441 564659.000 564661.050 564661.198 564661.198 564652.000 564638.770 564637.450 564637.930 564638.280 564638.640 564639.000 564639.360 564639.720 564640.070 564640.430 564640.790 564641.140 564641.790 564642.130 564642.470 564642.800 564643.130 564643.450 564643.760 564644.070 564648.420 564661.198 564661.198 564660.870 564655.900 564650.580 564645.210 564644.910 564644.600 564644.290 564643.970 564643.640 564643.310 564642.970 564642.630 564642.280 564641.930 564641.580 564641.120 564640.450 564639.790 564639.130 564638.470 564637.820 564637.170 564636.390 564635.580 564634.790 564634.020 564633.470 564633.260 564632.530 564631.810 564630.800 564630.130 564629.490 564628.870 564628.270 564627.180 564626.660 564626.180 564625.720 564625.290 564624.630 564620.830 564618.670 564617.600 564615.940 564615.370 564614.830 564614.340 564613.850 564613.230 564612.700 564612.470 564612.380 564612.280 564612.150 564612.167 564614.651
6 423993.802 423994.297 423994.297 423994.060 423988.707 423993.802 564661.198 564660.750 564656.475 564656.660 564661.198 564661.198
6 423993.802 423994.297 423994.297 423994.060 423988.707 423993.802 564661.198 564660.750 564656.475 564656.660 564661.198 564661.198
6 423993.802 423994.297 423994.297 423994.060 423988.707 423993.802 564661.198 564660.750 564656.475 564656.660 564661.198 564661.198
