11
6 423104.535 423104.440 423103.780 423103.741 423103.741 423104.535 565014.607 565013.630 565006.960 565006.560 565014.607 565014.607
6 423104.535 423104.440 423103.780 423103.741 423103.741 423104.535 565014.607 565013.630 565006.960 565006.560 565014.607 565014.607
6 423104.535 423104.440 423103.780 423103.741 423103.741 423104.535 565014.607 565013.630 565006.960 565006.560 565014.607 565014.607
6 423104.535 423104.440 423103.780 423103.741 423103.741 423104.535 565014.607 565013.630 565006.960 565006.560 565014.607 565014.607
19 423156.679 423158.650 423160.250 423160.950 423162.648 423164.362 423164.200 423163.650 423163.010 423162.900 423162.510 423162.000 423161.440 423160.890 423160.350 423159.790 423159.280 423158.777 423156.679 564955.705 564976.200 564994.600 565000.000 565014.607 565014.607 565012.950 565007.100 565001.060 565000.000 564995.500 564989.700 564983.900 564978.150 564972.500 564966.560 564961.060 564955.705 564955.705
19 423156.679 423158.650 423160.250 423160.950 423162.648 423164.362 423164.200 423163.650 423163.010 423162.900 423162.510 423162.000 423161.440 423160.890 423160.350 423159.790 423159.280 423158.777 423156.679 564955.705 564976.200 564994.600 565000.000 565014.607 565014.607 565012.950 565007.100 565001.060 565000.000 564995.500 564989.700 564983.900 564978.150 564972.500 564966.560 564961.060 564955.705 564955.705
19 423156.679 423158.650 423160.250 423160.950 423162.648 423164.362 423164.200 423163.650 423163.010 423162.900 423162.510 423162.000 423161.440 423160.890 423160.350 423159.790 423159.280 423158.777 423156.679 564955.705 564976.200 564994.600 565000.000 565014.607 565014.607 565012.950 565007.100 565001.060 565000.000 564995.500 564989.700 564983.900 564978.150 564972.500 564966.560 564961.060 564955.705 564955.705
47 423154.650 423154.550 423152.850 423150.700 423152.600 423152.150 423150.200 423149.177 423146.051 423146.380 423146.400 423147.010 423147.630 423148.250 423148.870 423149.500 423150.150 423150.200 423150.230 423150.940 423151.150 423151.600 423151.630 423151.704 423156.534 423156.300 423156.250 423156.150 423156.000 423155.800 423155.500 423155.150 423154.750 423154.150 423153.350 423152.950 423152.250 423151.900 423152.350 423152.750 423153.300 423153.800 423154.000 423154.300 423154.550 423154.650 423154.650 564995.350 564994.800 564994.850 564972.350 564972.100 564966.300 564966.450 564955.705 564955.705 564959.150 564959.350 564966.250 564973.200 564980.250 564986.960 564993.700 565000.000 565000.250 565000.510 565006.990 565008.850 565013.450 565013.780 565014.607 565014.607 565012.400 565011.700 565011.000 565010.400 565009.800 565009.400 565009.000 565008.700 565008.550 565008.250 565003.900 565000.000 564998.200 564998.150 564998.050 564997.850 564997.550 564997.350 564996.950 564996.450 564995.900 564995.350
47 423154.650 423154.550 423152.850 423150.700 423152.600 423152.150 423150.200 423149.177 423146.051 423146.380 423146.400 423147.010 423147.630 423148.250 423148.870 423149.500 423150.150 423150.200 423150.230 423150.940 423151.150 423151.600 423151.630 423151.704 423156.534 423156.300 423156.250 423156.150 423156.000 423155.800 423155.500 423155.150 423154.750 423154.150 423153.350 423152.950 423152.250 423151.900 423152.350 423152.750 423153.300 423153.800 423154.000 423154.300 423154.550 423154.650 423154.650 564995.350 564994.800 564994.850 564972.350 564972.100 564966.300 564966.450 564955.705 564955.705 564959.150 564959.350 564966.250 564973.200 564980.250 564986.960 564993.700 565000.000 565000.250 565000.510 565006.990 565008.850 565013.450 565013.780 565014.607 565014.607 565012.400 565011.700 565011.000 565010.400 565009.800 565009.400 565009.000 565008.700 565008.550 565008.250 565003.900 565000.000 564998.200 564998.150 564998.050 564997.850 564997.550 564997.350 564996.950 564996.450 564995.900 564995.350
47 423154.650 423154.550 423152.850 423150.700 423152.600 423152.150 423150.200 423149.177 423146.051 423146.380 423146.400 423147.010 423147.630 423148.250 423148.870 423149.500 423150.150 423150.200 423150.230 423150.940 423151.150 423151.600 423151.630 423151.704 423156.534 423156.300 423156.250 423156.150 423156.000 423155.800 423155.500 423155.150 423154.750 423154.150 423153.350 423152.950 423152.250 423151.900 423152.350 423152.750 423153.300 423153.800 423154.000 423154.300 423154.550 423154.650 423154.650 564995.350 564994.800 564994.850 564972.350 564972.100 564966.300 564966.450 564955.705 564955.705 564959.150 564959.350 564966.250 564973.200 564980.250 564986.960 564993.700 565000.000 565000.250 565000.510 565006.990 565008.850 565013.450 565013.780 565014.607 565014.607 565012.400 565011.700 565011.000 565010.400 565009.800 565009.400 565009.000 565008.700 565008.550 565008.250 565003.900 565000.000 564998.200 564998.150 564998.050 564997.850 564997.550 564997.350 564996.950 564996.450 564995.900 564995.350
5 423151.500 423150.100 423150.650 423152.050 423151.500 564966.850 564967.010 564971.850 564971.650 564966.850
