17
17 423584.150 423602.100 423601.200 423599.450 423598.450 423597.659 423594.052 423592.800 423592.150 423591.250 423589.950 423588.300 423587.250 423586.150 423585.450 423584.950 423584.150 564841.670 564841.500 564840.600 564839.150 564838.450 564837.902 564837.902 564838.550 564839.000 564839.400 564840.000 564840.500 564840.800 564841.250 564841.300 564841.350 564841.670
35 423621.325 423621.450 423623.500 423625.900 423627.450 423628.700 423630.300 423631.400 423633.900 423635.050 423637.300 423638.074 423638.074 423637.850 423637.400 423636.900 423636.400 423635.300 423632.800 423632.450 423631.050 423630.200 423629.350 423628.650 423628.250 423627.550 423626.550 423625.200 423624.100 423622.700 423619.950 423617.950 423616.600 423614.412 423621.325 564896.804 564896.750 564895.700 564894.600 564893.900 564893.150 564892.350 564892.000 564890.950 564890.550 564889.800 564889.539 564886.731 564886.800 564886.950 564887.000 564887.100 564887.150 564887.400 564887.650 564888.250 564888.550 564888.900 564889.250 564889.500 564890.100 564890.750 564891.800 564892.500 564893.100 564894.350 564895.300 564895.900 564896.804 564896.804
39 423561.160 423560.799 423560.748 423560.330 423584.150 423584.950 423585.450 423586.150 423587.250 423588.300 423589.950 423591.250 423592.150 423592.800 423594.052 423589.432 423589.100 423587.950 423586.900 423585.750 423584.550 423583.850 423583.000 423581.400 423578.000 423568.800 423557.350 423557.450 423557.550 423557.700 423557.650 423557.850 423557.900 423557.940 423557.900 423558.350 423558.400 423558.413 423561.160 564896.804 564872.944 564869.576 564841.970 564841.670 564841.350 564841.300 564841.250 564840.800 564840.500 564840.000 564839.400 564839.000 564838.550 564837.902 564837.902 564838.050 564838.450 564838.750 564839.050 564839.250 564839.450 564839.500 564839.450 564839.550 564839.650 564839.950 564845.050 564851.300 564856.050 564858.850 564866.900 564874.850 564878.020 564878.130 564891.400 564896.400 564896.804 564896.804
35 423621.325 423621.450 423623.500 423625.900 423627.450 423628.700 423630.300 423631.400 423633.900 423635.050 423637.300 423638.074 423638.074 423637.850 423637.400 423636.900 423636.400 423635.300 423632.800 423632.450 423631.050 423630.200 423629.350 423628.650 423628.250 423627.550 423626.550 423625.200 423624.100 423622.700 423619.950 423617.950 423616.600 423614.412 423621.325 564896.804 564896.750 564895.700 564894.600 564893.900 564893.150 564892.350 564892.000 564890.950 564890.550 564889.800 564889.539 564886.731 564886.800 564886.950 564887.000 564887.100 564887.150 564887.400 564887.650 564888.250 564888.550 564888.900 564889.250 564889.500 564890.100 564890.750 564891.800 564892.500 564893.100 564894.350 564895.300 564895.900 564896.804 564896.804
39 423561.160 423560.799 423560.748 423560.330 423584.150 423584.950 423585.450 423586.150 423587.250 423588.300 423589.950 423591.250 423592.150 423592.800 423594.052 423589.432 423589.100 423587.950 423586.900 423585.750 423584.550 423583.850 423583.000 423581.400 423578.000 423568.800 423557.350 423557.450 423557.550 423557.700 423557.650 423557.850 423557.900 423557.940 423557.900 423558.350 423558.400 423558.413 423561.160 564896.804 564872.944 564869.576 564841.970 564841.670 564841.350 564841.300 564841.250 564840.800 564840.500 564840.000 564839.400 564839.000 564838.550 564837.902 564837.902 564838.050 564838.450 564838.750 564839.050 564839.250 564839.450 564839.500 564839.450 564839.550 564839.650 564839.950 564845.050 564851.300 564856.050 564858.850 564866.900 564874.850 564878.020 564878.130 564891.400 564896.400 564896.804 564896.804
35 423621.325 423621.450 423623.500 423625.900 423627.450 423628.700 423630.300 423631.400 423633.900 423635.050 423637.300 423638.074 423638.074 423637.850 423637.400 423636.900 423636.400 423635.300 423632.800 423632.450 423631.050 423630.200 423629.350 423628.650 423628.250 423627.550 423626.550 423625.200 423624.100 423622.700 423619.950 423617.950 423616.600 423614.412 423621.325 564896.804 564896.750 564895.700 564894.600 564893.900 564893.150 564892.350 564892.000 564890.950 564890.550 564889.800 564889.539 564886.731 564886.800 564886.950 564887.000 564887.100 564887.150 564887.400 564887.650 564888.250 564888.550 564888.900 564889.250 564889.500 564890.100 564890.750 564891.800 564892.500 564893.100 564894.350 564895.300 564895.900 564896.804 564896.804
39 423561.160 423560.799 423560.748 423560.330 423584.150 423584.950 423585.450 423586.150 423587.250 423588.300 423589.950 423591.250 423592.150 423592.800 423594.052 423589.432 423589.100 423587.950 423586.900 423585.750 423584.550 423583.850 423583.000 423581.400 423578.000 423568.800 423557.350 423557.450 423557.550 423557.700 423557.650 423557.850 423557.900 423557.940 423557.900 423558.350 423558.400 423558.413 423561.160 564896.804 564872.944 564869.576 564841.970 564841.670 564841.350 564841.300 564841.250 564840.800 564840.500 564840.000 564839.400 564839.000 564838.550 564837.902 564837.902 564838.050 564838.450 564838.750 564839.050 564839.250 564839.450 564839.500 564839.450 564839.550 564839.650 564839.950 564845.050 564851.300 564856.050 564858.850 564866.900 564874.850 564878.020 564878.130 564891.400 564896.400 564896.804 564896.804
35 423621.325 423621.450 423623.500 423625.900 423627.450 423628.700 423630.300 423631.400 423633.900 423635.050 423637.300 423638.074 423638.074 423637.850 423637.400 423636.900 423636.400 423635.300 423632.800 423632.450 423631.050 423630.200 423629.350 423628.650 423628.250 423627.550 423626.550 423625.200 423624.100 423622.700 423619.950 423617.950 423616.600 423614.412 423621.325 564896.804 564896.750 564895.700 564894.600 564893.900 564893.150 564892.350 564892.000 564890.950 564890.550 564889.800 564889.539 564886.731 564886.800 564886.950 564887.000 564887.100 564887.150 564887.400 564887.650 564888.250 564888.550 564888.900 564889.250 564889.500 564890.100 564890.750 564891.800 564892.500 564893.100 564894.350 564895.300 564895.900 564896.804 564896.804
39 423561.160 423560.799 423560.748 423560.330 423584.150 423584.950 423585.450 423586.150 423587.250 423588.300 423589.950 423591.250 423592.150 423592.800 423594.052 423589.432 423589.100 423587.950 423586.900 423585.750 423584.550 423583.850 423583.000 423581.400 423578.000 423568.800 423557.350 423557.450 423557.550 423557.700 423557.650 423557.850 423557.900 423557.940 423557.900 423558.350 423558.400 423558.413 423561.160 564896.804 564872.944 564869.576 564841.970 564841.670 564841.350 564841.300 564841.250 564840.800 564840.500 564840.000 564839.400 564839.000 564838.550 564837.902 564837.902 564838.050 564838.450 564838.750 564839.050 564839.250 564839.450 564839.500 564839.450 564839.550 564839.650 564839.950 564845.050 564851.300 564856.050 564858.850 564866.900 564874.850 564878.020 564878.130 564891.400 564896.400 564896.804 564896.804
19 423555.969 423555.969 423555.600 423555.000 423554.600 423554.350 423553.950 423553.650 423553.450 423553.250 423553.150 423553.100 423553.050 423553.100 423553.150 423553.350 423553.950 423554.850 423555.969 564852.909 564840.428 564840.600 564841.250 564841.550 564842.000 564842.550 564843.150 564843.900 564844.500 564844.850 564845.550 564846.150 564846.700 564847.150 564848.050 564849.000 564850.800 564852.909
19 423555.969 423555.969 423555.600 423555.000 423554.600 423554.350 423553.950 423553.650 423553.450 423553.250 423553.150 423553.100 423553.050 423553.100 423553.150 423553.350 423553.950 423554.850 423555.969 564852.909 564840.428 564840.600 564841.250 564841.550 564842.000 564842.550 564843.150 564843.900 564844.500 564844.850 564845.550 564846.150 564846.700 564847.150 564848.050 564849.000 564850.800 564852.909
11 423555.969 423555.969 423556.150 423557.250 423557.700 423557.550 423557.450 423557.350 423556.700 423556.350 423555.969 564840.428 564852.909 564853.250 564855.450 564856.050 564851.300 564845.050 564839.950 564840.000 564840.250 564840.428
11 423555.969 423555.969 423556.150 423557.250 423557.700 423557.550 423557.450 423557.350 423556.700 423556.350 423555.969 564840.428 564852.909 564853.250 564855.450 564856.050 564851.300 564845.050 564839.950 564840.000 564840.250 564840.428
10 423555.969 423555.969 423555.850 423554.850 423554.350 423554.300 423554.750 423555.200 423555.600 423555.969 564893.062 564882.882 564883.250 564885.250 564886.450 564886.800 564888.600 564889.700 564891.500 564893.062
13 423555.969 423555.969 423556.070 423556.450 423556.680 423556.813 423558.413 423558.400 423558.350 423557.900 423557.350 423556.400 423555.969 564882.882 564893.062 564893.490 564895.100 564896.170 564896.804 564896.804 564896.400 564891.400 564878.130 564879.500 564881.550 564882.882
35 423638.074 423636.100 423627.400 423618.650 423612.950 423611.480 423609.600 423606.220 423605.950 423603.750 423600.250 423598.988 423614.412 423616.600 423617.950 423619.950 423622.700 423624.100 423625.200 423626.550 423627.550 423628.250 423628.650 423629.350 423630.200 423631.050 423632.450 423632.800 423635.300 423636.400 423636.900 423637.400 423637.850 423638.074 423638.074 564883.147 564883.600 564885.500 564887.550 564888.800 564889.170 564889.650 564890.470 564890.700 564892.500 564895.650 564896.804 564896.804 564895.900 564895.300 564894.350 564893.100 564892.500 564891.800 564890.750 564890.100 564889.500 564889.250 564888.900 564888.550 564888.250 564887.650 564887.400 564887.150 564887.100 564887.000 564886.950 564886.800 564886.731 564883.147
35 423638.074 423636.100 423627.400 423618.650 423612.950 423611.480 423609.600 423606.220 423605.950 423603.750 423600.250 423598.988 423614.412 423616.600 423617.950 423619.950 423622.700 423624.100 423625.200 423626.550 423627.550 423628.250 423628.650 423629.350 423630.200 423631.050 423632.450 423632.800 423635.300 423636.400 423636.900 423637.400 423637.850 423638.074 423638.074 564883.147 564883.600 564885.500 564887.550 564888.800 564889.170 564889.650 564890.470 564890.700 564892.500 564895.650 564896.804 564896.804 564895.900 564895.300 564894.350 564893.100 564892.500 564891.800 564890.750 564890.100 564889.500 564889.250 564888.900 564888.550 564888.250 564887.650 564887.400 564887.150 564887.100 564887.000 564886.950 564886.800 564886.731 564883.147
