13
6 423638.074 423636.550 423632.750 423632.187 423638.074 423638.074 564598.951 564599.800 564601.950 564602.296 564602.296 564598.951
10 423559.903 423559.700 423558.100 423556.120 423555.969 423555.969 423558.550 423558.700 423558.700 423559.903 564602.296 564598.140 564598.150 564598.170 564598.173 564599.577 564599.450 564601.800 564602.296 564602.296
6 423638.074 423636.550 423632.750 423632.187 423638.074 423638.074 564598.951 564599.800 564601.950 564602.296 564602.296 564598.951
10 423559.903 423559.700 423558.100 423556.120 423555.969 423555.969 423558.550 423558.700 423558.700 423559.903 564602.296 564598.140 564598.150 564598.170 564598.173 564599.577 564599.450 564601.800 564602.296 564602.296
59 423573.320 423573.450 423574.200 423575.250 423577.300 423581.850 423584.550 423585.950 423586.850 423587.500 423588.200 423588.100 423588.000 423588.000 423588.150 423588.250 423588.650 423589.200 423589.550 423590.350 423591.200 423591.750 423592.950 423594.350 423594.700 423595.770 423591.450 423588.250 423587.450 423586.950 423586.150 423585.750 423585.350 423585.050 423584.800 423584.450 423584.050 423583.550 423582.350 423581.650 423580.800 423579.750 423577.500 423576.800 423575.750 423574.600 423573.950 423573.350 423573.100 423573.100 423572.800 423572.650 423572.650 423572.550 423572.700 423572.750 423572.950 423573.200 423573.320 564566.370 564566.550 564567.200 564567.750 564568.800 564571.150 564572.500 564573.150 564573.400 564573.450 564573.450 564571.500 564568.900 564565.350 564563.950 564563.300 564561.750 564560.350 564559.650 564558.350 564557.100 564556.500 564554.700 564552.850 564552.300 564551.050 564547.600 564545.000 564544.600 564544.600 564544.800 564544.850 564545.050 564545.350 564545.750 564546.150 564546.750 564547.300 564548.800 564549.800 564551.050 564552.350 564555.350 564556.300 564557.650 564559.150 564559.950 564560.600 564560.950 564561.150 564561.650 564562.100 564563.200 564563.800 564564.300 564564.900 564565.550 564566.200 564566.370
59 423573.320 423573.450 423574.200 423575.250 423577.300 423581.850 423584.550 423585.950 423586.850 423587.500 423588.200 423588.100 423588.000 423588.000 423588.150 423588.250 423588.650 423589.200 423589.550 423590.350 423591.200 423591.750 423592.950 423594.350 423594.700 423595.770 423591.450 423588.250 423587.450 423586.950 423586.150 423585.750 423585.350 423585.050 423584.800 423584.450 423584.050 423583.550 423582.350 423581.650 423580.800 423579.750 423577.500 423576.800 423575.750 423574.600 423573.950 423573.350 423573.100 423573.100 423572.800 423572.650 423572.650 423572.550 423572.700 423572.750 423572.950 423573.200 423573.320 564566.370 564566.550 564567.200 564567.750 564568.800 564571.150 564572.500 564573.150 564573.400 564573.450 564573.450 564571.500 564568.900 564565.350 564563.950 564563.300 564561.750 564560.350 564559.650 564558.350 564557.100 564556.500 564554.700 564552.850 564552.300 564551.050 564547.600 564545.000 564544.600 564544.600 564544.800 564544.850 564545.050 564545.350 564545.750 564546.150 564546.750 564547.300 564548.800 564549.800 564551.050 564552.350 564555.350 564556.300 564557.650 564559.150 564559.950 564560.600 564560.950 564561.150 564561.650 564562.100 564563.200 564563.800 564564.300 564564.900 564565.550 564566.200 564566.370
52 423588.100 423588.200 423588.400 423588.900 423589.350 423589.550 423589.800 423589.950 423590.050 423590.050 423589.950 423589.950 423589.900 423589.950 423589.950 423590.150 423590.200 423590.350 423590.500 423590.900 423591.350 423592.850 423594.800 423596.150 423597.300 423599.450 423599.750 423600.150 423600.700 423601.250 423601.550 423602.100 423602.900 423603.150 423603.187 423602.180 423600.570 423595.770 423594.700 423594.350 423592.950 423591.750 423591.200 423590.350 423589.550 423589.200 423588.650 423588.250 423588.150 423588.000 423588.000 423588.100 564571.500 564573.450 564573.400 564573.300 564573.250 564572.900 564572.350 564571.700 564570.800 564569.650 564568.200 564567.380 564565.750 564565.100 564563.750 564563.100 564562.850 564562.300 564561.900 564561.000 564560.400 564558.000 564555.400 564553.750 564552.200 564549.500 564549.100 564549.100 564548.950 564548.900 564548.700 564548.300 564547.500 564547.050 564546.984 564546.250 564544.940 564551.050 564552.300 564552.850 564554.700 564556.500 564557.100 564558.350 564559.650 564560.350 564561.750 564563.300 564563.950 564565.350 564568.900 564571.500
52 423588.100 423588.200 423588.400 423588.900 423589.350 423589.550 423589.800 423589.950 423590.050 423590.050 423589.950 423589.950 423589.900 423589.950 423589.950 423590.150 423590.200 423590.350 423590.500 423590.900 423591.350 423592.850 423594.800 423596.150 423597.300 423599.450 423599.750 423600.150 423600.700 423601.250 423601.550 423602.100 423602.900 423603.150 423603.187 423602.180 423600.570 423595.770 423594.700 423594.350 423592.950 423591.750 423591.200 423590.350 423589.550 423589.200 423588.650 423588.250 423588.150 423588.000 423588.000 423588.100 564571.500 564573.450 564573.400 564573.300 564573.250 564572.900 564572.350 564571.700 564570.800 564569.650 564568.200 564567.380 564565.750 564565.100 564563.750 564563.100 564562.850 564562.300 564561.900 564561.000 564560.400 564558.000 564555.400 564553.750 564552.200 564549.500 564549.100 564549.100 564548.950 564548.900 564548.700 564548.300 564547.500 564547.050 564546.984 564546.250 564544.940 564551.050 564552.300 564552.850 564554.700 564556.500 564557.100 564558.350 564559.650 564560.350 564561.750 564563.300 564563.950 564565.350 564568.900 564571.500
15 423555.969 423555.969 423556.200 423557.300 423559.500 423560.700 423562.600 423564.850 423565.950 423566.890 423565.550 423560.230 423559.450 423558.250 423555.969 564573.878 564576.939 564576.700 564575.300 564571.920 564570.300 564567.450 564563.500 564561.650 564560.280 564559.100 564567.980 564569.300 564571.100 564573.878
14 423555.969 423555.969 423553.859 423552.221 423551.438 423549.019 423549.019 423549.550 423550.300 423551.150 423552.600 423553.600 423554.700 423555.969 564576.939 564573.878 564576.447 564578.467 564579.292 564581.016 564582.798 564582.550 564582.150 564581.550 564580.500 564579.450 564578.250 564576.939
110 423555.969 423555.969 423556.100 423556.650 423557.150 423557.750 423558.250 423558.750 423559.050 423559.450 423560.150 423560.550 423561.150 423561.700 423562.200 423562.600 423562.950 423563.300 423563.750 423564.250 423564.850 423565.400 423565.950 423566.550 423567.200 423567.750 423568.450 423569.150 423570.000 423570.850 423571.900 423572.700 423573.200 423574.150 423575.000 423575.550 423576.250 423577.050 423577.850 423578.550 423579.250 423580.450 423581.700 423582.400 423582.686 423583.100 423583.600 423584.050 423584.400 423585.000 423585.500 423585.950 423586.250 423586.500 423587.300 423589.550 423592.524 423595.200 423595.150 423594.000 423592.350 423591.000 423589.500 423588.700 423588.200 423587.400 423586.450 423585.650 423585.100 423584.150 423583.350 423582.300 423581.250 423580.250 423578.800 423578.050 423577.250 423576.700 423576.100 423575.550 423574.600 423573.950 423572.950 423572.500 423571.600 423571.000 423570.150 423569.250 423568.850 423568.150 423567.700 423567.350 423566.950 423566.500 423565.800 423565.450 423564.600 423563.850 423563.450 423562.600 423562.150 423561.450 423560.800 423560.100 423559.450 423558.900 423558.300 423557.900 423556.250 423555.969 564584.421 564586.926 564586.850 564586.400 564586.050 564585.400 564584.950 564584.350 564584.000 564583.550 564582.850 564582.400 564581.750 564581.050 564580.450 564580.150 564579.700 564579.330 564578.800 564578.200 564577.700 564577.250 564576.900 564576.500 564576.100 564575.950 564575.650 564575.600 564575.350 564575.200 564575.200 564575.300 564575.400 564575.600 564575.800 564575.950 564576.200 564576.600 564577.050 564577.450 564577.900 564578.500 564579.150 564579.550 564579.693 564579.900 564580.100 564580.200 564580.300 564580.400 564580.550 564580.650 564580.700 564580.750 564580.800 564580.800 564580.737 564580.400 564578.850 564578.850 564578.950 564578.950 564579.000 564579.000 564579.050 564579.000 564578.800 564578.550 564578.450 564578.150 564577.900 564577.350 564576.900 564576.450 564575.750 564575.350 564575.000 564574.750 564574.450 564574.200 564573.900 564573.650 564573.350 564573.350 564573.300 564573.350 564573.400 564573.550 564573.650 564573.750 564573.800 564573.950 564574.100 564574.300 564574.550 564574.850 564575.350 564576.050 564576.450 564577.400 564577.900 564578.550 564579.300 564580.050 564580.900 564581.550 564582.150 564582.450 564584.100 564584.421
13 423555.969 423555.969 423557.000 423557.700 423557.800 423557.950 423557.950 423559.580 423559.510 423559.100 423558.000 423556.150 423555.969 564590.369 564592.048 564592.850 564593.550 564593.900 564594.500 564595.000 564594.950 564593.200 564592.900 564592.050 564590.550 564590.369
55 423551.727 423551.100 423550.700 423550.420 423555.969 423555.969 423554.800 423552.450 423549.650 423549.500 423549.600 423549.700 423549.850 423550.100 423550.350 423550.850 423551.150 423551.550 423551.850 423552.200 423552.450 423552.750 423553.000 423553.650 423555.200 423555.969 423555.969 423554.700 423554.550 423554.500 423554.600 423554.750 423554.850 423555.500 423555.969 423555.969 423555.900 423555.350 423554.800 423554.300 423553.300 423552.900 423552.550 423551.650 423551.200 423550.850 423550.500 423550.150 423549.900 423549.700 423549.400 423549.150 423549.019 423549.019 423551.727 564602.296 564601.400 564600.650 564599.850 564599.577 564598.173 564598.200 564598.300 564598.500 564596.650 564594.950 564593.600 564592.800 564592.250 564591.600 564590.850 564590.500 564590.150 564589.800 564589.550 564589.550 564589.600 564589.650 564590.100 564591.450 564592.048 564590.369 564589.100 564588.850 564588.550 564588.150 564587.950 564587.700 564587.200 564586.926 564584.421 564584.500 564584.950 564585.500 564585.900 564586.600 564586.850 564587.150 564587.700 564588.050 564588.400 564588.700 564589.100 564589.300 564589.450 564589.750 564590.050 564590.312 564602.296 564602.296
