12
18 423217.600 423225.204 423216.882 423215.700 423215.655 423213.079 423213.150 423213.350 423213.600 423214.000 423214.500 423214.700 423215.000 423215.400 423215.800 423216.450 423217.150 423217.600 565017.050 565014.607 565014.607 565015.050 565014.607 565014.607 565015.350 565015.850 565016.300 565016.750 565017.100 565017.300 565017.450 565017.550 565017.550 565017.450 565017.250 565017.050
18 423217.600 423225.204 423216.882 423215.700 423215.655 423213.079 423213.150 423213.350 423213.600 423214.000 423214.500 423214.700 423215.000 423215.400 423215.800 423216.450 423217.150 423217.600 565017.050 565014.607 565014.607 565015.050 565014.607 565014.607 565015.350 565015.850 565016.300 565016.750 565017.100 565017.300 565017.450 565017.550 565017.550 565017.450 565017.250 565017.050
18 423217.600 423225.204 423216.882 423215.700 423215.655 423213.079 423213.150 423213.350 423213.600 423214.000 423214.500 423214.700 423215.000 423215.400 423215.800 423216.450 423217.150 423217.600 565017.050 565014.607 565014.607 565015.050 565014.607 565014.607 565015.350 565015.850 565016.300 565016.750 565017.100 565017.300 565017.450 565017.550 565017.550 565017.450 565017.250 565017.050
28 423207.250 423207.300 423207.218 423206.529 423206.600 423205.300 423205.219 423202.894 423203.350 423202.300 423197.750 423192.796 423192.796 423194.150 423195.250 423196.400 423199.700 423201.150 423202.600 423203.500 423204.350 423205.050 423205.700 423206.250 423206.600 423206.900 423207.100 423207.250 565016.250 565015.400 565014.607 565014.607 565015.350 565015.450 565014.607 565014.607 565019.200 565019.550 565021.160 565022.842 565025.242 565024.750 565024.300 565023.850 565022.650 565022.200 565021.700 565021.350 565020.900 565020.350 565019.750 565019.000 565018.400 565017.750 565017.100 565016.250
28 423207.250 423207.300 423207.218 423206.529 423206.600 423205.300 423205.219 423202.894 423203.350 423202.300 423197.750 423192.796 423192.796 423194.150 423195.250 423196.400 423199.700 423201.150 423202.600 423203.500 423204.350 423205.050 423205.700 423206.250 423206.600 423206.900 423207.100 423207.250 565016.250 565015.400 565014.607 565014.607 565015.350 565015.450 565014.607 565014.607 565019.200 565019.550 565021.160 565022.842 565025.242 565024.750 565024.300 565023.850 565022.650 565022.200 565021.700 565021.350 565020.900 565020.350 565019.750 565019.000 565018.400 565017.750 565017.100 565016.250
28 423207.250 423207.300 423207.218 423206.529 423206.600 423205.300 423205.219 423202.894 423203.350 423202.300 423197.750 423192.796 423192.796 423194.150 423195.250 423196.400 423199.700 423201.150 423202.600 423203.500 423204.350 423205.050 423205.700 423206.250 423206.600 423206.900 423207.100 423207.250 565016.250 565015.400 565014.607 565014.607 565015.350 565015.450 565014.607 565014.607 565019.200 565019.550 565021.160 565022.842 565025.242 565024.750 565024.300 565023.850 565022.650 565022.200 565021.700 565021.350 565020.900 565020.350 565019.750 565019.000 565018.400 565017.750 565017.100 565016.250
5 423205.219 423205.300 423206.600 423206.529 423205.219 565014.607 565015.450 565015.350 565014.607 565014.607
22 423192.796 423193.190 423195.380 423203.240 423216.650 423221.110 423229.450 423230.398 423245.350 423259.820 423252.661 423251.250 423241.160 423237.560 423232.500 423217.220 423213.400 423208.330 423206.550 423199.700 423192.796 423192.796 565036.173 565036.050 565035.370 565032.780 565028.400 565026.940 565024.200 565023.902 565019.200 565014.607 565014.607 565015.050 565018.200 565019.320 565020.900 565025.540 565026.700 565028.330 565028.900 565031.150 565033.451 565036.173
22 423192.796 423193.190 423195.380 423203.240 423216.650 423221.110 423229.450 423230.398 423245.350 423259.820 423252.661 423251.250 423241.160 423237.560 423232.500 423217.220 423213.400 423208.330 423206.550 423199.700 423192.796 423192.796 565036.173 565036.050 565035.370 565032.780 565028.400 565026.940 565024.200 565023.902 565019.200 565014.607 565014.607 565015.050 565018.200 565019.320 565020.900 565025.540 565026.700 565028.330 565028.900 565031.150 565033.451 565036.173
22 423192.796 423193.190 423195.380 423203.240 423216.650 423221.110 423229.450 423230.398 423245.350 423259.820 423252.661 423251.250 423241.160 423237.560 423232.500 423217.220 423213.400 423208.330 423206.550 423199.700 423192.796 423192.796 565036.173 565036.050 565035.370 565032.780 565028.400 565026.940 565024.200 565023.902 565019.200 565014.607 565014.607 565015.050 565018.200 565019.320 565020.900 565025.540 565026.700 565028.330 565028.900 565031.150 565033.451 565036.173
22 423192.796 423193.190 423195.380 423203.240 423216.650 423221.110 423229.450 423230.398 423245.350 423259.820 423252.661 423251.250 423241.160 423237.560 423232.500 423217.220 423213.400 423208.330 423206.550 423199.700 423192.796 423192.796 565036.173 565036.050 565035.370 565032.780 565028.400 565026.940 565024.200 565023.902 565019.200 565014.607 565014.607 565015.050 565018.200 565019.320 565020.900 565025.540 565026.700 565028.330 565028.900 565031.150 565033.451 565036.173
22 423192.796 423193.190 423195.380 423203.240 423216.650 423221.110 423229.450 423230.398 423245.350 423259.820 423252.661 423251.250 423241.160 423237.560 423232.500 423217.220 423213.400 423208.330 423206.550 423199.700 423192.796 423192.796 565036.173 565036.050 565035.370 565032.780 565028.400 565026.940 565024.200 565023.902 565019.200 565014.607 565014.607 565015.050 565018.200 565019.320 565020.900 565025.540 565026.700 565028.330 565028.900 565031.150 565033.451 565036.173
