18
41 423370.908 423370.650 423370.300 423369.950 423369.694 423369.673 423369.454 423370.908 423370.908 423370.817 423369.028 423368.760 423368.527 423369.380 423370.203 423370.050 423369.870 423368.815 423368.065 423367.796 423368.650 423369.479 423369.350 423370.370 423368.535 423367.549 423367.404 423365.528 423366.300 423368.150 423368.200 423368.210 423368.250 423368.410 423368.650 423368.950 423369.500 423370.050 423370.550 423370.908 423370.908 564925.729 564925.750 564925.500 564924.800 564922.043 564921.813 564919.455 564918.587 564916.165 564915.187 564914.812 564911.908 564909.333 564908.560 564908.485 564906.790 564904.801 564904.897 564904.246 564901.268 564900.556 564900.482 564899.050 564898.950 564899.121 564898.419 564896.804 564896.804 564905.550 564925.350 564925.900 564925.990 564926.400 564927.120 564927.900 564928.500 564929.550 564930.500 564931.200 564930.950 564925.729
41 423370.908 423370.650 423370.300 423369.950 423369.694 423369.673 423369.454 423370.908 423370.908 423370.817 423369.028 423368.760 423368.527 423369.380 423370.203 423370.050 423369.870 423368.815 423368.065 423367.796 423368.650 423369.479 423369.350 423370.370 423368.535 423367.549 423367.404 423365.528 423366.300 423368.150 423368.200 423368.210 423368.250 423368.410 423368.650 423368.950 423369.500 423370.050 423370.550 423370.908 423370.908 564925.729 564925.750 564925.500 564924.800 564922.043 564921.813 564919.455 564918.587 564916.165 564915.187 564914.812 564911.908 564909.333 564908.560 564908.485 564906.790 564904.801 564904.897 564904.246 564901.268 564900.556 564900.482 564899.050 564898.950 564899.121 564898.419 564896.804 564896.804 564905.550 564925.350 564925.900 564925.990 564926.400 564927.120 564927.900 564928.500 564929.550 564930.500 564931.200 564930.950 564925.729
25 423370.908 423370.900 423370.800 423370.700 423370.600 423370.500 423370.410 423370.320 423370.230 423370.100 423370.020 423369.950 423369.880 423369.810 423369.750 423369.690 423369.640 423369.590 423369.550 423369.510 423369.480 423369.800 423370.500 423370.908 423370.908 564937.566 564937.570 564937.630 564937.690 564937.750 564937.820 564937.900 564937.980 564938.060 564938.200 564938.290 564938.390 564938.490 564938.590 564938.690 564938.790 564938.900 564939.010 564939.120 564939.240 564939.350 564942.720 564950.050 564954.941 564937.566
25 423370.908 423370.900 423370.800 423370.700 423370.600 423370.500 423370.410 423370.320 423370.230 423370.100 423370.020 423369.950 423369.880 423369.810 423369.750 423369.690 423369.640 423369.590 423369.550 423369.510 423369.480 423369.800 423370.500 423370.908 423370.908 564937.566 564937.570 564937.630 564937.690 564937.750 564937.820 564937.900 564937.980 564938.060 564938.200 564938.290 564938.390 564938.490 564938.590 564938.690 564938.790 564938.900 564939.010 564939.120 564939.240 564939.350 564942.720 564950.050 564954.941 564937.566
5 423309.850 423310.500 423310.369 423308.569 423309.850 564898.250 564898.250 564896.804 564896.804 564898.250
20 423362.932 423362.020 423361.860 423361.650 423360.520 423360.420 423357.863 423355.443 423355.970 423356.150 423356.590 423357.200 423357.830 423358.350 423358.440 423359.040 423359.500 423359.960 423360.522 423362.932 564955.705 564945.210 564943.400 564940.950 564927.800 564926.660 564896.804 564896.804 564903.250 564905.500 564910.410 564917.260 564924.350 564930.150 564931.250 564938.250 564943.690 564949.050 564955.705 564955.705
20 423362.932 423362.020 423361.860 423361.650 423360.520 423360.420 423357.863 423355.443 423355.970 423356.150 423356.590 423357.200 423357.830 423358.350 423358.440 423359.040 423359.500 423359.960 423360.522 423362.932 564955.705 564945.210 564943.400 564940.950 564927.800 564926.660 564896.804 564896.804 564903.250 564905.500 564910.410 564917.260 564924.350 564930.150 564931.250 564938.250 564943.690 564949.050 564955.705 564955.705
26 423307.854 423310.500 423312.250 423309.950 423310.350 423313.500 423315.471 423317.763 423317.680 423317.350 423317.060 423316.470 423315.890 423315.550 423315.280 423314.660 423314.040 423313.410 423313.300 423312.780 423312.580 423310.369 423310.500 423309.850 423308.569 423307.854 564896.804 564899.700 564918.600 564921.750 564925.450 564933.400 564955.705 564955.705 564954.750 564951.050 564947.640 564940.740 564933.840 564929.850 564926.840 564919.950 564913.110 564906.100 564904.850 564899.050 564896.804 564896.804 564898.250 564898.250 564896.804 564896.804
26 423307.854 423310.500 423312.250 423309.950 423310.350 423313.500 423315.471 423317.763 423317.680 423317.350 423317.060 423316.470 423315.890 423315.550 423315.280 423314.660 423314.040 423313.410 423313.300 423312.780 423312.580 423310.369 423310.500 423309.850 423308.569 423307.854 564896.804 564899.700 564918.600 564921.750 564925.450 564933.400 564955.705 564955.705 564954.750 564951.050 564947.640 564940.740 564933.840 564929.850 564926.840 564919.950 564913.110 564906.100 564904.850 564899.050 564896.804 564896.804 564898.250 564898.250 564896.804 564896.804
26 423307.854 423310.500 423312.250 423309.950 423310.350 423313.500 423315.471 423317.763 423317.680 423317.350 423317.060 423316.470 423315.890 423315.550 423315.280 423314.660 423314.040 423313.410 423313.300 423312.780 423312.580 423310.369 423310.500 423309.850 423308.569 423307.854 564896.804 564899.700 564918.600 564921.750 564925.450 564933.400 564955.705 564955.705 564954.750 564951.050 564947.640 564940.740 564933.840 564929.850 564926.840 564919.950 564913.110 564906.100 564904.850 564899.050 564896.804 564896.804 564898.250 564898.250 564896.804 564896.804
26 423307.854 423310.500 423312.250 423309.950 423310.350 423313.500 423315.471 423317.763 423317.680 423317.350 423317.060 423316.470 423315.890 423315.550 423315.280 423314.660 423314.040 423313.410 423313.300 423312.780 423312.580 423310.369 423310.500 423309.850 423308.569 423307.854 564896.804 564899.700 564918.600 564921.750 564925.450 564933.400 564955.705 564955.705 564954.750 564951.050 564947.640 564940.740 564933.840 564929.850 564926.840 564919.950 564913.110 564906.100 564904.850 564899.050 564896.804 564896.804 564898.250 564898.250 564896.804 564896.804
19 423307.625 423306.350 423308.300 423307.800 423305.050 423303.100 423302.332 423300.038 423300.280 423300.930 423301.550 423302.150 423302.780 423303.350 423303.960 423304.590 423305.200 423305.218 423307.625 564955.705 564941.400 564939.050 564934.250 564926.450 564904.800 564896.804 564896.804 564899.560 564906.910 564913.850 564920.750 564927.950 564934.550 564941.500 564948.610 564955.500 564955.705 564955.705
19 423307.625 423306.350 423308.300 423307.800 423305.050 423303.100 423302.332 423300.038 423300.280 423300.930 423301.550 423302.150 423302.780 423303.350 423303.960 423304.590 423305.200 423305.218 423307.625 564955.705 564941.400 564939.050 564934.250 564926.450 564904.800 564896.804 564896.804 564899.560 564906.910 564913.850 564920.750 564927.950 564934.550 564941.500 564948.610 564955.500 564955.705 564955.705
19 423307.625 423306.350 423308.300 423307.800 423305.050 423303.100 423302.332 423300.038 423300.280 423300.930 423301.550 423302.150 423302.780 423303.350 423303.960 423304.590 423305.200 423305.218 423307.625 564955.705 564941.400 564939.050 564934.250 564926.450 564904.800 564896.804 564896.804 564899.560 564906.910 564913.850 564920.750 564927.950 564934.550 564941.500 564948.610 564955.500 564955.705 564955.705
7 423310.800 423312.200 423312.900 423312.350 423311.750 423310.550 423310.800 564924.750 564926.300 564926.250 564920.100 564920.200 564921.900 564924.750
4 423370.908 423370.550 423370.908 423370.908 564930.950 564931.200 564931.590 564930.950
7 423305.200 423305.800 423306.550 423307.650 423307.400 423306.250 423305.200 564934.250 564940.340 564940.250 564938.750 564935.450 564934.350 564934.250
7 423305.200 423305.800 423306.550 423307.650 423307.400 423306.250 423305.200 564934.250 564940.340 564940.250 564938.750 564935.450 564934.350 564934.250
