22
9 423565.186 423563.200 423560.070 423556.720 423555.969 423555.969 423560.150 423568.556 423565.186 565073.508 565075.650 565078.880 565082.840 565083.731 565087.830 565082.550 565073.508 565073.508
9 423565.186 423563.200 423560.070 423556.720 423555.969 423555.969 423560.150 423568.556 423565.186 565073.508 565075.650 565078.880 565082.840 565083.731 565087.830 565082.550 565073.508 565073.508
9 423565.186 423563.200 423560.070 423556.720 423555.969 423555.969 423560.150 423568.556 423565.186 565073.508 565075.650 565078.880 565082.840 565083.731 565087.830 565082.550 565073.508 565073.508
9 423565.186 423563.200 423560.070 423556.720 423555.969 423555.969 423560.150 423568.556 423565.186 565073.508 565075.650 565078.880 565082.840 565083.731 565087.830 565082.550 565073.508 565073.508
9 423565.186 423563.200 423560.070 423556.720 423555.969 423555.969 423560.150 423568.556 423565.186 565073.508 565075.650 565078.880 565082.840 565083.731 565087.830 565082.550 565073.508 565073.508
8 423625.092 423625.100 423625.150 423625.250 423625.354 423625.399 423626.720 423625.092 565073.508 565073.550 565073.850 565074.100 565074.464 565074.622 565073.508 565073.508
8 423625.092 423625.100 423625.150 423625.250 423625.354 423625.399 423626.720 423625.092 565073.508 565073.550 565073.850 565074.100 565074.464 565074.622 565073.508 565073.508
18 423609.200 423609.900 423610.050 423610.250 423610.400 423610.550 423610.700 423610.892 423607.883 423607.070 423607.350 423607.450 423607.700 423607.950 423608.150 423608.950 423609.050 423609.200 565074.600 565074.250 565074.150 565074.050 565073.950 565073.800 565073.700 565073.508 565073.508 565074.230 565074.300 565074.350 565074.500 565074.600 565074.650 565074.650 565074.600 565074.600
66 423623.881 423622.950 423622.500 423622.250 423621.250 423621.150 423621.000 423620.900 423620.600 423620.450 423620.000 423619.800 423619.650 423619.550 423619.250 423619.050 423618.900 423618.700 423618.400 423618.200 423618.050 423617.850 423617.550 423617.400 423617.200 423617.050 423616.750 423615.550 423615.450 423615.300 423615.200 423615.100 423614.900 423614.850 423614.750 423614.700 423614.600 423614.450 423614.400 423614.350 423614.300 423614.250 423614.250 423614.200 423614.200 423614.250 423614.350 423614.400 423614.450 423614.550 423614.600 423614.700 423619.250 423619.900 423620.150 423620.350 423620.600 423620.800 423621.050 423621.650 423621.850 423622.050 423622.150 423622.400 423622.762 423623.881 565080.859 565079.800 565079.450 565079.250 565078.650 565078.600 565078.550 565078.450 565078.350 565078.250 565078.100 565078.050 565078.050 565078.000 565078.000 565077.950 565077.950 565078.000 565078.000 565078.050 565078.100 565078.100 565078.200 565078.300 565078.350 565078.400 565078.600 565079.600 565079.650 565079.750 565079.850 565079.900 565080.100 565080.200 565080.350 565080.450 565080.550 565080.850 565081.000 565081.200 565081.300 565081.450 565081.650 565081.800 565082.150 565082.300 565082.700 565082.850 565083.050 565083.250 565083.400 565083.550 565079.650 565079.800 565079.900 565080.000 565080.150 565080.250 565080.400 565080.850 565081.050 565081.200 565081.350 565081.550 565082.003 565080.859
77 423549.019 423550.660 423550.690 423550.710 423550.730 423550.750 423550.770 423550.790 423550.810 423550.830 423550.840 423550.850 423550.860 423550.870 423550.880 423550.890 423550.890 423550.900 423550.900 423550.900 423550.900 423550.900 423550.890 423550.890 423550.880 423550.870 423550.860 423550.850 423550.840 423550.830 423550.810 423550.790 423550.780 423550.760 423550.740 423550.710 423550.690 423550.660 423550.640 423550.600 423550.570 423550.540 423550.510 423550.480 423550.440 423550.410 423550.370 423550.340 423550.300 423550.270 423550.230 423550.190 423550.160 423550.120 423550.080 423550.040 423550.000 423549.970 423549.930 423549.890 423549.860 423549.820 423549.780 423549.750 423549.710 423549.680 423549.640 423549.610 423549.580 423549.540 423549.510 423549.480 423549.450 423549.430 423549.380 423549.019 423549.019 565080.894 565078.940 565078.910 565078.880 565078.850 565078.820 565078.790 565078.760 565078.730 565078.690 565078.660 565078.620 565078.590 565078.550 565078.510 565078.480 565078.440 565078.400 565078.360 565078.330 565078.290 565078.250 565078.210 565078.180 565078.140 565078.100 565078.070 565078.030 565077.990 565077.960 565077.930 565077.890 565077.860 565077.830 565077.800 565077.770 565077.740 565077.710 565077.680 565077.650 565077.630 565077.600 565077.580 565077.570 565077.550 565077.530 565077.520 565077.510 565077.500 565077.490 565077.480 565077.470 565077.470 565077.460 565077.460 565077.460 565077.460 565077.460 565077.470 565077.470 565077.480 565077.490 565077.500 565077.510 565077.520 565077.540 565077.550 565077.570 565077.590 565077.610 565077.630 565077.650 565077.680 565077.700 565077.750 565078.156 565080.894
5 423597.500 423578.050 423579.450 423599.000 423597.500 565079.850 565096.900 565098.450 565081.450 565079.850
97 423555.969 423555.969 423556.850 423557.250 423557.700 423558.100 423558.450 423558.750 423559.100 423560.350 423560.700 423561.000 423561.350 423561.450 423561.750 423562.050 423562.300 423562.600 423562.850 423563.150 423563.400 423563.650 423563.950 423564.200 423564.400 423564.700 423564.950 423565.250 423565.550 423565.800 423565.900 423566.400 423566.850 423567.750 423568.150 423568.250 423601.050 423601.150 423601.250 423601.350 423601.450 423601.650 423601.750 423601.800 423601.900 423601.950 423602.000 423602.100 423602.150 423602.250 423602.300 423602.350 423602.350 423602.300 423602.100 423601.900 423600.200 423597.750 423575.900 423578.350 423576.850 423576.520 423576.370 423565.550 423565.800 423565.500 423565.250 423564.650 423564.350 423564.050 423563.700 423563.400 423563.300 423563.100 423562.950 423562.750 423562.600 423562.200 423562.050 423561.850 423561.650 423561.450 423561.300 423561.100 423560.800 423560.450 423559.500 423559.200 423558.900 423558.550 423558.250 423558.150 423557.850 423557.550 423557.250 423556.050 423555.969 565112.146 565114.170 565114.500 565114.600 565114.700 565114.800 565114.850 565114.850 565114.900 565114.900 565114.850 565114.850 565114.800 565114.750 565114.700 565114.600 565114.550 565114.450 565114.350 565114.250 565114.150 565114.000 565113.850 565113.750 565113.650 565113.450 565113.250 565113.100 565112.900 565112.650 565112.600 565112.250 565111.900 565111.100 565110.700 565110.650 565082.000 565081.900 565081.850 565081.750 565081.600 565081.400 565081.250 565081.150 565081.050 565080.900 565080.800 565080.500 565080.400 565080.100 565079.850 565079.700 565079.500 565079.400 565079.200 565079.150 565080.400 565077.900 565096.600 565099.600 565100.750 565100.210 565100.020 565109.600 565109.900 565110.150 565110.400 565110.900 565111.100 565111.350 565111.550 565111.750 565111.850 565111.950 565112.050 565112.150 565112.250 565112.450 565112.550 565112.650 565112.700 565112.800 565112.850 565112.900 565112.950 565113.000 565113.000 565112.950 565112.950 565112.900 565112.850 565112.800 565112.750 565112.650 565112.600 565112.200 565112.146
38 423555.969 423555.969 423555.900 423555.250 423554.650 423554.050 423553.400 423553.350 423553.000 423552.650 423552.350 423552.000 423551.400 423551.100 423550.800 423550.500 423550.450 423550.250 423550.050 423549.450 423549.300 423549.100 423549.019 423549.019 423549.260 423550.900 423551.300 423551.700 423552.150 423552.550 423552.750 423553.300 423553.800 423554.350 423554.850 423555.200 423555.650 423555.969 565114.170 565112.146 565112.100 565111.750 565111.350 565110.900 565110.500 565110.400 565110.200 565109.950 565109.700 565109.450 565108.950 565108.650 565108.400 565108.100 565108.000 565107.750 565107.550 565106.800 565106.550 565106.300 565106.178 565109.456 565109.660 565111.300 565111.600 565111.850 565112.150 565112.400 565112.550 565112.850 565113.150 565113.450 565113.700 565113.900 565114.050 565114.170
6 423549.019 423555.969 423555.969 423554.900 423549.019 423549.019 565096.608 565087.830 565083.731 565085.000 565092.129 565096.608
90 423569.296 423569.200 423569.050 423568.900 423568.800 423568.650 423568.550 423568.400 423568.200 423568.100 423568.000 423567.850 423567.700 423567.600 423567.500 423567.400 423567.400 423567.450 423567.450 423567.500 423567.550 423567.550 423567.650 423567.700 423568.100 423568.250 423568.300 423568.450 423568.550 423568.700 423568.850 423569.450 423570.950 423575.050 423591.100 423591.490 423607.700 423610.060 423609.800 423609.200 423609.050 423608.900 423608.100 423607.950 423607.750 423607.600 423607.450 423607.300 423607.200 423606.900 423606.750 423606.450 423606.350 423606.200 423606.100 423571.100 423570.750 423568.550 423568.150 423567.950 423567.500 423567.350 423567.150 423566.950 423566.800 423566.650 423566.500 423566.050 423565.700 423565.600 423565.500 423565.450 423565.450 423565.350 423565.350 423565.350 423565.450 423565.500 423565.550 423565.600 423565.650 423565.750 423565.850 423566.150 423566.350 423566.500 423566.700 423566.950 423567.175 423569.296 565132.410 565132.250 565132.050 565131.800 565131.600 565131.400 565131.150 565130.900 565130.400 565130.100 565129.850 565129.450 565129.000 565128.600 565128.150 565127.750 565126.600 565126.350 565126.150 565125.900 565125.700 565125.450 565125.100 565124.800 565123.600 565123.300 565123.150 565122.950 565122.700 565122.500 565122.250 565121.450 565120.400 565117.250 565103.250 565103.710 565089.450 565087.374 565087.200 565087.000 565087.000 565086.950 565086.950 565087.000 565087.000 565087.050 565087.050 565087.100 565087.150 565087.250 565087.350 565087.450 565087.550 565087.650 565087.750 565118.100 565118.350 565119.900 565120.300 565120.550 565121.000 565121.250 565121.500 565121.800 565122.050 565122.350 565122.600 565123.500 565124.550 565125.050 565125.250 565125.500 565125.750 565126.250 565126.720 565127.200 565127.900 565128.200 565128.550 565128.850 565128.950 565129.350 565129.700 565130.500 565130.850 565131.250 565131.600 565132.050 565132.410 565132.410
90 423569.296 423569.200 423569.050 423568.900 423568.800 423568.650 423568.550 423568.400 423568.200 423568.100 423568.000 423567.850 423567.700 423567.600 423567.500 423567.400 423567.400 423567.450 423567.450 423567.500 423567.550 423567.550 423567.650 423567.700 423568.100 423568.250 423568.300 423568.450 423568.550 423568.700 423568.850 423569.450 423570.950 423575.050 423591.100 423591.490 423607.700 423610.060 423609.800 423609.200 423609.050 423608.900 423608.100 423607.950 423607.750 423607.600 423607.450 423607.300 423607.200 423606.900 423606.750 423606.450 423606.350 423606.200 423606.100 423571.100 423570.750 423568.550 423568.150 423567.950 423567.500 423567.350 423567.150 423566.950 423566.800 423566.650 423566.500 423566.050 423565.700 423565.600 423565.500 423565.450 423565.450 423565.350 423565.350 423565.350 423565.450 423565.500 423565.550 423565.600 423565.650 423565.750 423565.850 423566.150 423566.350 423566.500 423566.700 423566.950 423567.175 423569.296 565132.410 565132.250 565132.050 565131.800 565131.600 565131.400 565131.150 565130.900 565130.400 565130.100 565129.850 565129.450 565129.000 565128.600 565128.150 565127.750 565126.600 565126.350 565126.150 565125.900 565125.700 565125.450 565125.100 565124.800 565123.600 565123.300 565123.150 565122.950 565122.700 565122.500 565122.250 565121.450 565120.400 565117.250 565103.250 565103.710 565089.450 565087.374 565087.200 565087.000 565087.000 565086.950 565086.950 565087.000 565087.000 565087.050 565087.050 565087.100 565087.150 565087.250 565087.350 565087.450 565087.550 565087.650 565087.750 565118.100 565118.350 565119.900 565120.300 565120.550 565121.000 565121.250 565121.500 565121.800 565122.050 565122.350 565122.600 565123.500 565124.550 565125.050 565125.250 565125.500 565125.750 565126.250 565126.720 565127.200 565127.900 565128.200 565128.550 565128.850 565128.950 565129.350 565129.700 565130.500 565130.850 565131.250 565131.600 565132.050 565132.410 565132.410
43 423574.251 423572.800 423574.719 423576.450 423573.100 423591.250 423591.100 423575.050 423570.950 423569.450 423568.850 423568.700 423568.550 423568.450 423568.300 423568.250 423568.100 423567.700 423567.650 423567.550 423567.550 423567.500 423567.450 423567.450 423567.400 423567.400 423567.500 423567.600 423567.700 423567.850 423568.000 423568.100 423568.200 423568.400 423568.550 423568.650 423568.800 423568.900 423569.050 423569.200 423569.296 423572.625 423574.251 565130.784 565129.150 565127.467 565125.950 565121.950 565106.350 565103.250 565117.250 565120.400 565121.450 565122.250 565122.500 565122.700 565122.950 565123.150 565123.300 565123.600 565124.800 565125.100 565125.450 565125.700 565125.900 565126.150 565126.350 565126.600 565127.750 565128.150 565128.600 565129.000 565129.450 565129.850 565130.100 565130.400 565130.900 565131.150 565131.400 565131.600 565131.800 565132.050 565132.250 565132.410 565132.410 565130.784
6 423549.019 423550.244 423549.850 423549.300 423549.019 423549.019 565123.350 565123.857 565123.400 565122.800 565122.468 565123.350
6 423558.393 423558.320 423555.969 423555.969 423556.145 423558.393 565132.410 565132.300 565128.738 565132.139 565132.410 565132.410
6 423558.393 423558.320 423555.969 423555.969 423556.145 423558.393 565132.410 565132.300 565128.738 565132.139 565132.410 565132.410
22 423549.019 423549.300 423549.850 423550.244 423551.700 423552.050 423552.302 423553.600 423555.969 423555.969 423555.350 423554.650 423554.000 423553.350 423552.750 423552.350 423551.950 423551.500 423549.800 423549.350 423549.019 423549.019 565122.468 565122.800 565123.400 565123.857 565125.550 565126.050 565126.448 565128.500 565132.139 565128.738 565127.800 565126.750 565125.800 565124.900 565124.150 565123.600 565123.100 565122.600 565120.850 565120.400 565120.043 565122.468
22 423549.019 423549.300 423549.850 423550.244 423551.700 423552.050 423552.302 423553.600 423555.969 423555.969 423555.350 423554.650 423554.000 423553.350 423552.750 423552.350 423551.950 423551.500 423549.800 423549.350 423549.019 423549.019 565122.468 565122.800 565123.400 565123.857 565125.550 565126.050 565126.448 565128.500 565132.139 565128.738 565127.800 565126.750 565125.800 565124.900 565124.150 565123.600 565123.100 565122.600 565120.850 565120.400 565120.043 565122.468
