11
14 422958.306 422961.600 422962.689 422965.431 422965.060 422965.000 422964.330 422964.170 422963.480 422963.310 422962.430 422961.200 422960.733 422958.306 564955.705 565000.000 565014.607 565014.607 565009.090 565008.200 565000.000 564997.970 564989.130 564987.100 564976.400 564961.410 564955.705 564955.705
14 422958.306 422961.600 422962.689 422965.431 422965.060 422965.000 422964.330 422964.170 422963.480 422963.310 422962.430 422961.200 422960.733 422958.306 564955.705 565000.000 565014.607 565014.607 565009.090 565008.200 565000.000 564997.970 564989.130 564987.100 564976.400 564961.410 564955.705 564955.705
14 422958.306 422961.600 422962.689 422965.431 422965.060 422965.000 422964.330 422964.170 422963.480 422963.310 422962.430 422961.200 422960.733 422958.306 564955.705 565000.000 565014.607 565014.607 565009.090 565008.200 565000.000 564997.970 564989.130 564987.100 564976.400 564961.410 564955.705 564955.705
14 422958.306 422961.600 422962.689 422965.431 422965.060 422965.000 422964.330 422964.170 422963.480 422963.310 422962.430 422961.200 422960.733 422958.306 564955.705 565000.000 565014.607 565014.607 565009.090 565008.200 565000.000 564997.970 564989.130 564987.100 564976.400 564961.410 564955.705 564955.705
14 422958.306 422961.600 422962.689 422965.431 422965.060 422965.000 422964.330 422964.170 422963.480 422963.310 422962.430 422961.200 422960.733 422958.306 564955.705 565000.000 565014.607 565014.607 565009.090 565008.200 565000.000 564997.970 564989.130 564987.100 564976.400 564961.410 564955.705 564955.705
17 422963.480 422964.170 422964.950 422965.400 422965.600 422965.950 422966.250 422966.500 422966.650 422966.750 422966.800 422966.850 422966.750 422966.150 422965.980 422963.310 422963.480 564989.130 564997.970 564997.950 564997.900 564997.950 564997.950 564997.800 564997.500 564997.200 564996.900 564996.600 564996.050 564995.500 564988.900 564986.980 564987.100 564989.130
17 422963.480 422964.170 422964.950 422965.400 422965.600 422965.950 422966.250 422966.500 422966.650 422966.750 422966.800 422966.850 422966.750 422966.150 422965.980 422963.310 422963.480 564989.130 564997.970 564997.950 564997.900 564997.950 564997.950 564997.800 564997.500 564997.200 564996.900 564996.600 564996.050 564995.500 564988.900 564986.980 564987.100 564989.130
8 422965.000 422965.060 422965.730 422965.050 422964.950 422964.170 422964.330 422965.000 565008.200 565009.090 565009.040 565000.000 564997.950 564997.970 565000.000 565008.200
41 422970.440 422970.440 422970.430 422970.420 422970.390 422970.360 422970.320 422970.270 422970.220 422970.150 422970.080 422970.000 422969.920 422969.820 422969.720 422969.610 422969.500 422969.380 422969.250 422969.120 422968.980 422968.840 422968.690 422968.440 422968.280 422968.110 422967.930 422967.760 422967.570 422967.390 422967.200 422967.010 422966.820 422966.620 422966.430 422966.230 422966.030 422965.730 422965.060 422965.431 422970.440 565014.607 565013.830 565013.630 565013.430 565013.230 565013.030 565012.840 565012.640 565012.450 565012.260 565012.080 565011.890 565011.710 565011.530 565011.360 565011.190 565011.030 565010.870 565010.710 565010.560 565010.420 565010.280 565010.150 565009.960 565009.850 565009.740 565009.640 565009.550 565009.460 565009.380 565009.310 565009.250 565009.200 565009.150 565009.110 565009.080 565009.060 565009.040 565009.090 565014.607 565014.607
29 422977.844 422977.420 422976.870 422976.680 422976.420 422976.290 422975.730 422975.700 422975.560 422973.610 422967.420 422966.620 422965.980 422966.150 422970.950 422971.400 422971.400 422971.500 422971.900 422972.350 422972.850 422972.950 422973.450 422973.950 422974.200 422974.400 422975.440 422975.440 422977.844 565014.607 565009.250 565002.400 565000.000 564997.050 564995.540 564988.600 564988.200 564986.530 564986.620 564986.910 564986.950 564986.980 564988.900 564988.550 564994.400 564994.900 564995.450 564996.250 564996.650 564996.950 564997.000 564997.150 564997.250 564997.200 565000.000 565013.420 565014.607 565014.607
29 422977.844 422977.420 422976.870 422976.680 422976.420 422976.290 422975.730 422975.700 422975.560 422973.610 422967.420 422966.620 422965.980 422966.150 422970.950 422971.400 422971.400 422971.500 422971.900 422972.350 422972.850 422972.950 422973.450 422973.950 422974.200 422974.400 422975.440 422975.440 422977.844 565014.607 565009.250 565002.400 565000.000 564997.050 564995.540 564988.600 564988.200 564986.530 564986.620 564986.910 564986.950 564986.980 564988.900 564988.550 564994.400 564994.900 564995.450 564996.250 564996.650 564996.950 564997.000 564997.150 564997.250 564997.200 565000.000 565013.420 565014.607 565014.607
