11
7 423277.381 423281.852 423281.852 423269.982 423262.970 423266.850 423277.381 565197.751 565197.751 565196.763 565191.311 565191.311 565193.000 565197.751
7 423277.381 423281.852 423281.852 423269.982 423262.970 423266.850 423277.381 565197.751 565197.751 565196.763 565191.311 565191.311 565193.000 565197.751
7 423277.381 423281.852 423281.852 423269.982 423262.970 423266.850 423277.381 565197.751 565197.751 565196.763 565191.311 565191.311 565193.000 565197.751
7 423277.381 423281.852 423281.852 423269.982 423262.970 423266.850 423277.381 565197.751 565197.751 565196.763 565191.311 565191.311 565193.000 565197.751
7 423277.381 423281.852 423281.852 423269.982 423262.970 423266.850 423277.381 565197.751 565197.751 565196.763 565191.311 565191.311 565193.000 565197.751
10 423246.270 423254.181 423252.250 423239.178 423231.106 423231.200 423234.050 423237.550 423241.100 423246.270 565197.751 565197.751 565196.900 565191.311 565191.311 565191.350 565192.550 565194.000 565195.500 565197.751
9 423215.315 423229.419 423246.270 423241.100 423237.550 423234.050 423231.200 423231.106 423215.315 565191.311 565197.751 565197.751 565195.500 565194.000 565192.550 565191.350 565191.311 565191.311
16 423254.181 423246.270 423251.550 423259.750 423262.550 423265.400 423271.400 423273.150 423274.850 423277.200 423279.500 423281.852 423281.852 423279.650 423268.700 423254.181 565197.751 565197.751 565200.050 565203.550 565204.750 565206.000 565208.500 565209.300 565210.100 565211.200 565212.300 565213.476 565210.250 565209.200 565204.150 565197.751
15 423251.550 423246.270 423229.419 423270.766 423281.852 423281.852 423279.500 423277.200 423274.850 423273.150 423271.400 423265.400 423262.550 423259.750 423251.550 565200.050 565197.751 565197.751 565216.629 565221.749 565213.476 565212.300 565211.200 565210.100 565209.300 565208.500 565206.000 565204.750 565203.550 565200.050
5 423281.852 423277.381 423277.600 423281.852 423281.852 565197.751 565197.751 565197.850 565199.846 565197.751
5 423281.852 423277.381 423277.600 423281.852 423281.852 565197.751 565197.751 565197.850 565199.846 565197.751
