21
80 423558.600 423558.500 423558.550 423559.150 423559.650 423559.800 423560.200 423560.500 423560.900 423561.300 423561.550 423561.950 423562.400 423562.850 423563.610 423564.050 423564.800 423565.650 423566.450 423569.000 423569.800 423571.200 423574.250 423578.850 423582.750 423587.600 423592.100 423597.050 423600.350 423603.350 423608.250 423610.600 423612.030 423613.350 423616.900 423619.600 423621.325 423614.412 423614.300 423611.450 423608.250 423604.000 423599.350 423595.900 423593.210 423593.040 423591.600 423589.450 423586.600 423583.650 423580.400 423576.600 423573.150 423571.750 423569.850 423569.400 423568.300 423567.750 423567.150 423566.500 423566.000 423565.550 423564.950 423564.400 423563.900 423563.550 423563.050 423562.650 423562.300 423561.900 423561.700 423561.500 423561.450 423561.300 423561.280 423561.160 423558.413 423558.500 423558.550 423558.600 564902.750 564903.410 564903.600 564905.550 564906.850 564907.300 564907.950 564908.450 564909.050 564909.600 564909.950 564910.550 564911.050 564911.450 564911.830 564912.050 564912.300 564912.450 564912.600 564912.600 564912.500 564912.250 564911.400 564910.100 564909.150 564907.750 564906.500 564905.050 564904.050 564903.150 564901.600 564900.850 564900.460 564900.050 564898.750 564897.550 564896.804 564896.804 564896.850 564897.800 564898.950 564900.500 564901.950 564903.200 564904.140 564904.160 564904.650 564905.450 564906.150 564906.950 564907.750 564908.750 564909.600 564910.000 564910.550 564910.700 564910.900 564910.900 564910.850 564910.750 564910.550 564910.350 564910.050 564909.750 564909.400 564908.950 564908.500 564908.000 564907.450 564906.900 564906.250 564905.850 564905.500 564905.100 564904.720 564896.804 564896.804 564899.550 564901.550 564902.750
80 423558.600 423558.500 423558.550 423559.150 423559.650 423559.800 423560.200 423560.500 423560.900 423561.300 423561.550 423561.950 423562.400 423562.850 423563.610 423564.050 423564.800 423565.650 423566.450 423569.000 423569.800 423571.200 423574.250 423578.850 423582.750 423587.600 423592.100 423597.050 423600.350 423603.350 423608.250 423610.600 423612.030 423613.350 423616.900 423619.600 423621.325 423614.412 423614.300 423611.450 423608.250 423604.000 423599.350 423595.900 423593.210 423593.040 423591.600 423589.450 423586.600 423583.650 423580.400 423576.600 423573.150 423571.750 423569.850 423569.400 423568.300 423567.750 423567.150 423566.500 423566.000 423565.550 423564.950 423564.400 423563.900 423563.550 423563.050 423562.650 423562.300 423561.900 423561.700 423561.500 423561.450 423561.300 423561.280 423561.160 423558.413 423558.500 423558.550 423558.600 564902.750 564903.410 564903.600 564905.550 564906.850 564907.300 564907.950 564908.450 564909.050 564909.600 564909.950 564910.550 564911.050 564911.450 564911.830 564912.050 564912.300 564912.450 564912.600 564912.600 564912.500 564912.250 564911.400 564910.100 564909.150 564907.750 564906.500 564905.050 564904.050 564903.150 564901.600 564900.850 564900.460 564900.050 564898.750 564897.550 564896.804 564896.804 564896.850 564897.800 564898.950 564900.500 564901.950 564903.200 564904.140 564904.160 564904.650 564905.450 564906.150 564906.950 564907.750 564908.750 564909.600 564910.000 564910.550 564910.700 564910.900 564910.900 564910.850 564910.750 564910.550 564910.350 564910.050 564909.750 564909.400 564908.950 564908.500 564908.000 564907.450 564906.900 564906.250 564905.850 564905.500 564905.100 564904.720 564896.804 564896.804 564899.550 564901.550 564902.750
80 423558.600 423558.500 423558.550 423559.150 423559.650 423559.800 423560.200 423560.500 423560.900 423561.300 423561.550 423561.950 423562.400 423562.850 423563.610 423564.050 423564.800 423565.650 423566.450 423569.000 423569.800 423571.200 423574.250 423578.850 423582.750 423587.600 423592.100 423597.050 423600.350 423603.350 423608.250 423610.600 423612.030 423613.350 423616.900 423619.600 423621.325 423614.412 423614.300 423611.450 423608.250 423604.000 423599.350 423595.900 423593.210 423593.040 423591.600 423589.450 423586.600 423583.650 423580.400 423576.600 423573.150 423571.750 423569.850 423569.400 423568.300 423567.750 423567.150 423566.500 423566.000 423565.550 423564.950 423564.400 423563.900 423563.550 423563.050 423562.650 423562.300 423561.900 423561.700 423561.500 423561.450 423561.300 423561.280 423561.160 423558.413 423558.500 423558.550 423558.600 564902.750 564903.410 564903.600 564905.550 564906.850 564907.300 564907.950 564908.450 564909.050 564909.600 564909.950 564910.550 564911.050 564911.450 564911.830 564912.050 564912.300 564912.450 564912.600 564912.600 564912.500 564912.250 564911.400 564910.100 564909.150 564907.750 564906.500 564905.050 564904.050 564903.150 564901.600 564900.850 564900.460 564900.050 564898.750 564897.550 564896.804 564896.804 564896.850 564897.800 564898.950 564900.500 564901.950 564903.200 564904.140 564904.160 564904.650 564905.450 564906.150 564906.950 564907.750 564908.750 564909.600 564910.000 564910.550 564910.700 564910.900 564910.900 564910.850 564910.750 564910.550 564910.350 564910.050 564909.750 564909.400 564908.950 564908.500 564908.000 564907.450 564906.900 564906.250 564905.850 564905.500 564905.100 564904.720 564896.804 564896.804 564899.550 564901.550 564902.750
80 423558.600 423558.500 423558.550 423559.150 423559.650 423559.800 423560.200 423560.500 423560.900 423561.300 423561.550 423561.950 423562.400 423562.850 423563.610 423564.050 423564.800 423565.650 423566.450 423569.000 423569.800 423571.200 423574.250 423578.850 423582.750 423587.600 423592.100 423597.050 423600.350 423603.350 423608.250 423610.600 423612.030 423613.350 423616.900 423619.600 423621.325 423614.412 423614.300 423611.450 423608.250 423604.000 423599.350 423595.900 423593.210 423593.040 423591.600 423589.450 423586.600 423583.650 423580.400 423576.600 423573.150 423571.750 423569.850 423569.400 423568.300 423567.750 423567.150 423566.500 423566.000 423565.550 423564.950 423564.400 423563.900 423563.550 423563.050 423562.650 423562.300 423561.900 423561.700 423561.500 423561.450 423561.300 423561.280 423561.160 423558.413 423558.500 423558.550 423558.600 564902.750 564903.410 564903.600 564905.550 564906.850 564907.300 564907.950 564908.450 564909.050 564909.600 564909.950 564910.550 564911.050 564911.450 564911.830 564912.050 564912.300 564912.450 564912.600 564912.600 564912.500 564912.250 564911.400 564910.100 564909.150 564907.750 564906.500 564905.050 564904.050 564903.150 564901.600 564900.850 564900.460 564900.050 564898.750 564897.550 564896.804 564896.804 564896.850 564897.800 564898.950 564900.500 564901.950 564903.200 564904.140 564904.160 564904.650 564905.450 564906.150 564906.950 564907.750 564908.750 564909.600 564910.000 564910.550 564910.700 564910.900 564910.900 564910.850 564910.750 564910.550 564910.350 564910.050 564909.750 564909.400 564908.950 564908.500 564908.000 564907.450 564906.900 564906.250 564905.850 564905.500 564905.100 564904.720 564896.804 564896.804 564899.550 564901.550 564902.750
48 423638.074 423635.800 423630.800 423625.800 423619.400 423613.350 423607.000 423602.600 423596.700 423591.000 423588.000 423586.500 423583.370 423580.200 423577.850 423575.250 423571.850 423566.210 423564.900 423560.350 423556.000 423555.969 423555.969 423556.830 423565.930 423572.900 423574.410 423581.500 423584.400 423590.850 423593.060 423599.690 423606.400 423608.440 423614.870 423615.150 423615.400 423615.600 423615.750 423615.700 423615.800 423616.350 423617.850 423621.400 423629.000 423636.450 423638.074 423638.074 564900.308 564901.050 564902.650 564904.200 564906.350 564908.200 564910.250 564911.550 564913.500 564915.300 564916.150 564916.550 564917.350 564918.200 564918.800 564919.500 564920.250 564921.750 564922.100 564923.250 564924.400 564924.409 564928.771 564928.550 564926.210 564924.410 564924.030 564922.200 564921.400 564919.740 564919.170 564917.470 564915.740 564915.210 564913.560 564912.600 564911.500 564910.900 564910.650 564910.300 564910.200 564910.000 564909.500 564908.400 564905.800 564903.150 564902.697 564900.308
48 423638.074 423635.800 423630.800 423625.800 423619.400 423613.350 423607.000 423602.600 423596.700 423591.000 423588.000 423586.500 423583.370 423580.200 423577.850 423575.250 423571.850 423566.210 423564.900 423560.350 423556.000 423555.969 423555.969 423556.830 423565.930 423572.900 423574.410 423581.500 423584.400 423590.850 423593.060 423599.690 423606.400 423608.440 423614.870 423615.150 423615.400 423615.600 423615.750 423615.700 423615.800 423616.350 423617.850 423621.400 423629.000 423636.450 423638.074 423638.074 564900.308 564901.050 564902.650 564904.200 564906.350 564908.200 564910.250 564911.550 564913.500 564915.300 564916.150 564916.550 564917.350 564918.200 564918.800 564919.500 564920.250 564921.750 564922.100 564923.250 564924.400 564924.409 564928.771 564928.550 564926.210 564924.410 564924.030 564922.200 564921.400 564919.740 564919.170 564917.470 564915.740 564915.210 564913.560 564912.600 564911.500 564910.900 564910.650 564910.300 564910.200 564910.000 564909.500 564908.400 564905.800 564903.150 564902.697 564900.308
48 423638.074 423635.800 423630.800 423625.800 423619.400 423613.350 423607.000 423602.600 423596.700 423591.000 423588.000 423586.500 423583.370 423580.200 423577.850 423575.250 423571.850 423566.210 423564.900 423560.350 423556.000 423555.969 423555.969 423556.830 423565.930 423572.900 423574.410 423581.500 423584.400 423590.850 423593.060 423599.690 423606.400 423608.440 423614.870 423615.150 423615.400 423615.600 423615.750 423615.700 423615.800 423616.350 423617.850 423621.400 423629.000 423636.450 423638.074 423638.074 564900.308 564901.050 564902.650 564904.200 564906.350 564908.200 564910.250 564911.550 564913.500 564915.300 564916.150 564916.550 564917.350 564918.200 564918.800 564919.500 564920.250 564921.750 564922.100 564923.250 564924.400 564924.409 564928.771 564928.550 564926.210 564924.410 564924.030 564922.200 564921.400 564919.740 564919.170 564917.470 564915.740 564915.210 564913.560 564912.600 564911.500 564910.900 564910.650 564910.300 564910.200 564910.000 564909.500 564908.400 564905.800 564903.150 564902.697 564900.308
9 423556.813 423557.200 423558.000 423558.500 423558.600 423558.550 423558.500 423558.413 423556.813 564896.804 564898.650 564901.650 564903.410 564902.750 564901.550 564899.550 564896.804 564896.804
26 423598.988 423596.750 423592.750 423590.650 423583.900 423576.850 423572.370 423571.700 423571.750 423573.150 423576.600 423580.400 423583.650 423586.600 423589.450 423591.600 423593.040 423593.210 423595.900 423599.350 423604.000 423608.250 423611.450 423614.300 423614.412 423598.988 564896.804 564898.850 564902.150 564902.550 564904.100 564905.650 564906.690 564906.840 564910.000 564909.600 564908.750 564907.750 564906.950 564906.150 564905.450 564904.650 564904.160 564904.140 564903.200 564901.950 564900.500 564898.950 564897.800 564896.850 564896.804 564896.804
26 423598.988 423596.750 423592.750 423590.650 423583.900 423576.850 423572.370 423571.700 423571.750 423573.150 423576.600 423580.400 423583.650 423586.600 423589.450 423591.600 423593.040 423593.210 423595.900 423599.350 423604.000 423608.250 423611.450 423614.300 423614.412 423598.988 564896.804 564898.850 564902.150 564902.550 564904.100 564905.650 564906.690 564906.840 564910.000 564909.600 564908.750 564907.750 564906.950 564906.150 564905.450 564904.650 564904.160 564904.140 564903.200 564901.950 564900.500 564898.950 564897.800 564896.850 564896.804 564896.804
56 423549.019 423549.600 423549.900 423550.450 423551.050 423551.750 423552.350 423552.900 423553.200 423553.550 423553.900 423554.200 423554.350 423554.400 423554.500 423554.450 423554.350 423554.150 423553.800 423553.650 423553.250 423552.650 423552.400 423552.150 423551.850 423551.550 423551.050 423550.400 423549.310 423549.019 423549.019 423549.812 423550.254 423550.550 423551.050 423551.350 423551.750 423551.900 423552.100 423552.400 423552.450 423552.550 423552.600 423552.600 423552.400 423552.300 423552.200 423552.000 423551.750 423551.350 423550.900 423550.350 423549.700 423549.250 423549.019 423549.019 564918.164 564917.950 564917.850 564917.650 564917.300 564916.600 564915.900 564915.200 564914.750 564914.250 564913.550 564912.800 564911.950 564911.800 564910.950 564909.800 564908.900 564908.050 564907.050 564905.600 564904.100 564902.050 564901.250 564900.400 564899.600 564899.100 564898.650 564898.200 564897.930 564897.872 564899.906 564900.236 564900.834 564901.700 564903.250 564904.700 564905.900 564906.550 564907.450 564908.250 564908.900 564909.750 564910.450 564911.100 564911.500 564912.050 564912.500 564913.000 564913.500 564914.100 564914.650 564915.150 564915.550 564915.800 564915.916 564918.164
56 423549.019 423549.600 423549.900 423550.450 423551.050 423551.750 423552.350 423552.900 423553.200 423553.550 423553.900 423554.200 423554.350 423554.400 423554.500 423554.450 423554.350 423554.150 423553.800 423553.650 423553.250 423552.650 423552.400 423552.150 423551.850 423551.550 423551.050 423550.400 423549.310 423549.019 423549.019 423549.812 423550.254 423550.550 423551.050 423551.350 423551.750 423551.900 423552.100 423552.400 423552.450 423552.550 423552.600 423552.600 423552.400 423552.300 423552.200 423552.000 423551.750 423551.350 423550.900 423550.350 423549.700 423549.250 423549.019 423549.019 564918.164 564917.950 564917.850 564917.650 564917.300 564916.600 564915.900 564915.200 564914.750 564914.250 564913.550 564912.800 564911.950 564911.800 564910.950 564909.800 564908.900 564908.050 564907.050 564905.600 564904.100 564902.050 564901.250 564900.400 564899.600 564899.100 564898.650 564898.200 564897.930 564897.872 564899.906 564900.236 564900.834 564901.700 564903.250 564904.700 564905.900 564906.550 564907.450 564908.250 564908.900 564909.750 564910.450 564911.100 564911.500 564912.050 564912.500 564913.000 564913.500 564914.100 564914.650 564915.150 564915.550 564915.800 564915.916 564918.164
61 423606.240 423606.220 423606.210 423606.190 423606.170 423606.160 423606.140 423606.130 423606.110 423606.100 423606.080 423606.070 423606.060 423606.040 423606.030 423606.020 423606.010 423605.990 423605.980 423605.980 423605.970 423605.960 423605.960 423605.950 423605.950 423605.940 423605.940 423605.940 423605.940 423605.940 423605.940 423607.290 423608.530 423609.480 423609.470 423609.460 423609.440 423609.430 423609.410 423609.400 423609.380 423609.370 423609.350 423609.330 423609.320 423609.300 423609.270 423609.250 423609.230 423609.210 423609.190 423609.170 423609.160 423609.140 423609.120 423609.100 423609.080 423609.060 423609.040 423609.000 423606.240 564904.020 564904.020 564904.030 564904.040 564904.040 564904.050 564904.060 564904.070 564904.080 564904.090 564904.100 564904.110 564904.130 564904.140 564904.150 564904.170 564904.180 564904.210 564904.220 564904.240 564904.260 564904.270 564904.290 564904.310 564904.320 564904.340 564904.360 564904.380 564904.390 564904.410 564904.430 564905.360 564904.970 564903.310 564903.290 564903.280 564903.260 564903.250 564903.240 564903.220 564903.210 564903.200 564903.190 564903.180 564903.170 564903.160 564903.150 564903.140 564903.140 564903.130 564903.130 564903.130 564903.130 564903.120 564903.120 564903.120 564903.130 564903.130 564903.130 564903.140 564904.020
20 423638.074 423636.450 423629.000 423621.400 423617.850 423616.350 423615.800 423615.700 423615.750 423616.050 423616.400 423617.200 423618.300 423622.000 423624.650 423629.600 423633.400 423637.750 423638.074 423638.074 564902.697 564903.150 564905.800 564908.400 564909.500 564910.000 564910.200 564910.300 564910.650 564910.650 564910.450 564910.200 564909.850 564908.550 564907.650 564905.800 564904.500 564902.950 564902.835 564902.697
27 423569.400 423569.850 423569.770 423569.749 423569.749 423569.749 423569.740 423561.280 423561.300 423561.450 423561.500 423561.700 423561.900 423562.300 423562.650 423563.050 423563.550 423563.900 423564.400 423564.950 423565.550 423566.000 423566.500 423567.150 423567.750 423568.300 423569.400 564910.700 564910.550 564907.280 564905.651 564905.641 564905.629 564904.980 564904.720 564905.100 564905.500 564905.850 564906.250 564906.900 564907.450 564908.000 564908.500 564908.950 564909.400 564909.750 564910.050 564910.350 564910.550 564910.750 564910.850 564910.900 564910.900 564910.700
26 423549.019 423549.250 423549.700 423550.350 423550.900 423551.350 423551.750 423552.000 423552.200 423552.300 423552.400 423552.600 423552.600 423552.550 423552.450 423552.400 423552.100 423551.900 423551.750 423551.350 423551.050 423550.550 423550.254 423549.812 423549.019 423549.019 564915.916 564915.800 564915.550 564915.150 564914.650 564914.100 564913.500 564913.000 564912.500 564912.050 564911.500 564911.100 564910.450 564909.750 564908.900 564908.250 564907.450 564906.550 564905.900 564904.700 564903.250 564901.700 564900.834 564900.236 564899.906 564915.916
59 423590.770 423593.250 423593.280 423593.300 423593.320 423593.340 423593.350 423593.370 423593.390 423593.400 423593.420 423593.430 423593.440 423593.460 423593.470 423593.480 423593.500 423593.510 423593.510 423593.520 423593.530 423593.530 423593.530 423593.540 423593.540 423592.010 423590.720 423590.360 423590.370 423590.370 423590.380 423590.390 423590.400 423590.410 423590.420 423590.430 423590.440 423590.460 423590.470 423590.480 423590.490 423590.510 423590.520 423590.540 423590.550 423590.570 423590.580 423590.600 423590.610 423590.630 423590.640 423590.660 423590.680 423590.690 423590.710 423590.720 423590.740 423590.750 423590.770 564913.590 564912.810 564912.790 564912.780 564912.770 564912.760 564912.750 564912.730 564912.720 564912.700 564912.690 564912.670 564912.650 564912.640 564912.620 564912.600 564912.570 564912.550 564912.530 564912.510 564912.490 564912.460 564912.440 564912.420 564912.400 564911.520 564911.930 564913.400 564913.410 564913.430 564913.440 564913.450 564913.470 564913.480 564913.490 564913.500 564913.510 564913.520 564913.530 564913.540 564913.550 564913.560 564913.570 564913.570 564913.580 564913.580 564913.590 564913.590 564913.600 564913.600 564913.600 564913.600 564913.600 564913.600 564913.600 564913.600 564913.600 564913.590 564913.590
76 423578.239 423578.203 423578.168 423578.133 423578.097 423578.063 423578.028 423577.994 423577.403 423577.904 423578.470 423578.536 423578.569 423578.601 423578.632 423578.663 423578.692 423578.721 423578.749 423578.776 423578.802 423578.827 423578.851 423578.874 423578.896 423578.916 423578.936 423578.954 423578.971 423578.987 423579.002 423579.015 423579.027 423579.038 423579.047 423579.055 423579.061 423579.066 423579.069 423579.070 423579.070 423579.069 423579.066 423579.061 423579.054 423579.046 423579.032 423579.020 423579.006 423578.991 423578.974 423578.956 423578.936 423578.915 423578.893 423578.870 423578.845 423578.820 423578.793 423578.765 423578.737 423578.708 423578.677 423578.647 423578.615 423578.583 423578.550 423578.517 423578.483 423578.449 423578.414 423578.380 423578.345 423578.309 423578.274 423578.239 564913.901 564913.901 564913.902 564913.905 564913.910 564913.917 564913.925 564913.935 564914.121 564915.679 564915.520 564915.498 564915.485 564915.469 564915.453 564915.435 564915.415 564915.394 564915.372 564915.349 564915.325 564915.299 564915.273 564915.245 564915.217 564915.188 564915.158 564915.127 564915.096 564915.063 564915.031 564914.998 564914.964 564914.930 564914.895 564914.860 564914.825 564914.790 564914.755 564914.719 564914.684 564914.649 564914.613 564914.578 564914.543 564914.508 564914.465 564914.431 564914.399 564914.367 564914.336 564914.305 564914.276 564914.247 564914.219 564914.193 564914.167 564914.142 564914.118 564914.096 564914.074 564914.053 564914.034 564914.016 564913.999 564913.983 564913.969 564913.955 564913.944 564913.933 564913.924 564913.916 564913.910 564913.906 564913.902 564913.901
5 423577.904 423577.403 423574.819 423575.275 423577.904 564915.679 564914.121 564914.768 564916.350 564915.679
74 423575.275 423574.819 423574.204 423574.155 423574.122 423574.090 423574.059 423574.028 423573.999 423573.970 423573.943 423573.916 423573.890 423573.866 423573.842 423573.820 423573.799 423573.779 423573.760 423573.742 423573.726 423573.711 423573.697 423573.685 423573.674 423573.664 423573.656 423573.649 423573.644 423573.640 423573.638 423573.637 423573.639 423573.641 423573.646 423573.652 423573.660 423573.669 423573.681 423573.694 423573.709 423573.725 423573.743 423573.762 423573.782 423573.804 423573.827 423573.851 423573.877 423573.903 423573.930 423573.959 423573.988 423574.018 423574.049 423574.081 423574.113 423574.146 423574.180 423574.214 423574.248 423574.283 423574.318 423574.354 423574.389 423574.425 423574.461 423574.497 423574.533 423574.569 423574.605 423574.641 423574.676 423575.275 564916.350 564914.768 564914.915 564914.934 564914.949 564914.965 564914.983 564915.002 564915.023 564915.045 564915.068 564915.092 564915.118 564915.144 564915.172 564915.201 564915.230 564915.260 564915.292 564915.323 564915.356 564915.389 564915.423 564915.457 564915.491 564915.526 564915.562 564915.597 564915.633 564915.669 564915.705 564915.741 564915.777 564915.813 564915.849 564915.884 564915.920 564915.955 564915.991 564916.025 564916.058 564916.090 564916.122 564916.152 564916.182 564916.211 564916.238 564916.265 564916.291 564916.316 564916.340 564916.363 564916.384 564916.405 564916.424 564916.442 564916.458 564916.474 564916.488 564916.501 564916.512 564916.522 564916.531 564916.538 564916.543 564916.547 564916.549 564916.550 564916.549 564916.547 564916.542 564916.536 564916.528 564916.350
7 423555.969 423555.969 423555.750 423549.019 423549.019 423554.960 423555.969 564928.771 564924.409 564924.470 564926.238 564930.557 564929.030 564928.771
