15
6 423250.150 423250.600 423251.850 423252.800 423252.250 423250.150 564852.400 564857.600 564858.650 564858.650 564852.300 564852.400
5 423194.450 423192.950 423193.350 423194.850 423194.450 564886.240 564886.450 564891.100 564890.900 564886.240
6 423256.222 423256.050 423255.200 423254.000 423254.014 423256.222 564896.804 564894.900 564894.950 564896.550 564896.804 564896.804
29 423258.012 423257.800 423257.180 423256.550 423255.950 423255.350 423254.750 423254.120 423253.500 423254.940 423254.450 423256.150 423265.482 423249.706 423249.250 423248.950 423248.650 423248.550 423250.100 423252.300 423255.400 423253.400 423253.465 423254.014 423254.000 423255.200 423256.050 423256.222 423258.012 564896.804 564894.450 564887.400 564880.350 564873.500 564866.600 564859.650 564852.550 564845.600 564845.450 564840.000 564838.400 564837.902 564837.902 564838.450 564839.100 564839.850 564840.600 564857.700 564859.800 564893.850 564896.250 564896.804 564896.804 564896.550 564894.950 564894.900 564896.804 564896.804
29 423258.012 423257.800 423257.180 423256.550 423255.950 423255.350 423254.750 423254.120 423253.500 423254.940 423254.450 423256.150 423265.482 423249.706 423249.250 423248.950 423248.650 423248.550 423250.100 423252.300 423255.400 423253.400 423253.465 423254.014 423254.000 423255.200 423256.050 423256.222 423258.012 564896.804 564894.450 564887.400 564880.350 564873.500 564866.600 564859.650 564852.550 564845.600 564845.450 564840.000 564838.400 564837.902 564837.902 564838.450 564839.100 564839.850 564840.600 564857.700 564859.800 564893.850 564896.250 564896.804 564896.804 564896.550 564894.950 564894.900 564896.804 564896.804
29 423258.012 423257.800 423257.180 423256.550 423255.950 423255.350 423254.750 423254.120 423253.500 423254.940 423254.450 423256.150 423265.482 423249.706 423249.250 423248.950 423248.650 423248.550 423250.100 423252.300 423255.400 423253.400 423253.465 423254.014 423254.000 423255.200 423256.050 423256.222 423258.012 564896.804 564894.450 564887.400 564880.350 564873.500 564866.600 564859.650 564852.550 564845.600 564845.450 564840.000 564838.400 564837.902 564837.902 564838.450 564839.100 564839.850 564840.600 564857.700 564859.800 564893.850 564896.250 564896.804 564896.804 564896.550 564894.950 564894.900 564896.804 564896.804
29 423247.956 423245.800 423243.450 423242.800 423242.750 423242.550 423242.250 423241.850 423241.671 423232.258 423224.250 423222.600 423222.200 423222.000 423222.092 423223.300 423226.430 423238.850 423239.230 423240.900 423241.440 423242.100 423242.730 423243.350 423244.020 423244.650 423245.280 423245.779 423247.956 564896.804 564873.400 564846.350 564839.950 564839.400 564838.850 564838.450 564838.000 564837.902 564837.902 564838.350 564838.400 564838.800 564839.550 564840.427 564840.350 564840.150 564839.150 564844.000 564843.850 564849.550 564856.550 564863.550 564870.450 564877.600 564884.400 564891.350 564896.804 564896.804
29 423247.956 423245.800 423243.450 423242.800 423242.750 423242.550 423242.250 423241.850 423241.671 423232.258 423224.250 423222.600 423222.200 423222.000 423222.092 423223.300 423226.430 423238.850 423239.230 423240.900 423241.440 423242.100 423242.730 423243.350 423244.020 423244.650 423245.280 423245.779 423247.956 564896.804 564873.400 564846.350 564839.950 564839.400 564838.850 564838.450 564838.000 564837.902 564837.902 564838.350 564838.400 564838.800 564839.550 564840.427 564840.350 564840.150 564839.150 564844.000 564843.850 564849.550 564856.550 564863.550 564870.450 564877.600 564884.400 564891.350 564896.804 564896.804
29 423247.956 423245.800 423243.450 423242.800 423242.750 423242.550 423242.250 423241.850 423241.671 423232.258 423224.250 423222.600 423222.200 423222.000 423222.092 423223.300 423226.430 423238.850 423239.230 423240.900 423241.440 423242.100 423242.730 423243.350 423244.020 423244.650 423245.280 423245.779 423247.956 564896.804 564873.400 564846.350 564839.950 564839.400 564838.850 564838.450 564838.000 564837.902 564837.902 564838.350 564838.400 564838.800 564839.550 564840.427 564840.350 564840.150 564839.150 564844.000 564843.850 564849.550 564856.550 564863.550 564870.450 564877.600 564884.400 564891.350 564896.804 564896.804
42 423204.558 423204.120 423203.880 423203.250 423202.670 423201.990 423201.330 423200.660 423200.200 423199.800 423201.170 423200.800 423202.100 423205.850 423213.630 423216.600 423217.672 423217.650 423217.600 423217.450 423217.200 423217.000 423216.600 423216.200 423215.700 423200.200 423199.600 423199.000 423198.500 423198.000 423197.700 423197.400 423197.150 423197.050 423197.100 423197.200 423197.520 423197.700 423199.550 423200.950 423202.086 423204.558 564896.804 564892.820 564890.210 564883.300 564876.400 564869.360 564862.630 564855.720 564851.000 564846.600 564846.500 564842.700 564841.350 564841.170 564840.800 564840.650 564840.596 564840.350 564839.950 564839.500 564839.150 564838.950 564838.750 564838.650 564838.650 564839.100 564839.150 564839.300 564839.550 564839.900 564840.250 564840.700 564841.300 564841.900 564842.500 564843.910 564848.300 564850.750 564870.900 564884.600 564896.804 564896.804
42 423204.558 423204.120 423203.880 423203.250 423202.670 423201.990 423201.330 423200.660 423200.200 423199.800 423201.170 423200.800 423202.100 423205.850 423213.630 423216.600 423217.672 423217.650 423217.600 423217.450 423217.200 423217.000 423216.600 423216.200 423215.700 423200.200 423199.600 423199.000 423198.500 423198.000 423197.700 423197.400 423197.150 423197.050 423197.100 423197.200 423197.520 423197.700 423199.550 423200.950 423202.086 423204.558 564896.804 564892.820 564890.210 564883.300 564876.400 564869.360 564862.630 564855.720 564851.000 564846.600 564846.500 564842.700 564841.350 564841.170 564840.800 564840.650 564840.596 564840.350 564839.950 564839.500 564839.150 564838.950 564838.750 564838.650 564838.650 564839.100 564839.150 564839.300 564839.550 564839.900 564840.250 564840.700 564841.300 564841.900 564842.500 564843.910 564848.300 564850.750 564870.900 564884.600 564896.804 564896.804
42 423204.558 423204.120 423203.880 423203.250 423202.670 423201.990 423201.330 423200.660 423200.200 423199.800 423201.170 423200.800 423202.100 423205.850 423213.630 423216.600 423217.672 423217.650 423217.600 423217.450 423217.200 423217.000 423216.600 423216.200 423215.700 423200.200 423199.600 423199.000 423198.500 423198.000 423197.700 423197.400 423197.150 423197.050 423197.100 423197.200 423197.520 423197.700 423199.550 423200.950 423202.086 423204.558 564896.804 564892.820 564890.210 564883.300 564876.400 564869.360 564862.630 564855.720 564851.000 564846.600 564846.500 564842.700 564841.350 564841.170 564840.800 564840.650 564840.596 564840.350 564839.950 564839.500 564839.150 564838.950 564838.750 564838.650 564838.650 564839.100 564839.150 564839.300 564839.550 564839.900 564840.250 564840.700 564841.300 564841.900 564842.500 564843.910 564848.300 564850.750 564870.900 564884.600 564896.804 564896.804
8 423193.898 423193.400 423195.550 423195.000 423192.850 423192.796 423192.796 423193.898 564896.804 564891.600 564891.400 564885.550 564885.750 564885.178 564896.804 564896.804
8 423193.898 423193.400 423195.550 423195.000 423192.850 423192.796 423192.796 423193.898 564896.804 564891.600 564891.400 564885.550 564885.750 564885.178 564896.804 564896.804
8 423193.898 423193.400 423195.550 423195.000 423192.850 423192.796 423192.796 423193.898 564896.804 564891.600 564891.400 564885.550 564885.750 564885.178 564896.804 564896.804
