19
41 423103.741 423103.840 423104.200 423105.000 423105.350 423105.350 423105.500 423105.650 423105.800 423105.950 423106.050 423106.200 423106.400 423106.650 423106.850 423107.100 423107.300 423108.150 423108.700 423120.200 423128.150 423128.500 423128.900 423129.150 423129.400 423129.700 423129.950 423130.100 423130.200 423130.300 423130.450 423129.450 423108.100 423107.050 423106.680 423106.400 423105.710 423105.100 423104.535 423103.741 423103.741 565033.773 565034.760 565038.340 565046.300 565050.050 565050.750 565051.100 565051.550 565051.900 565052.300 565052.450 565052.600 565052.750 565052.900 565053.050 565053.150 565053.200 565053.200 565053.100 565049.350 565046.850 565046.700 565046.500 565046.400 565046.200 565046.000 565045.800 565045.500 565045.200 565044.800 565044.150 565044.080 565051.050 565040.260 565036.470 565033.600 565026.640 565020.400 565014.607 565014.607 565033.773
41 423103.741 423103.840 423104.200 423105.000 423105.350 423105.350 423105.500 423105.650 423105.800 423105.950 423106.050 423106.200 423106.400 423106.650 423106.850 423107.100 423107.300 423108.150 423108.700 423120.200 423128.150 423128.500 423128.900 423129.150 423129.400 423129.700 423129.950 423130.100 423130.200 423130.300 423130.450 423129.450 423108.100 423107.050 423106.680 423106.400 423105.710 423105.100 423104.535 423103.741 423103.741 565033.773 565034.760 565038.340 565046.300 565050.050 565050.750 565051.100 565051.550 565051.900 565052.300 565052.450 565052.600 565052.750 565052.900 565053.050 565053.150 565053.200 565053.200 565053.100 565049.350 565046.850 565046.700 565046.500 565046.400 565046.200 565046.000 565045.800 565045.500 565045.200 565044.800 565044.150 565044.080 565051.050 565040.260 565036.470 565033.600 565026.640 565020.400 565014.607 565014.607 565033.773
41 423103.741 423103.840 423104.200 423105.000 423105.350 423105.350 423105.500 423105.650 423105.800 423105.950 423106.050 423106.200 423106.400 423106.650 423106.850 423107.100 423107.300 423108.150 423108.700 423120.200 423128.150 423128.500 423128.900 423129.150 423129.400 423129.700 423129.950 423130.100 423130.200 423130.300 423130.450 423129.450 423108.100 423107.050 423106.680 423106.400 423105.710 423105.100 423104.535 423103.741 423103.741 565033.773 565034.760 565038.340 565046.300 565050.050 565050.750 565051.100 565051.550 565051.900 565052.300 565052.450 565052.600 565052.750 565052.900 565053.050 565053.150 565053.200 565053.200 565053.100 565049.350 565046.850 565046.700 565046.500 565046.400 565046.200 565046.000 565045.800 565045.500 565045.200 565044.800 565044.150 565044.080 565051.050 565040.260 565036.470 565033.600 565026.640 565020.400 565014.607 565014.607 565033.773
41 423103.741 423103.840 423104.200 423105.000 423105.350 423105.350 423105.500 423105.650 423105.800 423105.950 423106.050 423106.200 423106.400 423106.650 423106.850 423107.100 423107.300 423108.150 423108.700 423120.200 423128.150 423128.500 423128.900 423129.150 423129.400 423129.700 423129.950 423130.100 423130.200 423130.300 423130.450 423129.450 423108.100 423107.050 423106.680 423106.400 423105.710 423105.100 423104.535 423103.741 423103.741 565033.773 565034.760 565038.340 565046.300 565050.050 565050.750 565051.100 565051.550 565051.900 565052.300 565052.450 565052.600 565052.750 565052.900 565053.050 565053.150 565053.200 565053.200 565053.100 565049.350 565046.850 565046.700 565046.500 565046.400 565046.200 565046.000 565045.800 565045.500 565045.200 565044.800 565044.150 565044.080 565051.050 565040.260 565036.470 565033.600 565026.640 565020.400 565014.607 565014.607 565033.773
5 423162.648 423162.700 423164.390 423164.362 423162.648 565014.607 565015.050 565014.890 565014.607 565014.607
5 423162.648 423162.700 423164.390 423164.362 423162.648 565014.607 565015.050 565014.890 565014.607 565014.607
5 423162.648 423162.700 423164.390 423164.362 423162.648 565014.607 565015.050 565014.890 565014.607 565014.607
5 423151.704 423151.840 423156.650 423156.534 423151.704 565014.607 565016.130 565015.700 565014.607 565014.607
5 423151.704 423151.840 423156.650 423156.534 423151.704 565014.607 565016.130 565015.700 565014.607 565014.607
5 423151.704 423151.840 423156.650 423156.534 423151.704 565014.607 565016.130 565015.700 565014.607 565014.607
9 423192.796 423190.392 423187.970 423188.710 423189.400 423190.900 423192.500 423192.796 423192.796 565022.842 565023.658 565024.480 565026.790 565026.500 565025.950 565025.350 565025.242 565022.842
9 423192.796 423190.392 423187.970 423188.710 423189.400 423190.900 423192.500 423192.796 423192.796 565022.842 565023.658 565024.480 565026.790 565026.500 565025.950 565025.350 565025.242 565022.842
9 423192.796 423190.392 423187.970 423188.710 423189.400 423190.900 423192.500 423192.796 423192.796 565022.842 565023.658 565024.480 565026.790 565026.500 565025.950 565025.350 565025.242 565022.842
24 423181.650 423178.600 423167.450 423167.100 423166.850 423153.550 423146.500 423145.720 423135.780 423135.800 423136.000 423136.350 423136.750 423137.200 423137.700 423138.200 423148.750 423159.586 423159.125 423162.065 423162.526 423176.100 423182.150 423181.650 565027.400 565028.400 565032.070 565032.100 565032.050 565036.300 565038.800 565039.060 565042.390 565042.850 565043.250 565043.550 565043.800 565043.950 565043.950 565043.850 565040.400 565036.676 565035.335 565034.324 565035.665 565031.000 565029.010 565027.400
38 423114.212 423114.150 423113.650 423117.950 423119.700 423130.850 423141.950 423156.450 423172.100 423184.850 423192.796 423192.796 423191.030 423185.300 423184.410 423158.100 423145.350 423139.520 423132.800 423120.250 423117.950 423115.750 423114.900 423113.700 423112.600 423112.000 423111.150 423110.300 423109.500 423108.950 423108.350 423107.950 423107.900 423107.650 423107.600 423107.800 423108.090 423114.212 565073.508 565073.100 565070.250 565062.050 565060.100 565056.400 565052.750 565048.000 565042.750 565038.650 565036.173 565033.451 565034.040 565035.950 565036.240 565044.900 565049.050 565050.950 565053.150 565057.300 565057.950 565058.750 565059.100 565059.550 565060.100 565060.500 565061.150 565061.900 565062.750 565063.650 565064.800 565065.950 565066.200 565067.700 565069.300 565071.600 565073.508 565073.508
38 423114.212 423114.150 423113.650 423117.950 423119.700 423130.850 423141.950 423156.450 423172.100 423184.850 423192.796 423192.796 423191.030 423185.300 423184.410 423158.100 423145.350 423139.520 423132.800 423120.250 423117.950 423115.750 423114.900 423113.700 423112.600 423112.000 423111.150 423110.300 423109.500 423108.950 423108.350 423107.950 423107.900 423107.650 423107.600 423107.800 423108.090 423114.212 565073.508 565073.100 565070.250 565062.050 565060.100 565056.400 565052.750 565048.000 565042.750 565038.650 565036.173 565033.451 565034.040 565035.950 565036.240 565044.900 565049.050 565050.950 565053.150 565057.300 565057.950 565058.750 565059.100 565059.550 565060.100 565060.500 565061.150 565061.900 565062.750 565063.650 565064.800 565065.950 565066.200 565067.700 565069.300 565071.600 565073.508 565073.508
38 423114.212 423114.150 423113.650 423117.950 423119.700 423130.850 423141.950 423156.450 423172.100 423184.850 423192.796 423192.796 423191.030 423185.300 423184.410 423158.100 423145.350 423139.520 423132.800 423120.250 423117.950 423115.750 423114.900 423113.700 423112.600 423112.000 423111.150 423110.300 423109.500 423108.950 423108.350 423107.950 423107.900 423107.650 423107.600 423107.800 423108.090 423114.212 565073.508 565073.100 565070.250 565062.050 565060.100 565056.400 565052.750 565048.000 565042.750 565038.650 565036.173 565033.451 565034.040 565035.950 565036.240 565044.900 565049.050 565050.950 565053.150 565057.300 565057.950 565058.750 565059.100 565059.550 565060.100 565060.500 565061.150 565061.900 565062.750 565063.650 565064.800 565065.950 565066.200 565067.700 565069.300 565071.600 565073.508 565073.508
38 423114.212 423114.150 423113.650 423117.950 423119.700 423130.850 423141.950 423156.450 423172.100 423184.850 423192.796 423192.796 423191.030 423185.300 423184.410 423158.100 423145.350 423139.520 423132.800 423120.250 423117.950 423115.750 423114.900 423113.700 423112.600 423112.000 423111.150 423110.300 423109.500 423108.950 423108.350 423107.950 423107.900 423107.650 423107.600 423107.800 423108.090 423114.212 565073.508 565073.100 565070.250 565062.050 565060.100 565056.400 565052.750 565048.000 565042.750 565038.650 565036.173 565033.451 565034.040 565035.950 565036.240 565044.900 565049.050 565050.950 565053.150 565057.300 565057.950 565058.750 565059.100 565059.550 565060.100 565060.500 565061.150 565061.900 565062.750 565063.650 565064.800 565065.950 565066.200 565067.700 565069.300 565071.600 565073.508 565073.508
38 423114.212 423114.150 423113.650 423117.950 423119.700 423130.850 423141.950 423156.450 423172.100 423184.850 423192.796 423192.796 423191.030 423185.300 423184.410 423158.100 423145.350 423139.520 423132.800 423120.250 423117.950 423115.750 423114.900 423113.700 423112.600 423112.000 423111.150 423110.300 423109.500 423108.950 423108.350 423107.950 423107.900 423107.650 423107.600 423107.800 423108.090 423114.212 565073.508 565073.100 565070.250 565062.050 565060.100 565056.400 565052.750 565048.000 565042.750 565038.650 565036.173 565033.451 565034.040 565035.950 565036.240 565044.900 565049.050 565050.950 565053.150 565057.300 565057.950 565058.750 565059.100 565059.550 565060.100 565060.500 565061.150 565061.900 565062.750 565063.650 565064.800 565065.950 565066.200 565067.700 565069.300 565071.600 565073.508 565073.508
