23
11 423638.074 423643.660 423644.660 423645.680 423647.850 423648.530 423649.600 423649.930 423650.005 423638.074 423638.074 564608.210 564608.110 564607.930 564607.560 564605.930 564605.260 564603.800 564602.920 564602.296 564602.296 564608.210
11 423638.074 423643.660 423644.660 423645.680 423647.850 423648.530 423649.600 423649.930 423650.005 423638.074 423638.074 564608.210 564608.110 564607.930 564607.560 564605.930 564605.260 564603.800 564602.920 564602.296 564602.296 564608.210
44 423727.130 423724.350 423723.958 423724.351 423722.334 423721.982 423720.250 423717.450 423715.850 423715.700 423715.300 423710.800 423710.450 423710.300 423709.950 423699.200 423683.450 423668.750 423661.600 423660.950 423660.500 423659.900 423659.650 423659.604 423657.746 423657.770 423657.869 423658.043 423658.285 423658.660 423659.310 423660.410 423662.190 423663.920 423664.790 423666.240 423668.710 423670.710 423674.080 423676.730 423679.350 423697.500 423727.130 423727.130 564602.750 564602.800 564602.800 564602.296 564602.296 564602.800 564602.800 564602.900 564602.900 564602.800 564602.450 564602.470 564602.900 564603.050 564603.050 564603.300 564603.600 564603.900 564604.000 564604.000 564603.750 564603.150 564602.800 564602.296 564602.296 564603.360 564604.556 564605.696 564606.677 564607.650 564608.450 564609.390 564610.370 564610.600 564610.490 564609.930 564608.490 564607.370 564606.320 564605.760 564605.700 564605.350 564604.862 564602.750
6 423724.351 423723.958 423724.350 423727.130 423727.130 423724.351 564602.296 564602.800 564602.800 564602.750 564602.296 564602.296
10 423722.530 423722.420 423722.580 423722.820 423723.200 423724.280 423724.400 423723.300 423722.700 423722.530 564610.470 564610.710 564611.160 564611.440 564611.660 564611.660 564609.780 564609.810 564610.290 564610.470
5 423724.400 423724.280 423726.750 423726.850 423724.400 564609.780 564611.660 564611.630 564609.930 564609.780
5 423727.130 423726.850 423726.750 423727.130 423727.130 564609.922 564609.930 564611.630 564611.630 564609.922
16 423638.074 423639.100 423640.350 423641.800 423643.300 423644.100 423645.150 423646.900 423648.050 423649.400 423650.850 423652.400 423654.050 423653.950 423638.074 423638.074 564627.558 564627.250 564626.850 564626.500 564626.100 564625.900 564625.650 564625.250 564625.000 564624.600 564624.450 564624.250 564624.000 564619.500 564619.786 564627.558
78 423655.850 423655.950 423656.900 423659.200 423660.250 423661.750 423663.550 423664.400 423666.500 423667.700 423668.950 423670.450 423672.050 423673.700 423675.500 423676.950 423678.100 423679.800 423681.300 423683.000 423685.300 423687.600 423689.200 423691.250 423692.850 423694.250 423695.300 423696.350 423697.400 423698.200 423699.000 423699.450 423700.300 423700.700 423701.800 423702.550 423703.250 423703.850 423704.600 423704.950 423705.300 423705.750 423706.350 423706.650 423707.150 423707.800 423709.000 423710.400 423711.110 423712.050 423714.250 423716.950 423719.200 423720.200 423720.800 423721.000 423721.100 423721.300 423721.300 423721.200 423721.150 423721.000 423720.900 423720.700 423720.500 423719.800 423719.150 423718.150 423717.600 423716.700 423716.150 423715.850 423707.300 423695.150 423683.850 423668.700 423655.800 423655.850 564619.900 564623.760 564623.650 564623.450 564623.450 564623.550 564623.600 564623.650 564623.750 564623.800 564623.900 564624.050 564624.150 564624.350 564624.600 564624.900 564625.100 564625.350 564625.750 564626.100 564626.700 564627.450 564627.950 564628.500 564629.150 564629.650 564630.200 564630.700 564631.250 564631.600 564632.100 564632.350 564633.000 564633.300 564634.200 564634.750 564635.450 564636.100 564636.900 564637.400 564638.100 564638.100 564637.950 564637.700 564637.300 564636.800 564635.850 564634.550 564633.970 564633.200 564631.300 564629.000 564627.100 564626.350 564625.650 564625.250 564624.750 564624.350 564622.650 564622.050 564621.700 564621.350 564621.150 564620.900 564620.600 564619.900 564619.550 564618.950 564618.600 564618.350 564618.200 564618.200 564618.450 564618.700 564618.950 564619.150 564619.450 564619.900
78 423655.850 423655.950 423656.900 423659.200 423660.250 423661.750 423663.550 423664.400 423666.500 423667.700 423668.950 423670.450 423672.050 423673.700 423675.500 423676.950 423678.100 423679.800 423681.300 423683.000 423685.300 423687.600 423689.200 423691.250 423692.850 423694.250 423695.300 423696.350 423697.400 423698.200 423699.000 423699.450 423700.300 423700.700 423701.800 423702.550 423703.250 423703.850 423704.600 423704.950 423705.300 423705.750 423706.350 423706.650 423707.150 423707.800 423709.000 423710.400 423711.110 423712.050 423714.250 423716.950 423719.200 423720.200 423720.800 423721.000 423721.100 423721.300 423721.300 423721.200 423721.150 423721.000 423720.900 423720.700 423720.500 423719.800 423719.150 423718.150 423717.600 423716.700 423716.150 423715.850 423707.300 423695.150 423683.850 423668.700 423655.800 423655.850 564619.900 564623.760 564623.650 564623.450 564623.450 564623.550 564623.600 564623.650 564623.750 564623.800 564623.900 564624.050 564624.150 564624.350 564624.600 564624.900 564625.100 564625.350 564625.750 564626.100 564626.700 564627.450 564627.950 564628.500 564629.150 564629.650 564630.200 564630.700 564631.250 564631.600 564632.100 564632.350 564633.000 564633.300 564634.200 564634.750 564635.450 564636.100 564636.900 564637.400 564638.100 564638.100 564637.950 564637.700 564637.300 564636.800 564635.850 564634.550 564633.970 564633.200 564631.300 564629.000 564627.100 564626.350 564625.650 564625.250 564624.750 564624.350 564622.650 564622.050 564621.700 564621.350 564621.150 564620.900 564620.600 564619.900 564619.550 564618.950 564618.600 564618.350 564618.200 564618.200 564618.450 564618.700 564618.950 564619.150 564619.450 564619.900
50 423678.250 423678.350 423677.600 423676.350 423675.000 423673.800 423672.450 423671.300 423670.150 423669.450 423668.150 423667.050 423666.050 423664.400 423661.700 423659.400 423657.600 423656.350 423656.200 423656.150 423656.200 423656.250 423656.300 423656.350 423656.550 423656.800 423657.250 423657.500 423657.700 423657.850 423658.250 423658.450 423658.750 423659.250 423659.500 423659.850 423660.550 423662.500 423671.000 423674.200 423675.650 423676.000 423676.250 423676.550 423677.150 423677.400 423677.700 423678.000 423678.100 423678.250 564631.300 564630.720 564630.600 564630.350 564630.150 564630.000 564629.750 564629.600 564629.500 564629.400 564629.300 564629.250 564629.100 564629.050 564628.950 564628.950 564629.100 564629.250 564629.270 564629.750 564630.000 564630.200 564630.500 564630.750 564631.150 564631.750 564632.300 564632.850 564633.200 564633.450 564633.850 564634.100 564634.300 564634.550 564634.650 564634.700 564634.750 564634.650 564634.450 564634.400 564634.350 564634.300 564634.150 564633.950 564633.450 564633.150 564632.900 564632.200 564631.750 564631.300
31 423641.250 423641.110 423650.900 423653.250 423654.500 423656.050 423656.150 423656.100 423656.050 423655.850 423655.600 423655.300 423654.900 423654.600 423654.350 423653.900 423653.600 423653.150 423652.650 423651.450 423650.600 423649.450 423648.250 423647.350 423645.650 423644.000 423642.800 423642.050 423641.650 423641.450 423641.250 564634.850 564635.170 564634.900 564634.800 564635.150 564635.650 564635.200 564634.950 564634.550 564634.250 564633.800 564633.300 564632.650 564632.300 564632.200 564632.000 564631.900 564631.800 564631.750 564631.900 564632.050 564632.300 564632.650 564632.800 564633.250 564633.700 564634.050 564634.300 564634.450 564634.600 564634.850
31 423641.250 423641.110 423650.900 423653.250 423654.500 423656.050 423656.150 423656.100 423656.050 423655.850 423655.600 423655.300 423654.900 423654.600 423654.350 423653.900 423653.600 423653.150 423652.650 423651.450 423650.600 423649.450 423648.250 423647.350 423645.650 423644.000 423642.800 423642.050 423641.650 423641.450 423641.250 564634.850 564635.170 564634.900 564634.800 564635.150 564635.650 564635.200 564634.950 564634.550 564634.250 564633.800 564633.300 564632.650 564632.300 564632.200 564632.000 564631.900 564631.800 564631.750 564631.900 564632.050 564632.300 564632.650 564632.800 564633.250 564633.700 564634.050 564634.300 564634.450 564634.600 564634.850
36 423678.600 423678.750 423683.488 423684.266 423686.250 423686.751 423687.634 423688.609 423690.850 423691.142 423691.489 423691.990 423692.446 423692.965 423693.326 423693.979 423694.900 423694.450 423693.950 423693.350 423692.700 423691.800 423690.600 423688.400 423685.400 423683.700 423683.470 423682.450 423681.500 423680.850 423680.450 423679.950 423679.050 423678.700 423678.650 423678.600 564634.950 564635.500 564635.045 564634.970 564637.000 564637.501 564636.709 564637.525 564639.400 564639.623 564639.203 564638.760 564638.362 564638.212 564638.127 564638.136 564638.200 564637.850 564637.600 564637.350 564637.000 564636.650 564636.150 564635.400 564634.400 564633.900 564633.840 564633.600 564633.250 564633.150 564633.150 564633.250 564633.750 564634.200 564634.450 564634.950
65 423706.850 423706.710 423706.900 423707.500 423708.000 423708.500 423708.700 423708.900 423709.000 423709.150 423709.350 423709.400 423709.500 423709.600 423709.700 423709.850 423710.150 423710.400 423711.500 423712.400 423713.200 423713.800 423714.250 423714.600 423714.900 423715.150 423715.300 423715.330 423715.650 423715.700 423715.650 423715.550 423715.350 423715.100 423714.500 423714.100 423713.950 423713.700 423713.500 423713.250 423713.050 423712.800 423712.450 423712.350 423712.150 423712.050 423711.900 423711.700 423711.500 423711.350 423711.200 423710.800 423710.550 423710.300 423710.100 423709.400 423709.150 423708.700 423708.400 423707.800 423707.400 423707.250 423707.000 423706.900 423706.850 564640.300 564640.670 564641.050 564642.500 564643.800 564645.200 564645.800 564646.900 564648.200 564649.150 564650.550 564652.900 564654.250 564655.000 564655.300 564655.600 564655.900 564656.050 564656.750 564657.050 564657.450 564657.700 564658.050 564658.350 564658.550 564658.900 564659.350 564659.510 564659.100 564658.800 564658.250 564657.900 564657.250 564655.650 564652.250 564650.200 564649.500 564648.150 564647.200 564645.900 564644.600 564643.550 564642.200 564641.450 564640.850 564640.300 564639.800 564639.450 564639.050 564638.700 564638.450 564638.050 564637.950 564637.900 564637.850 564637.850 564637.950 564638.300 564638.450 564638.900 564639.250 564639.550 564639.850 564640.050 564640.300
48 423702.100 423701.600 423701.200 423700.850 423700.300 423699.800 423699.350 423698.850 423698.450 423698.200 423697.900 423697.650 423697.500 423697.250 423697.000 423696.850 423696.900 423696.950 423697.300 423697.800 423698.350 423698.300 423698.300 423698.400 423698.500 423698.600 423698.850 423699.000 423699.450 423699.900 423700.450 423701.050 423701.650 423702.200 423702.800 423703.050 423703.200 423703.350 423703.550 423703.650 423703.600 423703.550 423703.400 423703.350 423703.150 423702.950 423702.500 423702.100 564644.100 564644.200 564644.350 564644.600 564645.400 564646.050 564646.750 564647.400 564648.250 564648.900 564650.000 564651.050 564652.150 564653.600 564655.250 564657.150 564657.800 564658.050 564658.350 564658.500 564658.450 564657.250 564656.550 564655.750 564655.300 564654.950 564654.600 564654.350 564654.050 564653.700 564653.250 564652.800 564652.400 564652.100 564651.600 564651.400 564651.050 564650.800 564650.550 564650.200 564649.800 564649.050 564648.450 564647.750 564647.100 564646.150 564645.000 564644.100
29 423727.130 423708.050 423675.280 423674.880 423665.270 423655.850 423648.930 423641.350 423638.074 423638.074 423653.950 423654.050 423655.650 423655.950 423655.850 423655.800 423668.700 423683.850 423695.150 423707.300 423715.850 423716.150 423716.700 423717.600 423724.750 423725.700 423726.600 423727.130 423727.130 564615.714 564616.050 564616.740 564616.700 564615.750 564617.130 564617.240 564617.350 564617.434 564619.786 564619.500 564624.000 564623.800 564623.760 564619.900 564619.450 564619.150 564618.950 564618.700 564618.450 564618.200 564618.200 564618.350 564618.600 564618.750 564618.400 564618.300 564618.272 564615.714
29 423727.130 423708.050 423675.280 423674.880 423665.270 423655.850 423648.930 423641.350 423638.074 423638.074 423653.950 423654.050 423655.650 423655.950 423655.850 423655.800 423668.700 423683.850 423695.150 423707.300 423715.850 423716.150 423716.700 423717.600 423724.750 423725.700 423726.600 423727.130 423727.130 564615.714 564616.050 564616.740 564616.700 564615.750 564617.130 564617.240 564617.350 564617.434 564619.786 564619.500 564624.000 564623.800 564623.760 564619.900 564619.450 564619.150 564618.950 564618.700 564618.450 564618.200 564618.200 564618.350 564618.600 564618.750 564618.400 564618.300 564618.272 564615.714
29 423727.130 423708.050 423675.280 423674.880 423665.270 423655.850 423648.930 423641.350 423638.074 423638.074 423653.950 423654.050 423655.650 423655.950 423655.850 423655.800 423668.700 423683.850 423695.150 423707.300 423715.850 423716.150 423716.700 423717.600 423724.750 423725.700 423726.600 423727.130 423727.130 564615.714 564616.050 564616.740 564616.700 564615.750 564617.130 564617.240 564617.350 564617.434 564619.786 564619.500 564624.000 564623.800 564623.760 564619.900 564619.450 564619.150 564618.950 564618.700 564618.450 564618.200 564618.200 564618.350 564618.600 564618.750 564618.400 564618.300 564618.272 564615.714
199 423701.600 423702.100 423701.500 423701.100 423700.650 423700.050 423699.350 423698.650 423698.000 423696.950 423696.700 423696.150 423695.450 423694.550 423693.750 423692.500 423691.650 423690.650 423689.500 423688.050 423686.650 423685.200 423683.800 423682.550 423681.450 423680.350 423678.850 423678.350 423678.250 423678.100 423678.000 423677.700 423677.400 423677.150 423676.550 423676.250 423676.000 423675.650 423674.200 423671.000 423662.500 423660.550 423659.850 423659.500 423659.250 423658.750 423658.450 423658.250 423657.850 423657.700 423657.500 423657.250 423656.800 423656.550 423656.350 423656.300 423656.250 423656.200 423656.150 423656.200 423654.850 423653.300 423652.200 423651.050 423649.950 423649.100 423648.000 423644.900 423642.300 423639.950 423639.450 423638.074 423638.074 423640.150 423641.110 423641.250 423641.450 423641.650 423642.050 423642.800 423644.000 423645.650 423647.350 423648.250 423649.450 423650.600 423651.450 423652.650 423653.150 423653.600 423653.900 423654.350 423654.600 423654.900 423655.300 423655.600 423655.850 423656.050 423656.100 423656.150 423656.050 423657.750 423661.400 423665.700 423666.450 423666.890 423667.650 423668.200 423672.500 423676.700 423677.250 423677.950 423678.350 423679.050 423678.750 423678.600 423678.650 423678.700 423679.050 423679.950 423680.450 423680.850 423681.500 423682.450 423683.470 423683.700 423685.400 423688.400 423690.600 423691.800 423692.700 423693.350 423693.950 423694.450 423694.900 423695.300 423695.750 423696.150 423696.600 423696.900 423697.100 423697.350 423697.650 423698.050 423698.300 423698.500 423698.700 423698.800 423698.800 423698.750 423698.600 423698.400 423698.050 423697.550 423697.100 423696.900 423696.600 423696.500 423696.300 423696.000 423695.884 423695.886 423695.896 423695.845 423695.569 423695.228 423694.867 423694.400 423694.300 423694.250 423694.150 423693.850 423693.900 423695.250 423696.542 423696.500 423696.479 423698.417 423698.400 423698.350 423697.800 423697.300 423696.950 423696.900 423696.850 423697.000 423697.250 423697.500 423697.650 423697.900 423698.200 423698.450 423698.850 423699.350 423699.800 423700.300 423700.850 423701.200 423701.600 564644.200 564644.100 564643.150 564642.400 564641.350 564640.300 564639.550 564638.650 564638.100 564637.350 564637.100 564636.650 564636.250 564635.800 564635.450 564634.850 564634.500 564634.200 564633.700 564633.250 564632.850 564632.450 564632.100 564631.650 564631.400 564631.200 564630.800 564630.720 564631.300 564631.750 564632.200 564632.900 564633.150 564633.450 564633.950 564634.150 564634.300 564634.350 564634.400 564634.450 564634.650 564634.750 564634.700 564634.650 564634.550 564634.300 564634.100 564633.850 564633.450 564633.200 564632.850 564632.300 564631.750 564631.150 564630.750 564630.500 564630.200 564630.000 564629.750 564629.270 564629.400 564629.600 564629.850 564630.050 564630.200 564630.400 564630.800 564631.550 564632.350 564633.100 564633.250 564633.738 564635.855 564635.200 564635.170 564634.850 564634.600 564634.450 564634.300 564634.050 564633.700 564633.250 564632.800 564632.650 564632.300 564632.050 564631.900 564631.750 564631.800 564631.900 564632.000 564632.200 564632.300 564632.650 564633.300 564633.800 564634.250 564634.550 564634.950 564635.200 564635.650 564636.600 564636.510 564636.400 564637.300 564637.260 564637.200 564636.450 564636.350 564636.250 564636.800 564636.900 564636.950 564635.850 564635.500 564634.950 564634.450 564634.200 564633.750 564633.250 564633.150 564633.150 564633.250 564633.600 564633.840 564633.900 564634.400 564635.400 564636.150 564636.650 564637.000 564637.350 564637.600 564637.850 564638.200 564638.500 564638.700 564638.950 564639.300 564639.600 564639.950 564640.300 564640.650 564641.350 564641.900 564642.250 564642.700 564643.050 564643.450 564643.850 564644.350 564644.800 564645.250 564646.150 564647.000 564647.450 564648.050 564648.500 564649.150 564650.700 564651.999 564653.484 564654.362 564654.788 564655.189 564655.454 564655.539 564655.750 564656.400 564656.850 564657.350 564657.750 564659.490 564659.450 564659.412 564660.600 564661.198 564661.198 564659.550 564658.450 564658.500 564658.350 564658.050 564657.800 564657.150 564655.250 564653.600 564652.150 564651.050 564650.000 564648.900 564648.250 564647.400 564646.750 564646.050 564645.400 564644.600 564644.350 564644.200
67 423717.691 423717.650 423718.250 423717.866 423717.627 423717.099 423716.743 423715.446 423715.232 423715.353 423715.620 423713.054 423711.110 423710.400 423709.000 423707.800 423707.150 423706.650 423706.350 423705.750 423705.300 423705.750 423706.050 423706.600 423706.710 423706.850 423706.900 423707.000 423707.250 423707.400 423707.800 423708.400 423708.700 423709.150 423709.400 423710.100 423710.300 423710.550 423710.800 423711.200 423711.350 423711.500 423711.700 423711.900 423712.050 423712.150 423712.350 423712.450 423712.800 423713.050 423713.250 423713.500 423713.700 423713.950 423714.100 423714.500 423715.100 423715.350 423715.550 423715.650 423715.700 423715.650 423715.330 423715.350 423715.450 423715.611 423717.691 564661.198 564658.300 564658.290 564653.720 564650.867 564645.221 564644.102 564640.302 564638.712 564637.329 564635.998 564634.844 564633.970 564634.550 564635.850 564636.800 564637.300 564637.700 564637.950 564638.100 564638.100 564638.950 564639.450 564640.450 564640.670 564640.300 564640.050 564639.850 564639.550 564639.250 564638.900 564638.450 564638.300 564637.950 564637.850 564637.850 564637.900 564637.950 564638.050 564638.450 564638.700 564639.050 564639.450 564639.800 564640.300 564640.850 564641.450 564642.200 564643.550 564644.600 564645.900 564647.200 564648.150 564649.500 564650.200 564652.250 564655.650 564657.250 564657.900 564658.250 564658.800 564659.100 564659.510 564659.650 564660.200 564661.198 564661.198
199 423701.600 423702.100 423701.500 423701.100 423700.650 423700.050 423699.350 423698.650 423698.000 423696.950 423696.700 423696.150 423695.450 423694.550 423693.750 423692.500 423691.650 423690.650 423689.500 423688.050 423686.650 423685.200 423683.800 423682.550 423681.450 423680.350 423678.850 423678.350 423678.250 423678.100 423678.000 423677.700 423677.400 423677.150 423676.550 423676.250 423676.000 423675.650 423674.200 423671.000 423662.500 423660.550 423659.850 423659.500 423659.250 423658.750 423658.450 423658.250 423657.850 423657.700 423657.500 423657.250 423656.800 423656.550 423656.350 423656.300 423656.250 423656.200 423656.150 423656.200 423654.850 423653.300 423652.200 423651.050 423649.950 423649.100 423648.000 423644.900 423642.300 423639.950 423639.450 423638.074 423638.074 423640.150 423641.110 423641.250 423641.450 423641.650 423642.050 423642.800 423644.000 423645.650 423647.350 423648.250 423649.450 423650.600 423651.450 423652.650 423653.150 423653.600 423653.900 423654.350 423654.600 423654.900 423655.300 423655.600 423655.850 423656.050 423656.100 423656.150 423656.050 423657.750 423661.400 423665.700 423666.450 423666.890 423667.650 423668.200 423672.500 423676.700 423677.250 423677.950 423678.350 423679.050 423678.750 423678.600 423678.650 423678.700 423679.050 423679.950 423680.450 423680.850 423681.500 423682.450 423683.470 423683.700 423685.400 423688.400 423690.600 423691.800 423692.700 423693.350 423693.950 423694.450 423694.900 423695.300 423695.750 423696.150 423696.600 423696.900 423697.100 423697.350 423697.650 423698.050 423698.300 423698.500 423698.700 423698.800 423698.800 423698.750 423698.600 423698.400 423698.050 423697.550 423697.100 423696.900 423696.600 423696.500 423696.300 423696.000 423695.884 423695.886 423695.896 423695.845 423695.569 423695.228 423694.867 423694.400 423694.300 423694.250 423694.150 423693.850 423693.900 423695.250 423696.542 423696.500 423696.479 423698.417 423698.400 423698.350 423697.800 423697.300 423696.950 423696.900 423696.850 423697.000 423697.250 423697.500 423697.650 423697.900 423698.200 423698.450 423698.850 423699.350 423699.800 423700.300 423700.850 423701.200 423701.600 564644.200 564644.100 564643.150 564642.400 564641.350 564640.300 564639.550 564638.650 564638.100 564637.350 564637.100 564636.650 564636.250 564635.800 564635.450 564634.850 564634.500 564634.200 564633.700 564633.250 564632.850 564632.450 564632.100 564631.650 564631.400 564631.200 564630.800 564630.720 564631.300 564631.750 564632.200 564632.900 564633.150 564633.450 564633.950 564634.150 564634.300 564634.350 564634.400 564634.450 564634.650 564634.750 564634.700 564634.650 564634.550 564634.300 564634.100 564633.850 564633.450 564633.200 564632.850 564632.300 564631.750 564631.150 564630.750 564630.500 564630.200 564630.000 564629.750 564629.270 564629.400 564629.600 564629.850 564630.050 564630.200 564630.400 564630.800 564631.550 564632.350 564633.100 564633.250 564633.738 564635.855 564635.200 564635.170 564634.850 564634.600 564634.450 564634.300 564634.050 564633.700 564633.250 564632.800 564632.650 564632.300 564632.050 564631.900 564631.750 564631.800 564631.900 564632.000 564632.200 564632.300 564632.650 564633.300 564633.800 564634.250 564634.550 564634.950 564635.200 564635.650 564636.600 564636.510 564636.400 564637.300 564637.260 564637.200 564636.450 564636.350 564636.250 564636.800 564636.900 564636.950 564635.850 564635.500 564634.950 564634.450 564634.200 564633.750 564633.250 564633.150 564633.150 564633.250 564633.600 564633.840 564633.900 564634.400 564635.400 564636.150 564636.650 564637.000 564637.350 564637.600 564637.850 564638.200 564638.500 564638.700 564638.950 564639.300 564639.600 564639.950 564640.300 564640.650 564641.350 564641.900 564642.250 564642.700 564643.050 564643.450 564643.850 564644.350 564644.800 564645.250 564646.150 564647.000 564647.450 564648.050 564648.500 564649.150 564650.700 564651.999 564653.484 564654.362 564654.788 564655.189 564655.454 564655.539 564655.750 564656.400 564656.850 564657.350 564657.750 564659.490 564659.450 564659.412 564660.600 564661.198 564661.198 564659.550 564658.450 564658.500 564658.350 564658.050 564657.800 564657.150 564655.250 564653.600 564652.150 564651.050 564650.000 564648.900 564648.250 564647.400 564646.750 564646.050 564645.400 564644.600 564644.350 564644.200
67 423717.691 423717.650 423718.250 423717.866 423717.627 423717.099 423716.743 423715.446 423715.232 423715.353 423715.620 423713.054 423711.110 423710.400 423709.000 423707.800 423707.150 423706.650 423706.350 423705.750 423705.300 423705.750 423706.050 423706.600 423706.710 423706.850 423706.900 423707.000 423707.250 423707.400 423707.800 423708.400 423708.700 423709.150 423709.400 423710.100 423710.300 423710.550 423710.800 423711.200 423711.350 423711.500 423711.700 423711.900 423712.050 423712.150 423712.350 423712.450 423712.800 423713.050 423713.250 423713.500 423713.700 423713.950 423714.100 423714.500 423715.100 423715.350 423715.550 423715.650 423715.700 423715.650 423715.330 423715.350 423715.450 423715.611 423717.691 564661.198 564658.300 564658.290 564653.720 564650.867 564645.221 564644.102 564640.302 564638.712 564637.329 564635.998 564634.844 564633.970 564634.550 564635.850 564636.800 564637.300 564637.700 564637.950 564638.100 564638.100 564638.950 564639.450 564640.450 564640.670 564640.300 564640.050 564639.850 564639.550 564639.250 564638.900 564638.450 564638.300 564637.950 564637.850 564637.850 564637.900 564637.950 564638.050 564638.450 564638.700 564639.050 564639.450 564639.800 564640.300 564640.850 564641.450 564642.200 564643.550 564644.600 564645.900 564647.200 564648.150 564649.500 564650.200 564652.250 564655.650 564657.250 564657.900 564658.250 564658.800 564659.100 564659.510 564659.650 564660.200 564661.198 564661.198
