17
19 423090.924 423092.880 423093.240 423094.000 423096.592 423099.173 423098.990 423098.390 423097.760 423097.750 423097.150 423096.600 423096.050 423095.500 423094.900 423094.370 423093.800 423093.776 423090.924 564896.804 564916.750 564920.440 564928.200 564955.705 564955.705 564953.700 564947.210 564940.300 564940.150 564933.600 564927.460 564921.400 564915.400 564908.950 564903.250 564897.050 564896.804 564896.804
19 423090.924 423092.880 423093.240 423094.000 423096.592 423099.173 423098.990 423098.390 423097.760 423097.750 423097.150 423096.600 423096.050 423095.500 423094.900 423094.370 423093.800 423093.776 423090.924 564896.804 564916.750 564920.440 564928.200 564955.705 564955.705 564953.700 564947.210 564940.300 564940.150 564933.600 564927.460 564921.400 564915.400 564908.950 564903.250 564897.050 564896.804 564896.804
19 423090.924 423092.880 423093.240 423094.000 423096.592 423099.173 423098.990 423098.390 423097.760 423097.750 423097.150 423096.600 423096.050 423095.500 423094.900 423094.370 423093.800 423093.776 423090.924 564896.804 564916.750 564920.440 564928.200 564955.705 564955.705 564953.700 564947.210 564940.300 564940.150 564933.600 564927.460 564921.400 564915.400 564908.950 564903.250 564897.050 564896.804 564896.804
19 423090.924 423092.880 423093.240 423094.000 423096.592 423099.173 423098.990 423098.390 423097.760 423097.750 423097.150 423096.600 423096.050 423095.500 423094.900 423094.370 423093.800 423093.776 423090.924 564896.804 564916.750 564920.440 564928.200 564955.705 564955.705 564953.700 564947.210 564940.300 564940.150 564933.600 564927.460 564921.400 564915.400 564908.950 564903.250 564897.050 564896.804 564896.804
18 423079.303 423079.650 423080.250 423080.880 423081.520 423082.150 423082.740 423083.330 423083.930 423084.500 423084.672 423087.432 423086.150 423084.260 423083.920 423083.450 423082.019 423079.303 564896.804 564900.650 564907.250 564913.960 564920.750 564927.400 564934.050 564940.650 564947.510 564953.900 564955.705 564955.705 564941.550 564921.320 564917.630 564912.600 564896.804 564896.804
18 423079.303 423079.650 423080.250 423080.880 423081.520 423082.150 423082.740 423083.330 423083.930 423084.500 423084.672 423087.432 423086.150 423084.260 423083.920 423083.450 423082.019 423079.303 564896.804 564900.650 564907.250 564913.960 564920.750 564927.400 564934.050 564940.650 564947.510 564953.900 564955.705 564955.705 564941.550 564921.320 564917.630 564912.600 564896.804 564896.804
18 423079.303 423079.650 423080.250 423080.880 423081.520 423082.150 423082.740 423083.330 423083.930 423084.500 423084.672 423087.432 423086.150 423084.260 423083.920 423083.450 423082.019 423079.303 564896.804 564900.650 564907.250 564913.960 564920.750 564927.400 564934.050 564940.650 564947.510 564953.900 564955.705 564955.705 564941.550 564921.320 564917.630 564912.600 564896.804 564896.804
18 423079.303 423079.650 423080.250 423080.880 423081.520 423082.150 423082.740 423083.330 423083.930 423084.500 423084.672 423087.432 423086.150 423084.260 423083.920 423083.450 423082.019 423079.303 564896.804 564900.650 564907.250 564913.960 564920.750 564927.400 564934.050 564940.650 564947.510 564953.900 564955.705 564955.705 564941.550 564921.320 564917.630 564912.600 564896.804 564896.804
28 423031.694 423031.600 423031.040 423030.490 423029.940 423029.410 423028.850 423028.320 423027.770 423027.250 423026.730 423026.170 423026.147 423022.814 423023.800 423021.800 423022.100 423022.550 423023.150 423024.450 423025.150 423025.850 423026.300 423026.750 423027.950 423029.270 423029.418 423031.694 564955.705 564954.700 564948.860 564943.110 564937.350 564931.750 564925.900 564920.250 564914.250 564908.700 564903.050 564897.050 564896.804 564896.804 564907.000 564907.250 564911.400 564913.750 564916.150 564920.350 564922.400 564924.400 564926.200 564928.100 564940.100 564954.120 564955.705 564955.705
28 423031.694 423031.600 423031.040 423030.490 423029.940 423029.410 423028.850 423028.320 423027.770 423027.250 423026.730 423026.170 423026.147 423022.814 423023.800 423021.800 423022.100 423022.550 423023.150 423024.450 423025.150 423025.850 423026.300 423026.750 423027.950 423029.270 423029.418 423031.694 564955.705 564954.700 564948.860 564943.110 564937.350 564931.750 564925.900 564920.250 564914.250 564908.700 564903.050 564897.050 564896.804 564896.804 564907.000 564907.250 564911.400 564913.750 564916.150 564920.350 564922.400 564924.400 564926.200 564928.100 564940.100 564954.120 564955.705 564955.705
28 423031.694 423031.600 423031.040 423030.490 423029.940 423029.410 423028.850 423028.320 423027.770 423027.250 423026.730 423026.170 423026.147 423022.814 423023.800 423021.800 423022.100 423022.550 423023.150 423024.450 423025.150 423025.850 423026.300 423026.750 423027.950 423029.270 423029.418 423031.694 564955.705 564954.700 564948.860 564943.110 564937.350 564931.750 564925.900 564920.250 564914.250 564908.700 564903.050 564897.050 564896.804 564896.804 564907.000 564907.250 564911.400 564913.750 564916.150 564920.350 564922.400 564924.400 564926.200 564928.100 564940.100 564954.120 564955.705 564955.705
28 423031.694 423031.600 423031.040 423030.490 423029.940 423029.410 423028.850 423028.320 423027.770 423027.250 423026.730 423026.170 423026.147 423022.814 423023.800 423021.800 423022.100 423022.550 423023.150 423024.450 423025.150 423025.850 423026.300 423026.750 423027.950 423029.270 423029.418 423031.694 564955.705 564954.700 564948.860 564943.110 564937.350 564931.750 564925.900 564920.250 564914.250 564908.700 564903.050 564897.050 564896.804 564896.804 564907.000 564907.250 564911.400 564913.750 564916.150 564920.350 564922.400 564924.400 564926.200 564928.100 564940.100 564954.120 564955.705 564955.705
10 423023.950 423025.700 423025.350 423024.350 423023.850 423022.350 423022.650 423022.750 423023.200 423023.950 564916.800 564916.600 564912.700 564912.700 564907.750 564907.950 564911.000 564911.700 564913.950 564916.800
12 423021.050 423020.750 423020.500 423020.150 423019.750 423019.250 423019.000 423017.650 423018.100 423019.150 423019.700 423021.050 564929.900 564927.200 564925.550 564923.950 564922.300 564920.800 564920.150 564920.360 564925.350 564925.350 564930.050 564929.900
5 423023.460 423023.390 423022.000 423022.032 423023.460 564955.705 564955.140 564955.350 564955.705 564955.705
34 423014.685 423014.690 423015.200 423015.700 423016.220 423016.720 423017.250 423017.780 423018.280 423018.800 423018.822 423022.032 423022.000 423023.390 423023.460 423024.068 423023.970 423023.950 423021.900 423019.800 423021.850 423021.500 423021.050 423020.450 423019.800 423019.050 423018.500 423017.950 423017.450 423017.000 423016.250 423015.664 423014.685 423014.685 564909.647 564909.700 564915.350 564920.800 564926.600 564932.200 564938.200 564944.050 564949.700 564955.450 564955.705 564955.705 564955.350 564955.140 564955.705 564955.705 564954.600 564954.400 564954.500 564930.600 564930.400 564927.450 564924.950 564922.450 564920.300 564918.200 564916.850 564915.450 564913.650 564911.900 564903.600 564896.804 564896.804 564909.647
34 423014.685 423014.690 423015.200 423015.700 423016.220 423016.720 423017.250 423017.780 423018.280 423018.800 423018.822 423022.032 423022.000 423023.390 423023.460 423024.068 423023.970 423023.950 423021.900 423019.800 423021.850 423021.500 423021.050 423020.450 423019.800 423019.050 423018.500 423017.950 423017.450 423017.000 423016.250 423015.664 423014.685 423014.685 564909.647 564909.700 564915.350 564920.800 564926.600 564932.200 564938.200 564944.050 564949.700 564955.450 564955.705 564955.705 564955.350 564955.140 564955.705 564955.705 564954.600 564954.400 564954.500 564930.600 564930.400 564927.450 564924.950 564922.450 564920.300 564918.200 564916.850 564915.450 564913.650 564911.900 564903.600 564896.804 564896.804 564909.647
