cost	risk
0.0	586
7.05	583
8.5	575
15.55	574
5.9	578
12.95	575
14.4	565
21.45	564
6.93	582
13.98	579
15.43	573
22.48	572
12.83	575
19.88	572
21.33	564
28.38	563
2.65	582
9.7	579
11.15	571
18.2	570
8.55	577
15.6	574
17.05	564
24.1	563
9.58	579
16.63	576
18.08	570
25.13	569
15.48	574
22.53	571
23.98	563
31.03	562
3.48	580
10.53	577
11.98	569
19.03	568
9.38	572
16.43	569
17.880000000000003	559
24.93	558
10.41	576
17.46	573
18.91	567
25.96	566
16.310000000000002	569
23.36	566
24.810000000000002	558
31.86	557
6.13	576
13.18	573
14.63	565
21.68	564
12.030000000000001	571
19.08	568
20.53	558
27.58	557
13.06	573
20.11	570
21.56	564
28.61	563
18.96	568
26.009999999999998	565
27.46	557
34.51	556
4.22	583
11.27	580
12.719999999999999	572
19.77	571
10.120000000000001	577
17.17	574
18.62	564
25.67	563
11.149999999999999	579
18.2	576
19.65	570
26.7	569
17.05	574
24.1	571
25.55	563
32.6	562
6.869999999999999	580
13.919999999999998	577
15.37	569
22.419999999999998	568
12.770000000000001	576
19.82	573
21.270000000000003	563
28.32	562
13.799999999999999	577
20.849999999999998	574
22.299999999999997	568
29.349999999999998	567
19.700000000000003	573
26.75	570
28.200000000000003	562
35.25	561
7.699999999999999	577
14.75	574
16.2	566
23.25	565
13.600000000000001	571
20.650000000000002	568
22.1	558
29.150000000000002	557
14.629999999999999	573
21.68	570
23.13	564
30.18	563
20.53	568
27.580000000000002	565
29.03	557
36.08	556
10.35	574
17.4	571
18.85	563
25.9	562
16.25	570
23.3	567
24.75	557
31.8	556
17.28	571
24.33	568
25.78	562
32.83	561
23.18	567
30.23	564
31.68	556
38.730000000000004	555
5.36	576
12.41	573
13.86	565
20.91	564
11.260000000000002	570
18.31	567
19.759999999999998	557
26.81	556
12.29	572
19.34	569
20.79	563
27.84	562
18.189999999999998	567
25.24	564
26.689999999999998	556
33.739999999999995	555
8.01	572
15.059999999999999	569
16.509999999999998	561
23.56	560
13.91	569
20.96	566
22.41	556
29.46	555
14.94	569
21.99	566
23.439999999999998	560
30.49	559
20.84	566
27.89	563
29.34	555
36.39	554
8.84	570
15.89	567
17.34	559
24.39	558
14.74	564
21.79	561
23.240000000000002	551
30.29	550
15.77	566
22.82	563
24.27	557
31.32	556
21.67	561
28.72	558
30.17	550
37.22	549
11.49	566
18.54	563
19.99	555
27.04	554
17.39	563
24.439999999999998	560
25.89	550
32.94	549
18.419999999999998	563
25.47	560
26.919999999999998	554
33.97	553
24.32	560
31.369999999999997	557
32.82	549
39.87	548
9.58	575
16.63	572
18.08	564
25.13	563
15.48	569
22.53	567
23.98	557
31.03	556
16.509999999999998	571
23.56	568
25.009999999999998	562
32.06	561
22.41	566
29.46	564
30.91	556
37.96	555
12.23	572
19.279999999999998	569
20.729999999999997	560
27.779999999999998	559
18.130000000000003	568
25.18	565
26.630000000000003	556
33.68	555
19.159999999999997	569
26.209999999999997	566
27.659999999999997	559
34.709999999999994	558
25.060000000000002	565
32.11	562
33.56	555
40.61	554
13.059999999999999	568
20.11	565
21.56	557
28.61	556
18.96	562
26.01	560
27.46	550
34.510000000000005	549
19.99	564
27.04	561
28.49	555
35.54	554
25.89	559
32.94	557
34.39	549
41.44	548
15.709999999999999	565
22.759999999999998	562
24.21	553
31.259999999999998	552
21.61	561
28.66	558
30.11	549
37.16	548
22.64	562
29.689999999999998	559
31.14	552
38.19	551
28.54	558
35.59	555
37.04	548
44.09	547
5.07	581
12.120000000000001	578
13.57	570
20.62	569
10.97	573
18.020000000000003	570
19.47	560
26.520000000000003	559
12.0	577
19.05	574
20.5	568
27.55	567
17.9	570
24.950000000000003	567
26.4	559
33.45	558
7.720000000000001	577
14.77	574
16.22	566
23.27	565
13.620000000000001	572
20.67	569
22.12	559
29.17	558
14.65	574
21.7	571
23.15	565
30.2	564
20.55	569
27.6	566
29.05	558
36.1	557
8.55	575
15.600000000000001	572
17.05	564
24.1	563
14.450000000000001	567
21.500000000000004	564
22.950000000000003	554
30.000000000000004	553
15.48	571
22.53	568
23.98	562
31.03	561
21.380000000000003	564
28.430000000000003	561
29.880000000000003	553
36.93000000000001	552
11.200000000000001	571
18.25	568
19.700000000000003	560
26.75	559
17.1	566
24.150000000000002	563
25.6	553
32.650000000000006	552
18.130000000000003	568
25.18	565
26.630000000000003	559
33.68	558
24.03	563
31.080000000000002	560
32.53	552
39.58	551
9.29	578
16.34	575
17.79	567
24.84	566
15.190000000000001	572
22.240000000000002	569
23.69	559
30.740000000000002	558
16.22	574
23.27	571
24.72	565
31.77	564
22.12	569
29.17	566
30.62	558
37.67	557
11.940000000000001	575
18.99	572
20.44	564
27.49	563
17.840000000000003	571
24.89	568
26.340000000000003	558
33.39	557
18.87	572
25.919999999999998	569
27.37	563
34.42	562
24.770000000000003	568
31.82	565
33.27	557
40.32	556
12.77	572
19.82	569
21.27	561
28.32	560
18.67	566
25.720000000000002	563
27.17	553
34.22	552
19.7	568
26.75	565
28.2	559
35.25	558
25.6	563
32.650000000000006	560
34.1	552
41.150000000000006	551
15.420000000000002	569
22.47	566
23.92	558
30.97	557
21.320000000000004	565
28.37	562
29.820000000000004	552
36.870000000000005	551
22.35	566
29.4	563
30.85	557
37.9	556
28.250000000000004	562
35.3	559
36.75	551
43.8	550
10.43	574
17.48	571
18.93	563
25.98	562
16.330000000000002	568
23.380000000000003	565
24.83	555
31.880000000000003	554
17.36	570
24.41	567
25.86	561
32.91	560
23.259999999999998	565
30.310000000000002	562
31.759999999999998	554
38.81	553
13.080000000000002	570
20.13	567
21.58	559
28.63	558
18.98	567
26.03	564
27.48	554
34.53	553
20.009999999999998	567
27.06	564
28.509999999999998	558
35.56	557
25.91	564
32.96	561
34.41	553
41.46	552
13.91	567
20.96	564
22.41	556
29.46	555
19.810000000000002	561
26.860000000000003	558
28.310000000000002	548
35.36	547
20.84	563
27.89	560
29.34	554
36.39	553
26.740000000000002	558
33.790000000000006	555
35.24	547
42.290000000000006	546
16.560000000000002	563
23.61	560
25.060000000000002	552
32.11	551
22.46	560
29.51	557
30.96	547
38.010000000000005	546
23.490000000000002	560
30.54	557
31.990000000000002	551
39.04	550
29.39	557
36.44	554
37.89	546
44.94	545
14.649999999999999	572
21.7	569
23.15	561
30.2	560
20.55	566
27.6	564
29.05	554
36.1	553
21.58	568
28.63	565
30.08	559
37.129999999999995	558
27.48	563
34.53	561
35.980000000000004	553
43.03	552
17.3	569
24.349999999999998	566
25.8	557
32.849999999999994	556
23.200000000000003	565
30.25	562
31.700000000000003	553
38.75	552
24.23	566
31.279999999999998	563
32.730000000000004	556
39.78	555
30.130000000000003	562
37.18	559
38.63	552
45.68	551
18.13	565
25.18	562
26.63	554
33.68	553
24.03	559
31.080000000000002	557
32.53	547
39.58	546
25.06	561
32.11	558
33.56	552
40.61	551
30.96	556
38.010000000000005	554
39.46	546
46.510000000000005	545
20.78	562
27.83	559
29.28	550
36.33	549
26.680000000000003	558
33.730000000000004	555
35.18000000000001	546
42.230000000000004	545
27.71	559
34.76	556
36.21	549
43.26	548
33.61	555
40.66	552
42.11	545
49.16	544
4.69	584
11.74	581
13.190000000000001	573
20.240000000000002	572
10.59	576
17.64	573
19.090000000000003	563
26.14	562
11.620000000000001	580
18.67	577
20.12	571
27.17	570
17.520000000000003	573
24.57	570
26.020000000000003	562
33.07	561
7.34	580
14.39	577
15.840000000000002	569
22.89	568
13.240000000000002	575
20.29	572
21.740000000000002	562
28.79	561
14.270000000000001	577
21.32	574
22.77	568
29.82	567
20.17	572
27.22	569
28.67	561
35.72	560
8.17	577
15.219999999999999	574
16.67	566
23.720000000000002	565
14.07	569
21.119999999999997	566
22.57	556
29.62	555
15.1	573
22.15	570
23.6	564
30.650000000000002	563
21.0	566
28.049999999999997	563
29.5	555
36.55	554
10.82	573
17.869999999999997	570
19.32	562
26.37	561
16.72	568
23.77	565
25.220000000000002	555
32.27	554
17.75	570
24.799999999999997	567
26.25	561
33.3	560
23.65	565
30.7	562
32.150000000000006	554
39.2	553
8.91	580
15.96	577
17.41	569
24.46	568
14.810000000000002	574
21.860000000000003	571
23.310000000000002	561
30.360000000000003	560
15.84	576
22.89	573
24.34	567
31.39	566
21.740000000000002	571
28.790000000000003	568
30.240000000000002	560
37.290000000000006	559
11.559999999999999	577
18.61	574
20.060000000000002	566
27.11	565
17.46	573
24.51	570
25.96	560
33.010000000000005	559
18.490000000000002	574
25.54	571
26.990000000000002	565
34.04	564
24.39	570
31.44	567
32.89	559
39.94	558
12.39	574
19.439999999999998	571
20.89	563
27.94	562
18.29	568
25.340000000000003	565
26.790000000000003	555
33.84	554
19.32	570
26.369999999999997	567
27.82	561
34.870000000000005	560
25.22	565
32.27	562
33.72	554
40.77	553
15.04	571
22.089999999999996	568
23.54	560
30.59	559
20.94	567
27.990000000000002	564
29.440000000000005	554
36.49	553
21.97	568
29.019999999999996	565
30.47	559
37.519999999999996	558
27.87	564
34.92	561
36.370000000000005	553
43.42	552
10.05	573
17.1	570
18.55	562
25.6	561
15.950000000000001	567
23.0	564
24.450000000000003	554
31.5	553
16.98	569
24.03	566
25.48	560
32.53	559
22.880000000000003	564
29.93	561
31.380000000000003	553
38.43	552
12.700000000000001	569
19.75	566
21.2	558
28.25	557
18.6	566
25.65	563
27.1	553
34.15	552
19.63	566
26.68	563
28.13	557
35.18	556
25.53	563
32.58	560
34.03	552
41.08	551
13.530000000000001	567
20.580000000000002	564
22.03	556
29.080000000000002	555
19.43	561
26.48	558
27.93	548
34.980000000000004	547
20.46	563
27.51	560
28.96	554
36.01	553
26.36	558
33.41	555
34.86	547
41.91	546
16.18	563
23.23	560
24.68	552
31.73	551
22.080000000000002	560
29.130000000000003	557
30.580000000000002	547
37.63	546
23.11	560
30.16	557
31.61	551
38.66	550
29.01	557
36.06	554
37.510000000000005	546
44.56	545
14.27	572
21.32	569
22.77	561
29.82	560
20.17	566
27.220000000000002	564
28.67	554
35.72	553
21.2	568
28.25	565
29.7	559
36.75	558
27.1	563
34.150000000000006	561
35.6	553
42.650000000000006	552
16.92	569
23.97	566
25.42	557
32.47	556
22.82	565
29.87	562
31.32	553
38.370000000000005	552
23.85	566
30.9	563
32.35	556
39.4	555
29.75	562
36.8	559
38.25	552
45.3	551
17.75	566
24.8	563
26.25	555
33.3	554
23.650000000000002	560
30.700000000000003	558
32.150000000000006	548
39.2	547
24.68	562
31.73	559
33.18	553
40.230000000000004	552
30.580000000000002	557
37.63	555
39.08	547
46.13	546
20.4	563
27.45	560
28.9	551
35.95	550
26.300000000000004	559
33.35	556
34.800000000000004	547
41.85	546
27.33	560
34.379999999999995	557
35.83	550
42.879999999999995	549
33.230000000000004	556
40.28	553
41.730000000000004	546
48.78	545
9.760000000000002	578
16.810000000000002	575
18.26	567
25.310000000000002	566
15.66	570
22.710000000000004	567
24.160000000000004	557
31.210000000000004	556
16.69	574
23.740000000000002	571
25.19	565
32.24	564
22.590000000000003	567
29.640000000000004	564
31.090000000000003	556
38.14	555
12.41	574
19.46	571
20.910000000000004	563
27.96	562
18.310000000000002	569
25.360000000000003	566
26.810000000000002	556
33.86	555
19.340000000000003	571
26.39	568
27.840000000000003	562
34.89	561
25.240000000000002	566
32.290000000000006	563
33.74	555
40.790000000000006	554
13.24	572
20.29	569
21.740000000000002	561
28.790000000000003	560
19.14	564
26.190000000000005	561
27.64	551
34.690000000000005	550
20.17	568
27.22	565
28.67	559
35.72	558
26.07	561
33.120000000000005	558
34.57	550
41.620000000000005	549
15.89	568
22.939999999999998	565
24.39	557
31.44	556
21.79	563
28.840000000000003	560
30.290000000000003	550
37.34	549
22.82	565
29.869999999999997	562
31.32	556
38.370000000000005	555
28.72	560
35.77	557
37.22	549
44.27	548
13.98	573
21.03	570
22.48	562
29.53	561
19.880000000000003	567
26.930000000000003	564
28.380000000000003	554
35.43000000000001	553
20.91	569
27.96	566
29.41	560
36.46	559
26.810000000000002	564
33.86	561
35.31	553
42.36	552
16.630000000000003	570
23.68	567
25.130000000000003	559
32.18	558
22.530000000000005	566
29.580000000000002	563
31.030000000000005	553
38.08	552
23.560000000000002	567
30.61	564
32.06	558
39.11	557
29.460000000000004	563
36.510000000000005	560
37.96000000000001	552
45.010000000000005	551
17.46	568
24.509999999999998	565
25.96	557
33.010000000000005	556
23.36	562
30.410000000000004	559
31.860000000000003	549
38.910000000000004	548
24.39	564
31.439999999999998	561
32.89	555
39.94	554
30.29	559
37.34	556
38.790000000000006	548
45.84	547
20.11	565
27.159999999999997	562
28.610000000000003	554
35.66	553
26.010000000000005	561
33.06	558
34.510000000000005	548
41.56	547
27.04	562
34.089999999999996	559
35.540000000000006	553
42.59	552
32.940000000000005	558
39.99	555
41.440000000000005	547
48.49	546
15.120000000000001	569
22.17	566
23.62	558
30.67	557
21.020000000000003	563
28.070000000000004	560
29.520000000000003	550
36.57000000000001	549
22.05	565
29.1	562
30.55	556
37.6	555
27.950000000000003	560
35.0	557
36.45	549
43.5	548
17.770000000000003	565
24.82	562
26.270000000000003	554
33.32	553
23.67	562
30.720000000000002	559
32.17	549
39.22	548
24.700000000000003	562
31.75	559
33.2	553
40.25	552
30.6	559
37.650000000000006	556
39.1	548
46.150000000000006	547
18.6	563
25.650000000000002	560
27.1	552
34.150000000000006	551
24.5	557
31.550000000000004	554
33.0	544
40.050000000000004	543
25.53	559
32.58	556
34.03	550
41.08	549
31.43	554
38.480000000000004	551
39.93	543
46.980000000000004	542
21.25	559
28.3	556
29.75	548
36.8	547
27.150000000000002	556
34.2	553
35.650000000000006	543
42.7	542
28.18	556
35.230000000000004	553
36.68	547
43.730000000000004	546
34.08	553
41.13	550
42.58	542
49.63	541
19.34	567
26.39	564
27.84	556
34.89	555
25.240000000000002	561
32.290000000000006	559
33.74	549
40.790000000000006	548
26.27	563
33.32	560
34.769999999999996	554
41.82	553
32.17	558
39.22	556
40.67	548
47.72	547
21.990000000000002	564
29.04	561
30.490000000000002	552
37.54	551
27.890000000000004	560
34.94	557
36.39	548
43.44	547
28.92	561
35.97	558
37.42	551
44.47	550
34.82000000000001	557
41.870000000000005	554
43.32000000000001	547
50.370000000000005	546
22.82	562
29.87	559
31.32	551
38.370000000000005	550
28.720000000000002	556
35.77	554
37.22	544
44.27	543
29.75	558
36.8	555
38.25	549
45.3	548
35.650000000000006	553
42.7	551
44.150000000000006	543
51.2	542
25.470000000000002	559
32.519999999999996	556
33.97	547
41.019999999999996	546
31.370000000000005	555
38.42	552
39.870000000000005	543
46.92	542
32.400000000000006	556
39.45	553
40.900000000000006	546
47.95	545
38.300000000000004	552
45.35	549
46.800000000000004	542
53.85	541
3.01	584
10.059999999999999	581
11.51	573
18.56	572
8.91	576
15.96	573
17.41	563
24.46	562
9.94	580
16.99	577
18.439999999999998	571
25.49	570
15.84	573
22.89	570
24.34	562
31.39	561
5.66	580
12.709999999999999	577
14.16	569
21.21	568
11.56	575
18.61	572
20.060000000000002	562
27.11	561
12.59	577
19.64	574
21.09	568
28.14	567
18.490000000000002	572
25.54	569
26.990000000000002	561
34.04	560
6.49	578
13.54	575
14.99	567
22.04	566
12.39	570
19.44	567
20.89	557
27.94	556
13.42	574
20.47	571
21.92	565
28.97	564
19.32	567
26.37	564
27.82	556
34.870000000000005	555
9.14	574
16.189999999999998	571
17.64	563
24.689999999999998	562
15.040000000000001	569
22.09	566
23.54	556
30.59	555
16.07	571
23.119999999999997	568
24.57	562
31.619999999999997	561
21.97	566
29.02	563
30.47	555
37.519999999999996	554
7.2299999999999995	581
14.28	578
15.73	570
22.78	569
13.129999999999999	575
20.18	572
21.63	562
28.68	561
14.16	577
21.21	574
22.66	568
29.71	567
20.06	572
27.11	569
28.56	561
35.61	560
9.879999999999999	578
16.93	575
18.38	567
25.43	566
15.78	574
22.83	571
24.28	561
31.33	560
16.81	575
23.86	572
25.31	566
32.36	565
22.71	571
29.759999999999998	568
31.21	560
38.26	559
10.709999999999999	575
17.759999999999998	572
19.21	564
26.259999999999998	563
16.61	569
23.66	566
25.11	556
32.16	555
17.64	571
24.689999999999998	568
26.14	562
33.19	561
23.54	566
30.59	563
32.04	555
39.09	554
13.36	572
20.41	569
21.86	561
28.91	560
19.259999999999998	568
26.31	565
27.759999999999998	555
34.81	554
20.29	569
27.34	566
28.79	560
35.84	559
26.189999999999998	565
33.239999999999995	562
34.69	554
41.739999999999995	553
8.370000000000001	574
15.419999999999998	571
16.869999999999997	563
23.919999999999998	562
14.27	568
21.32	565
22.77	555
29.82	554
15.299999999999999	570
22.349999999999998	567
23.799999999999997	561
30.849999999999998	560
21.2	565
28.25	562
29.7	554
36.75	553
11.02	570
18.07	567
19.52	559
26.57	558
16.92	567
23.97	564
25.42	554
32.47	553
17.95	567
25.0	564
26.45	558
33.5	557
23.85	564
30.9	561
32.35	553
39.4	552
11.85	569
18.9	566
20.35	558
27.4	557
17.75	563
24.8	560
26.25	550
33.3	549
18.78	565
25.83	562
27.28	556
34.33	555
24.68	560
31.73	557
33.18	549
40.230000000000004	548
14.5	565
21.549999999999997	562
23.0	554
30.049999999999997	553
20.4	562
27.45	559
28.9	549
35.95	548
21.43	562
28.479999999999997	559
29.93	553
36.98	552
27.33	559
34.379999999999995	556
35.83	548
42.879999999999995	547
12.59	573
19.64	570
21.09	562
28.14	561
18.49	567
25.54	565
26.99	555
34.04	554
19.52	569
26.57	566
28.02	560
35.07	559
25.419999999999998	564
32.47	562
33.92	554
40.97	553
15.239999999999998	570
22.29	567
23.74	558
30.79	557
21.14	566
28.189999999999998	563
29.64	554
36.69	553
22.169999999999998	567
29.22	564
30.669999999999998	557
37.72	556
28.07	563
35.12	560
36.57	553
43.62	552
16.07	567
23.119999999999997	564
24.57	556
31.619999999999997	555
21.97	561
29.02	559
30.47	549
37.519999999999996	548
23.0	563
30.049999999999997	560
31.5	554
38.55	553
28.9	558
35.95	556
37.4	548
44.45	547
18.72	564
25.77	561
27.22	552
34.269999999999996	551
24.619999999999997	560
31.669999999999998	557
33.12	548
40.17	547
25.65	561
32.7	558
34.15	551
41.2	550
31.549999999999997	557
38.599999999999994	554
40.05	547
47.099999999999994	546
8.08	579
15.13	576
16.58	568
23.630000000000003	567
13.98	571
21.03	568
22.48	558
29.53	557
15.01	575
22.060000000000002	572
23.509999999999998	566
30.560000000000002	565
20.91	568
27.96	565
29.41	557
36.46	556
10.73	575
17.78	572
19.23	564
26.28	563
16.630000000000003	570
23.68	567
25.130000000000003	557
32.18	556
17.66	572
24.71	569
26.16	563
33.21	562
23.560000000000002	567
30.61	564
32.06	556
39.11	555
11.56	574
18.61	571
20.060000000000002	563
27.11	562
17.46	566
24.51	563
25.96	553
33.010000000000005	552
18.490000000000002	570
25.54	567
26.990000000000002	561
34.04	560
24.39	563
31.44	560
32.89	552
39.94	551
14.21	570
21.26	567
22.71	559
29.76	558
20.110000000000003	565
27.16	562
28.610000000000003	552
35.66	551
21.14	567
28.19	564
29.64	558
36.69	557
27.040000000000003	562
34.09	559
35.540000000000006	551
42.59	550
12.3	575
19.35	572
20.8	564
27.85	563
18.2	569
25.25	566
26.7	556
33.75	555
19.23	571
26.28	568
27.73	562
34.78	561
25.13	566
32.18	563
33.629999999999995	555
40.68	554
14.95	572
22.0	569
23.45	561
30.5	560
20.85	568
27.9	565
29.35	555
36.4	554
21.88	569
28.93	566
30.38	560
37.43	559
27.78	565
34.83	562
36.28	554
43.33	553
15.780000000000001	569
22.830000000000002	566
24.28	558
31.330000000000002	557
21.68	563
28.73	560
30.18	550
37.230000000000004	549
22.71	565
29.76	562
31.21	556
38.260000000000005	555
28.61	560
35.66	557
37.11	549
44.16	548
18.43	566
25.48	563
26.93	555
33.980000000000004	554
24.330000000000002	562
31.38	559
32.83	549
39.879999999999995	548
25.36	563
32.41	560
33.86	554
40.91	553
31.26	559
38.31	556
39.760000000000005	548
46.81	547
13.440000000000001	571
20.490000000000002	568
21.939999999999998	560
28.990000000000002	559
19.34	565
26.39	562
27.84	552
34.89	551
20.369999999999997	567
27.42	564
28.869999999999997	558
35.92	557
26.27	562
33.32	559
34.769999999999996	551
41.82	550
16.09	567
23.14	564
24.59	556
31.64	555
21.990000000000002	564
29.04	561
30.490000000000002	551
37.54	550
23.02	564
30.07	561
31.52	555
38.57	554
28.92	561
35.97	558
37.42	550
44.47	549
16.92	566
23.97	563
25.42	555
32.47	554
22.82	560
29.87	557
31.32	547
38.370000000000005	546
23.85	562
30.9	559
32.35	553
39.4	552
29.75	557
36.8	554
38.25	546
45.3	545
19.57	562
26.62	559
28.07	551
35.120000000000005	550
25.470000000000002	559
32.519999999999996	556
33.97	546
41.019999999999996	545
26.5	559
33.55	556
35.0	550
42.05	549
32.400000000000006	556
39.45	553
40.900000000000006	545
47.95	544
17.66	569
24.71	566
26.16	558
33.21	557
23.56	563
30.61	561
32.06	551
39.11	550
24.59	565
31.64	562
33.09	556
40.14	555
30.49	560
37.54	558
38.989999999999995	550
46.04	549
20.31	566
27.36	563
28.81	554
35.86	553
26.21	562
33.26	559
34.71	550
41.76	549
27.24	563
34.29	560
35.739999999999995	553
42.79	552
33.14	559
40.19	556
41.64	549
48.69	548
21.14	563
28.19	560
29.64	552
36.69	551
27.04	557
34.09	555
35.54	545
42.59	544
28.07	559
35.120000000000005	556
36.57	550
43.620000000000005	549
33.97	554
41.019999999999996	552
42.47	544
49.519999999999996	543
23.79	560
30.84	557
32.29	548
39.34	547
29.69	556
36.739999999999995	553
38.19	544
45.239999999999995	543
30.72	557
37.769999999999996	554
39.22	547
46.269999999999996	546
36.620000000000005	553
43.67	550
45.120000000000005	543
52.17	542
7.7	583
14.75	580
16.200000000000003	572
23.25	571
13.600000000000001	575
20.650000000000002	572
22.1	562
29.150000000000002	561
14.63	579
21.68	576
23.130000000000003	570
30.18	569
20.53	572
27.580000000000002	569
29.03	561
36.08	560
10.350000000000001	579
17.4	576
18.85	568
25.9	567
16.25	574
23.3	571
24.75	561
31.8	560
17.28	576
24.33	573
25.78	567
32.83	566
23.18	571
30.23	568
31.68	560
38.730000000000004	559
11.18	577
18.229999999999997	574
19.68	566
26.73	565
17.08	569
24.130000000000003	566
25.580000000000002	556
32.63	555
18.11	573
25.159999999999997	570
26.61	564
33.66	563
24.009999999999998	566
31.060000000000002	563
32.510000000000005	555
39.56	554
13.83	573
20.88	570
22.330000000000002	562
29.380000000000003	561
19.73	568
26.78	565
28.230000000000004	555
35.28	554
20.759999999999998	570
27.81	567
29.26	561
36.31	560
26.66	565
33.71	562
35.160000000000004	554
42.21	553
11.92	579
18.97	576
20.42	568
27.47	567
17.82	573
24.87	570
26.32	560
33.370000000000005	559
18.85	575
25.9	572
27.35	566
34.4	565
24.75	570
31.8	567
33.25	559
40.3	558
14.57	576
21.62	573
23.07	565
30.12	564
20.47	572
27.52	569
28.97	559
36.019999999999996	558
21.5	573
28.55	570
30.0	564
37.05	563
27.4	569
34.45	566
35.9	558
42.95	557
15.399999999999999	574
22.45	571
23.900000000000002	563
30.950000000000003	562
21.299999999999997	568
28.35	565
29.8	555
36.85	554
22.33	570
29.38	567
30.830000000000002	561
37.88	560
28.229999999999997	565
35.28	562
36.730000000000004	554
43.78	553
18.049999999999997	571
25.1	568
26.55	560
33.6	559
23.95	567
31.0	564
32.45	554
39.5	553
24.979999999999997	568
32.03	565
33.480000000000004	559
40.53	558
30.88	564
37.93	561
39.38	553
46.43	552
13.06	572
20.11	569
21.560000000000002	561
28.61	560
18.96	566
26.01	563
27.46	553
34.510000000000005	552
19.990000000000002	568
27.04	565
28.490000000000002	559
35.54	558
25.89	563
32.94	560
34.39	552
41.44	551
15.71	568
22.759999999999998	565
24.21	557
31.259999999999998	556
21.61	565
28.66	562
30.11	552
37.16	551
22.64	565
29.689999999999998	562
31.14	556
38.19	555
28.54	562
35.59	559
37.04	551
44.09	550
16.54	567
23.59	564
25.04	556
32.09	555
22.44	561
29.490000000000002	558
30.94	548
37.99	547
23.47	563
30.52	560
31.97	554
39.019999999999996	553
29.37	558
36.42	555
37.870000000000005	547
44.92	546
19.19	563
26.240000000000002	560
27.69	552
34.74	551
25.090000000000003	560
32.14	557
33.59	547
40.64	546
26.12	560
33.17	557
34.620000000000005	551
41.67	550
32.02	557
39.07	554
40.52	546
47.57	545
17.28	571
24.33	568
25.78	560
32.83	559
23.18	565
30.23	563
31.68	553
38.730000000000004	552
24.21	567
31.259999999999998	564
32.71	558
39.76	557
30.11	562
37.16	560
38.61	552
45.66	551
19.93	568
26.98	565
28.43	556
35.480000000000004	555
25.83	564
32.879999999999995	561
34.33	552
41.379999999999995	551
26.86	565
33.91	562
35.36	555
42.41	554
32.76	561
39.81	558
41.26	551
48.31	550
20.76	566
27.810000000000002	563
29.26	555
36.31	554
26.66	560
33.71	558
35.16	548
42.21	547
27.69	562
34.74	559
36.19	553
43.24	552
33.59	557
40.64	555
42.09	547
49.14	546
23.41	563
30.46	560
31.91	551
38.96	550
29.310000000000002	559
36.36	556
37.81	547
44.86	546
30.34	560
37.39	557
38.84	550
45.89	549
36.24	556
43.29	553
44.74	546
51.79	545
12.77	577
19.82	574
21.270000000000003	566
28.32	565
18.67	569
25.720000000000002	566
27.17	556
34.22	555
19.700000000000003	573
26.75	570
28.200000000000003	564
35.25	563
25.6	566
32.650000000000006	563
34.1	555
41.150000000000006	554
15.420000000000002	573
22.470000000000002	570
23.92	562
30.970000000000002	561
21.320000000000004	568
28.37	565
29.820000000000004	555
36.870000000000005	554
22.35	570
29.400000000000002	567
30.85	561
37.900000000000006	560
28.250000000000004	565
35.3	562
36.75	554
43.8	553
16.25	572
23.3	569
24.75	561
31.800000000000004	560
22.15	564
29.200000000000003	561
30.650000000000002	551
37.7	550
23.18	568
30.23	565
31.68	559
38.730000000000004	558
29.08	561
36.13	558
37.58	550
44.63	549
18.9	568
25.950000000000003	565
27.400000000000002	557
34.45	556
24.800000000000004	563
31.85	560
33.300000000000004	550
40.35	549
25.83	565
32.88	562
34.33	556
41.38	555
31.730000000000004	560
38.78	557
40.230000000000004	549
47.28	548
16.990000000000002	572
24.040000000000003	569
25.490000000000002	561
32.540000000000006	560
22.89	566
29.94	563
31.39	553
38.44	552
23.92	568
30.970000000000002	565
32.42	559
39.47	558
29.82	563
36.870000000000005	560
38.32	552
45.370000000000005	551
19.64	569
26.69	566
28.14	558
35.19	557
25.540000000000003	565
32.589999999999996	562
34.040000000000006	552
41.09	551
26.57	566
33.620000000000005	563
35.07	557
42.120000000000005	556
32.47	562
39.519999999999996	559
40.97	551
48.019999999999996	550
20.47	568
27.520000000000003	565
28.970000000000002	557
36.02	556
26.369999999999997	562
33.42	559
34.870000000000005	549
41.92	548
27.4	564
34.45	561
35.900000000000006	555
42.95	554
33.3	559
40.35	556
41.8	548
48.85	547
23.119999999999997	565
30.17	562
31.62	554
38.67	553
29.020000000000003	561
36.07	558
37.52	548
44.57	547
30.049999999999997	562
37.1	559
38.55	553
45.6	552
35.95	558
43.0	555
44.45	547
51.5	546
18.130000000000003	568
25.18	565
26.630000000000003	557
33.68	556
24.03	562
31.080000000000002	559
32.53	549
39.58	548
25.060000000000002	564
32.11	561
33.56	555
40.61	554
30.96	559
38.010000000000005	556
39.46	548
46.510000000000005	547
20.78	564
27.830000000000002	561
29.28	553
36.33	552
26.680000000000003	561
33.730000000000004	558
35.18000000000001	548
42.230000000000004	547
27.71	561
34.760000000000005	558
36.21	552
43.260000000000005	551
33.61	558
40.66	555
42.11	547
49.16	546
21.61	563
28.660000000000004	560
30.11	552
37.160000000000004	551
27.51	557
34.56	554
36.010000000000005	544
43.06	543
28.54	559
35.59	556
37.04	550
44.09	549
34.44	554
41.49	551
42.94	543
49.99	542
24.26	559
31.310000000000002	556
32.760000000000005	548
39.81	547
30.160000000000004	556
37.21	553
38.660000000000004	543
45.71	542
31.19	556
38.24	553
39.69	547
46.74	546
37.09	553
44.14	550
45.59	542
52.64	541
22.35	566
29.400000000000002	563
30.85	555
37.900000000000006	554
28.25	560
35.3	558
36.75	548
43.8	547
29.28	562
36.33	559
37.78	553
44.83	552
35.18	557
42.230000000000004	555
43.68	547
50.730000000000004	546
25.0	563
32.05	560
33.5	551
40.55	550
30.900000000000002	559
37.95	556
39.400000000000006	547
46.45	546
31.93	560
38.980000000000004	557
40.43	550
47.480000000000004	549
37.83	556
44.879999999999995	553
46.33	546
53.379999999999995	545
25.830000000000002	562
32.88	559
34.33	551
41.38	550
31.73	556
38.78	554
40.230000000000004	544
47.28	543
32.760000000000005	558
39.81	555
41.260000000000005	549
48.31	548
38.66	553
45.71	551
47.16	543
54.21	542
28.48	559
35.53	556
36.980000000000004	547
44.03	546
34.38	555
41.43	552
42.88	543
49.93	542
35.41	556
42.46	553
43.91	546
50.96	545
41.31	552
48.36	549
49.81	542
56.86	541
3.07	582
10.12	579
11.57	571
18.62	570
8.97	574
16.02	571
17.47	561
24.52	560
10.0	578
17.05	575
18.5	569
25.55	568
15.9	571
22.95	568
24.4	560
31.45	559
5.72	578
12.77	575
14.22	567
21.27	566
11.620000000000001	573
18.669999999999998	570
20.12	560
27.17	559
12.65	575
19.7	572
21.15	566
28.2	565
18.55	570
25.6	567
27.05	559
34.1	558
6.55	575
13.6	572
15.05	564
22.1	563
12.45	567
19.5	564
20.950000000000003	554
28.0	553
13.48	571
20.53	568
21.98	562
29.03	561
19.380000000000003	564
26.43	561
27.880000000000003	553
34.93	552
9.2	571
16.25	568
17.7	560
24.75	559
15.100000000000001	566
22.15	563
23.6	553
30.65	552
16.13	568
23.18	565
24.63	559
31.68	558
22.03	563
29.08	560
30.53	552
37.58	551
7.289999999999999	579
14.34	576
15.79	568
22.84	567
13.190000000000001	573
20.240000000000002	570
21.69	560
28.740000000000002	559
14.219999999999999	575
21.27	572
22.72	566
29.77	565
20.12	570
27.17	567
28.62	559
35.67	558
9.94	576
16.99	573
18.439999999999998	565
25.49	564
15.840000000000002	572
22.89	569
24.340000000000003	559
31.39	558
16.869999999999997	573
23.919999999999998	570
25.369999999999997	564
32.42	563
22.770000000000003	569
29.82	566
31.270000000000003	558
38.32	557
10.77	572
17.82	569
19.27	561
26.32	560
16.67	566
23.720000000000002	563
25.17	553
32.22	552
17.7	568
24.75	565
26.2	559
33.25	558
23.6	563
30.650000000000002	560
32.1	552
39.150000000000006	551
13.419999999999998	569
20.47	566
21.92	558
28.97	557
19.32	565
26.37	562
27.82	552
34.870000000000005	551
20.35	566
27.4	563
28.85	557
35.9	556
26.25	562
33.3	559
34.75	551
41.8	550
8.43	570
15.48	567
16.93	559
23.98	558
14.33	564
21.38	561
22.83	551
29.88	550
15.36	566
22.41	563
23.86	557
30.91	556
21.259999999999998	561
28.31	558
29.759999999999998	550
36.81	549
11.08	566
18.13	563
19.58	555
26.63	554
16.98	563
24.03	560
25.48	550
32.53	549
18.009999999999998	563
25.06	560
26.509999999999998	554
33.56	553
23.91	560
30.96	557
32.41	549
39.46	548
11.91	564
18.96	561
20.41	553
27.46	552
17.810000000000002	558
24.86	555
26.310000000000002	545
33.36	544
18.84	560
25.89	557
27.34	551
34.39	550
24.740000000000002	555
31.79	552
33.24	544
40.29	543
14.56	560
21.61	557
23.06	549
30.11	548
20.46	557
27.509999999999998	554
28.96	544
36.01	543
21.49	557
28.54	554
29.99	548
37.04	547
27.39	554
34.44	551
35.89	543
42.94	542
12.649999999999999	569
19.7	566
21.15	558
28.2	557
18.55	563
25.6	561
27.05	551
34.1	550
19.58	565
26.63	562
28.08	556
35.129999999999995	555
25.48	560
32.53	558
33.980000000000004	550
41.03	549
15.299999999999999	566
22.349999999999998	563
23.799999999999997	554
30.849999999999998	553
21.200000000000003	562
28.25	559
29.700000000000003	550
36.75	549
22.229999999999997	563
29.279999999999998	560
30.729999999999997	553
37.78	552
28.130000000000003	559
35.18	556
36.63	549
43.68	548
16.13	562
23.18	559
24.63	551
31.68	550
22.03	556
29.080000000000002	554
30.53	544
37.58	543
23.06	558
30.11	555
31.56	549
38.61	548
28.96	553
36.010000000000005	551
37.46	543
44.510000000000005	542
18.78	559
25.83	556
27.28	547
34.33	546
24.68	555
31.73	552
33.18	543
40.230000000000004	542
25.71	556
32.76	553
34.21	546
41.26	545
31.61	552
38.66	549
40.11	542
47.16	541
8.14	577
15.190000000000001	574
16.64	566
23.69	565
14.040000000000001	569
21.090000000000003	566
22.54	556
29.590000000000003	555
15.07	573
22.12	570
23.57	564
30.62	563
20.97	566
28.020000000000003	563
29.47	555
36.52	554
10.790000000000001	573
17.84	570
19.29	562
26.34	561
16.69	568
23.740000000000002	565
25.19	555
32.24	554
17.72	570
24.77	567
26.22	561
33.269999999999996	560
23.62	565
30.67	562
32.120000000000005	554
39.17	553
11.620000000000001	571
18.67	568
20.12	560
27.17	559
17.52	563
24.570000000000004	560
26.020000000000003	550
33.07000000000001	549
18.55	567
25.6	564
27.05	558
34.1	557
24.450000000000003	560
31.500000000000004	557
32.95	549
40.0	548
14.27	567
21.32	564
22.770000000000003	556
29.82	555
20.17	562
27.220000000000002	559
28.67	549
35.72	548
21.200000000000003	564
28.25	561
29.700000000000003	555
36.75	554
27.1	559
34.150000000000006	556
35.6	548
42.650000000000006	547
12.36	573
19.41	570
20.86	562
27.91	561
18.26	567
25.310000000000002	564
26.76	554
33.81	553
19.29	569
26.34	566
27.79	560
34.84	559
25.19	564
32.24	561
33.69	553
40.74	552
15.010000000000002	570
22.06	567
23.51	559
30.56	558
20.910000000000004	566
27.96	563
29.410000000000004	553
36.46	552
21.94	567
28.99	564
30.44	558
37.489999999999995	557
27.840000000000003	563
34.89	560
36.34	552
43.39	551
15.84	567
22.89	564
24.34	556
31.39	555
21.740000000000002	561
28.790000000000003	558
30.240000000000002	548
37.290000000000006	547
22.77	563
29.82	560
31.27	554
38.32	553
28.67	558
35.72	555
37.17	547
44.22	546
18.490000000000002	564
25.54	561
26.990000000000002	553
34.04	552
24.390000000000004	560
31.44	557
32.89	547
39.94	546
25.42	561
32.47	558
33.92	552
40.97	551
31.320000000000004	557
38.370000000000005	554
39.82000000000001	546
46.870000000000005	545
13.5	569
20.55	566
22.0	558
29.05	557
19.4	563
26.450000000000003	560
27.9	550
34.95	549
20.43	565
27.48	562
28.93	556
35.980000000000004	555
26.33	560
33.38	557
34.83	549
41.88	548
16.15	565
23.2	562
24.65	554
31.7	553
22.05	562
29.1	559
30.55	549
37.6	548
23.08	562
30.13	559
31.58	553
38.629999999999995	552
28.98	559
36.03	556
37.480000000000004	548
44.53	547
16.98	563
24.03	560
25.48	552
32.53	551
22.880000000000003	557
29.930000000000003	554
31.380000000000003	544
38.43000000000001	543
23.91	559
30.96	556
32.41	550
39.46	549
29.810000000000002	554
36.86	551
38.31	543
45.36	542
19.630000000000003	559
26.68	556
28.130000000000003	548
35.18	547
25.53	556
32.58	553
34.03	543
41.08	542
26.560000000000002	556
33.61	553
35.06	547
42.11	546
32.46	553
39.510000000000005	550
40.96	542
48.010000000000005	541
17.72	567
24.77	564
26.22	556
33.269999999999996	555
23.62	561
30.67	559
32.120000000000005	549
39.17	548
24.65	563
31.7	560
33.15	554
40.2	553
30.55	558
37.6	556
39.05	548
46.1	547
20.37	564
27.419999999999998	561
28.87	552
35.92	551
26.270000000000003	560
33.32	557
34.77	548
41.82	547
27.3	561
34.349999999999994	558
35.8	551
42.849999999999994	550
33.2	557
40.25	554
41.7	547
48.75	546
21.2	561
28.25	558
29.7	549
36.75	549
27.1	555
34.150000000000006	553
35.6	542
42.650000000000006	541
28.13	557
35.18	554
36.629999999999995	547
43.68	547
34.03	552
41.08	550
42.53	541
49.58	540
23.85	558
30.9	555
32.35	545
39.4	545
29.750000000000004	554
36.8	551
38.25	541
45.3	540
30.78	555
37.83	552
39.28	544
46.33	544
36.68000000000001	551
43.730000000000004	548
45.18000000000001	540
52.230000000000004	539
7.76	580
14.809999999999999	577
16.26	569
23.310000000000002	568
13.66	572
20.71	569
22.160000000000004	559
29.21	558
14.690000000000001	576
21.740000000000002	573
23.19	567
30.240000000000002	566
20.590000000000003	569
27.64	566
29.090000000000003	558
36.14	557
10.41	576
17.46	573
18.91	565
25.96	564
16.310000000000002	571
23.36	568
24.810000000000002	558
31.86	557
17.34	573
24.39	570
25.84	564
32.89	563
23.240000000000002	568
30.29	565
31.740000000000002	557
38.79	556
11.24	573
18.29	570
19.740000000000002	562
26.790000000000003	561
17.14	565
24.189999999999998	562
25.64	552
32.69	551
18.17	569
25.220000000000002	566
26.67	560
33.72	559
24.07	562
31.12	559
32.57	551
39.620000000000005	550
13.89	569
20.939999999999998	566
22.39	558
29.44	557
19.79	564
26.84	561
28.290000000000003	551
35.34	550
20.82	566
27.87	563
29.32	557
36.370000000000005	556
26.720000000000002	561
33.77	558
35.22	550
42.27	549
11.98	576
19.03	573
20.48	565
27.53	564
17.880000000000003	570
24.93	567
26.380000000000003	557
33.43000000000001	556
18.91	572
25.96	569
27.41	563
34.46	562
24.810000000000002	567
31.860000000000003	564
33.31	556
40.36	555
14.629999999999999	573
21.68	570
23.130000000000003	562
30.18	561
20.53	569
27.58	566
29.03	556
36.08	555
21.560000000000002	570
28.61	567
30.060000000000002	561
37.11	560
27.46	566
34.510000000000005	563
35.96	555
43.010000000000005	554
15.46	570
22.509999999999998	567
23.96	559
31.01	558
21.36	564
28.410000000000004	561
29.860000000000003	551
36.910000000000004	550
22.39	566
29.44	563
30.89	557
37.94	556
28.290000000000003	561
35.34	558
36.790000000000006	550
43.84	549
18.11	567
25.159999999999997	564
26.61	556
33.66	555
24.01	563
31.060000000000002	560
32.510000000000005	550
39.56	549
25.04	564
32.09	561
33.54	555
40.59	554
30.940000000000005	560
37.99	557
39.440000000000005	549
46.49	548
13.120000000000001	567
20.17	564
21.62	556
28.67	555
19.020000000000003	561
26.07	558
27.520000000000003	548
34.57	547
20.05	563
27.1	560
28.55	554
35.6	553
25.950000000000003	558
33.0	555
34.45	547
41.5	546
15.770000000000001	563
22.82	560
24.27	552
31.32	551
21.67	560
28.72	557
30.17	547
37.22	546
22.7	560
29.75	557
31.2	551
38.25	550
28.6	557
35.65	554
37.1	546
44.15	545
16.6	561
23.650000000000002	558
25.1	550
32.15	549
22.5	555
29.55	552
31.0	542
38.05	541
23.53	557
30.580000000000002	554
32.03	548
39.08	547
29.43	552
36.480000000000004	549
37.93	541
44.980000000000004	540
19.25	557
26.3	554
27.75	546
34.8	545
25.150000000000002	554
32.2	551
33.650000000000006	541
40.7	540
26.18	554
33.230000000000004	551
34.68	545
41.730000000000004	544
32.08	551
39.13	548
40.58	540
47.63	539
17.34	566
24.39	563
25.84	555
32.89	554
23.240000000000002	560
30.290000000000003	558
31.740000000000002	548
38.790000000000006	547
24.27	562
31.32	559
32.77	553
39.82	552
30.17	557
37.22	555
38.67	547
45.72	546
19.990000000000002	563
27.04	560
28.490000000000002	551
35.54	550
25.89	559
32.94	556
34.39	547
41.44	546
26.92	560
33.97	557
35.42	550
42.47	549
32.82	556
39.870000000000005	553
41.32	546
48.370000000000005	545
20.82	559
27.87	556
29.32	548
36.370000000000005	547
26.720000000000002	553
33.77	551
35.22	541
42.27	540
27.75	555
34.8	552
36.25	546
43.3	545
33.650000000000006	550
40.7	548
42.150000000000006	540
49.2	539
23.47	556
30.52	553
31.97	544
39.019999999999996	543
29.370000000000005	552
36.42	549
37.870000000000005	540
44.92	539
30.4	553
37.45	550
38.9	543
45.95	542
36.300000000000004	549
43.35	546
44.800000000000004	539
51.85	538
12.83	574
19.880000000000003	571
21.330000000000002	563
28.380000000000003	562
18.73	566
25.78	563
27.230000000000004	553
34.28	552
19.76	570
26.810000000000002	567
28.26	561
35.31	560
25.660000000000004	563
32.71000000000001	560
34.160000000000004	552
41.21000000000001	551
15.48	570
22.53	567
23.980000000000004	559
31.03	558
21.380000000000003	565
28.43	562
29.880000000000003	552
36.93000000000001	551
22.410000000000004	567
29.46	564
30.910000000000004	558
37.96	557
28.310000000000002	562
35.36	559
36.81	551
43.86	550
16.310000000000002	568
23.36	565
24.810000000000002	557
31.860000000000003	556
22.21	560
29.260000000000005	557
30.71	547
37.760000000000005	546
23.240000000000002	564
30.290000000000003	561
31.740000000000002	555
38.790000000000006	554
29.14	557
36.190000000000005	554
37.64	546
44.690000000000005	545
18.96	564
26.009999999999998	561
27.46	553
34.510000000000005	552
24.86	559
31.910000000000004	556
33.36	546
40.410000000000004	545
25.89	561
32.94	558
34.39	552
41.44	551
31.790000000000003	556
38.84	553
40.290000000000006	545
47.34	544
17.049999999999997	569
24.1	566
25.55	558
32.6	557
22.950000000000003	563
30.0	560
31.450000000000003	550
38.5	549
23.98	565
31.03	562
32.480000000000004	556
39.53	555
29.880000000000003	560
36.93000000000001	557
38.38	549
45.43000000000001	548
19.700000000000003	566
26.75	563
28.200000000000003	555
35.25	554
25.6	562
32.65	559
34.10000000000001	549
41.150000000000006	548
26.630000000000003	563
33.68	560
35.13	554
42.18	553
32.53	559
39.58	556
41.03	548
48.08	547
20.53	564
27.58	561
29.03	553
36.08	552
26.43	558
33.480000000000004	555
34.93000000000001	545
41.980000000000004	544
27.46	560
34.510000000000005	557
35.96	551
43.010000000000005	550
33.36	555
40.410000000000004	552
41.86	544
48.910000000000004	543
23.18	561
30.229999999999997	558
31.680000000000003	550
38.730000000000004	549
29.080000000000005	557
36.13	554
37.580000000000005	544
44.63	543
30.110000000000003	558
37.16	555
38.61	549
45.66	548
36.010000000000005	554
43.06	551
44.510000000000005	543
51.56	542
18.19	565
25.240000000000002	562
26.69	554
33.74	553
24.090000000000003	559
31.140000000000004	556
32.59	546
39.64	545
25.12	561
32.17	558
33.620000000000005	552
40.67	551
31.020000000000003	556
38.07000000000001	553
39.52	545
46.57000000000001	544
20.840000000000003	561
27.89	558
29.340000000000003	550
36.39	549
26.740000000000002	558
33.790000000000006	555
35.24	545
42.290000000000006	544
27.770000000000003	558
34.82	555
36.27	549
43.32	548
33.67	555
40.72	552
42.17	544
49.22	543
21.67	559
28.720000000000002	556
30.17	548
37.22	547
27.57	553
34.620000000000005	550
36.07	540
43.120000000000005	539
28.6	555
35.650000000000006	552
37.1	546
44.150000000000006	545
34.5	550
41.550000000000004	547
43.0	539
50.050000000000004	538
24.32	555
31.37	552
32.82	544
39.870000000000005	543
30.220000000000002	552
37.27	549
38.72	539
45.77	538
31.25	552
38.3	549
39.75	543
46.8	542
37.150000000000006	549
44.2	546
45.650000000000006	538
52.7	537
22.41	563
29.46	560
30.91	552
37.96	551
28.310000000000002	557
35.36	555
36.81	545
43.86	544
29.34	559
36.39	556
37.84	550
44.89	549
35.24	554
42.290000000000006	552
43.74	544
50.790000000000006	543
25.060000000000002	560
32.11	557
33.56	548
40.61	547
30.960000000000004	556
38.010000000000005	553
39.46000000000001	544
46.510000000000005	543
31.990000000000002	557
39.04	554
40.49	547
47.54	546
37.89	553
44.94	550
46.39	543
53.44	542
25.89	558
32.94	555
34.39	547
41.44	546
31.790000000000003	552
38.84	550
40.290000000000006	540
47.34	539
32.82	554
39.870000000000005	551
41.32	545
48.370000000000005	544
38.72	549
45.77	547
47.22	539
54.27	538
28.540000000000003	555
35.59	552
37.040000000000006	543
44.09	542
34.440000000000005	551
41.49	548
42.940000000000005	539
49.99	538
35.47	552
42.519999999999996	549
43.97	542
51.019999999999996	541
41.370000000000005	548
48.42	545
49.870000000000005	538
56.92	537
6.08	580
13.129999999999999	577
14.58	569
21.63	568
11.98	572
19.03	569
20.48	559
27.53	558
13.01	576
20.06	573
21.509999999999998	567
28.56	566
18.91	569
25.96	566
27.41	558
34.46	557
8.73	576
15.78	573
17.23	565
24.28	564
14.63	571
21.68	568
23.130000000000003	558
30.18	557
15.66	573
22.71	570
24.16	564
31.21	563
21.560000000000002	568
28.61	565
30.060000000000002	557
37.11	556
9.559999999999999	574
16.61	571
18.060000000000002	563
25.11	562
15.46	566
22.51	563
23.96	553
31.01	552
16.490000000000002	570
23.54	567
24.990000000000002	561
32.04	560
22.39	563
29.44	560
30.89	552
37.94	551
12.21	570
19.259999999999998	567
20.71	559
27.759999999999998	558
18.11	565
25.16	562
26.61	552
33.66	551
19.14	567
26.189999999999998	564
27.64	558
34.69	557
25.04	562
32.09	559
33.54	551
40.59	550
10.299999999999999	577
17.349999999999998	574
18.8	566
25.85	565
16.2	571
23.25	568
24.7	558
31.75	557
17.23	573
24.28	570
25.73	564
32.78	563
23.13	568
30.18	565
31.63	557
38.68	556
12.95	574
20.0	571
21.45	563
28.5	562
18.849999999999998	570
25.9	567
27.35	557
34.4	556
19.88	571
26.93	568
28.38	562
35.43	561
25.78	567
32.83	564
34.28	556
41.33	555
13.78	571
20.83	568
22.28	560
29.33	559
19.68	565
26.73	562
28.18	552
35.230000000000004	551
20.71	567
27.759999999999998	564
29.21	558
36.26	557
26.61	562
33.66	559
35.11	551
42.16	550
16.43	568
23.48	565
24.93	557
31.98	556
22.33	564
29.38	561
30.83	551
37.879999999999995	550
23.36	565
30.41	562
31.86	556
38.91	555
29.259999999999998	561
36.31	558
37.76	550
44.81	549
11.44	568
18.49	565
19.939999999999998	557
26.99	556
17.34	562
24.39	559
25.84	549
32.89	548
18.369999999999997	564
25.419999999999998	561
26.869999999999997	555
33.92	554
24.27	559
31.32	556
32.769999999999996	548
39.82	547
14.09	564
21.14	561
22.59	553
29.64	552
19.990000000000002	561
27.04	558
28.490000000000002	548
35.54	547
21.02	561
28.07	558
29.52	552
36.57	551
26.92	558
33.97	555
35.42	547
42.47	546
14.92	563
21.97	560
23.42	552
30.47	551
20.82	557
27.87	554
29.32	544
36.370000000000005	543
21.85	559
28.9	556
30.35	550
37.4	549
27.75	554
34.8	551
36.25	543
43.3	542
17.57	559
24.619999999999997	556
26.07	548
33.12	547
23.47	556
30.52	553
31.97	543
39.019999999999996	542
24.5	556
31.549999999999997	553
33.0	547
40.05	546
30.4	553
37.45	550
38.9	542
45.95	541
15.66	566
22.71	563
24.16	555
31.21	554
21.56	560
28.61	558
30.06	548
37.11	547
22.59	562
29.64	559
31.09	553
38.14	552
28.49	557
35.54	555
36.989999999999995	547
44.04	546
18.31	563
25.36	560
26.81	551
33.86	550
24.21	559
31.259999999999998	556
32.71	547
39.76	546
25.24	560
32.29	557
33.739999999999995	550
40.79	549
31.14	556
38.19	553
39.64	546
46.69	545
19.14	561
26.189999999999998	558
27.64	550
34.69	549
25.04	555
32.09	553
33.54	543
40.59	542
26.07	557
33.12	554
34.57	548
41.62	547
31.97	552
39.019999999999996	550
40.47	542
47.519999999999996	541
21.79	558
28.84	555
30.29	546
37.34	545
27.689999999999998	554
34.739999999999995	551
36.19	542
43.239999999999995	541
28.72	555
35.769999999999996	552
37.22	545
44.269999999999996	544
34.62	551
41.67	548
43.12	541
50.17	540
11.15	575
18.2	572
19.65	564
26.700000000000003	563
17.05	567
24.1	564
25.55	554
32.6	553
18.08	571
25.130000000000003	568
26.58	562
33.63	561
23.98	564
31.03	561
32.480000000000004	553
39.53	552
13.8	571
20.85	568
22.3	560
29.35	559
19.700000000000003	566
26.75	563
28.200000000000003	553
35.25	552
20.73	568
27.78	565
29.23	559
36.28	558
26.630000000000003	563
33.68	560
35.13	552
42.18	551
14.629999999999999	569
21.68	566
23.130000000000003	558
30.18	557
20.53	561
27.580000000000002	558
29.03	548
36.08	547
21.560000000000002	565
28.61	562
30.060000000000002	556
37.11	555
27.46	558
34.510000000000005	555
35.96	547
43.010000000000005	546
17.28	565
24.330000000000002	562
25.78	554
32.83	553
23.180000000000003	560
30.23	557
31.680000000000003	547
38.730000000000004	546
24.21	562
31.26	559
32.71	553
39.760000000000005	552
30.110000000000003	557
37.16	554
38.61	546
45.66	545
15.370000000000001	571
22.42	568
23.87	560
30.92	559
21.27	565
28.32	562
29.77	552
36.82	551
22.3	567
29.35	564
30.8	558
37.85	557
28.2	562
35.25	559
36.7	551
43.75	550
18.02	568
25.07	565
26.52	557
33.57	556
23.92	564
30.97	561
32.42	551
39.47	550
24.95	565
32.0	562
33.45	556
40.5	555
30.85	561
37.9	558
39.35	550
46.4	549
18.85	565
25.900000000000002	562
27.35	554
34.400000000000006	553
24.75	559
31.8	556
33.25	546
40.3	545
25.78	561
32.83	558
34.28	552
41.33	551
31.68	556
38.730000000000004	553
40.18	545
47.230000000000004	544
21.5	562
28.55	559
30.0	551
37.05	550
27.400000000000002	558
34.449999999999996	555
35.900000000000006	545
42.95	544
28.43	559
35.480000000000004	556
36.93	550
43.980000000000004	549
34.33	555
41.379999999999995	552
42.83	544
49.879999999999995	543
16.509999999999998	567
23.560000000000002	564
25.009999999999998	556
32.06	555
22.41	561
29.46	558
30.91	548
37.96	547
23.439999999999998	563
30.490000000000002	560
31.939999999999998	554
38.99	553
29.34	558
36.39	555
37.84	547
44.89	546
19.16	563
26.21	560
27.66	552
34.71	551
25.060000000000002	560
32.11	557
33.56	547
40.61	546
26.09	560
33.14	557
34.59	551
41.64	550
31.990000000000002	557
39.04	554
40.49	546
47.54	545
19.990000000000002	562
27.04	559
28.490000000000002	551
35.54	550
25.89	556
32.94	553
34.39	543
41.44	542
26.92	558
33.97	555
35.42	549
42.47	548
32.82	553
39.870000000000005	550
41.32	542
48.370000000000005	541
22.64	558
29.69	555
31.14	547
38.19	546
28.540000000000003	555
35.59	552
37.040000000000006	542
44.09	541
29.57	555
36.620000000000005	552
38.07	546
45.120000000000005	545
35.47	552
42.519999999999996	549
43.97	541
51.019999999999996	540
20.73	565
27.78	562
29.23	554
36.28	553
26.63	559
33.68	557
35.129999999999995	547
42.18	546
27.66	561
34.71	558
36.16	552
43.21	551
33.56	556
40.61	554
42.06	546
49.11	545
23.38	562
30.43	559
31.88	550
38.93	549
29.28	558
36.33	555
37.78	546
44.83	545
30.31	559
37.36	556
38.81	549
45.86	548
36.21	555
43.26	552
44.71	545
51.76	544
24.21	559
31.26	556
32.71	548
39.760000000000005	547
30.11	553
37.16	551
38.61	541
45.66	540
31.14	555
38.19	552
39.64	546
46.69	545
37.04	550
44.09	548
45.54	540
52.59	539
26.86	556
33.91	553
35.36	544
42.41	543
32.760000000000005	552
39.81	549
41.260000000000005	540
48.31	539
33.79	553
40.84	550
42.29	543
49.34	542
39.69	549
46.739999999999995	546
48.19	539
55.239999999999995	538
10.77	579
17.82	576
19.270000000000003	568
26.32	567
16.67	571
23.72	568
25.17	558
32.22	557
17.700000000000003	575
24.75	572
26.200000000000003	566
33.25	565
23.6	568
30.650000000000002	565
32.1	557
39.150000000000006	556
13.42	575
20.47	572
21.92	564
28.97	563
19.32	570
26.369999999999997	567
27.82	557
34.870000000000005	556
20.35	572
27.4	569
28.85	563
35.9	562
26.25	567
33.3	564
34.75	556
41.8	555
14.25	573
21.299999999999997	570
22.75	562
29.8	561
20.15	565
27.200000000000003	562
28.650000000000002	552
35.7	551
21.18	569
28.23	566
29.68	560
36.730000000000004	559
27.080000000000002	562
34.13	559
35.58	551
42.63	550
16.9	569
23.95	566
25.400000000000002	558
32.45	557
22.8	564
29.85	561
31.300000000000004	551
38.35	550
23.830000000000002	566
30.880000000000003	563
32.33	557
39.38	556
29.730000000000004	561
36.78	558
38.230000000000004	550
45.28	549
14.989999999999998	575
22.04	572
23.490000000000002	564
30.54	563
20.89	569
27.939999999999998	566
29.39	556
36.44	555
21.92	571
28.97	568
30.42	562
37.47	561
27.82	566
34.870000000000005	563
36.32	555
43.370000000000005	554
17.64	572
24.689999999999998	569
26.14	561
33.19	560
23.54	568
30.589999999999996	565
32.04	555
39.09	554
24.57	569
31.62	566
33.07	560
40.120000000000005	559
30.47	565
37.519999999999996	562
38.97	554
46.019999999999996	553
18.47	570
25.52	567
26.970000000000002	559
34.02	558
24.369999999999997	564
31.42	561
32.870000000000005	551
39.92	550
25.400000000000002	566
32.45	563
33.9	557
40.95	556
31.3	561
38.35	558
39.8	550
46.85	549
21.119999999999997	567
28.17	564
29.62	556
36.67	555
27.02	563
34.07	560
35.52	550
42.57	549
28.05	564
35.1	561
36.55	555
43.6	554
33.95	560
41.0	557
42.45	549
49.5	548
16.130000000000003	566
23.18	563
24.630000000000003	555
31.68	554
22.03	560
29.080000000000002	557
30.53	547
37.58	546
23.060000000000002	562
30.11	559
31.560000000000002	553
38.61	552
28.96	557
36.010000000000005	554
37.46	546
44.510000000000005	545
18.78	562
25.83	559
27.28	551
34.33	550
24.68	559
31.73	556
33.18	546
40.230000000000004	545
25.71	559
32.76	556
34.21	550
41.26	549
31.61	556
38.66	553
40.11	545
47.16	544
19.61	561
26.66	558
28.11	550
35.16	549
25.51	555
32.56	552
34.010000000000005	542
41.06	541
26.54	557
33.59	554
35.04	548
42.09	547
32.44	552
39.49	549
40.94	541
47.99	540
22.26	557
29.310000000000002	554
30.76	546
37.81	545
28.160000000000004	554
35.21	551
36.660000000000004	541
43.71	540
29.19	554
36.24	551
37.69	545
44.74	544
35.09	551
42.14	548
43.59	540
50.64	539
20.35	565
27.4	562
28.85	554
35.9	553
26.25	559
33.3	557
34.75	547
41.8	546
27.28	561
34.33	558
35.78	552
42.83	551
33.18	556
40.230000000000004	554
41.68	546
48.730000000000004	545
23.0	562
30.05	559
31.5	550
38.55	549
28.9	558
35.95	555
37.4	546
44.45	545
29.93	559
36.980000000000004	556
38.43	549
45.480000000000004	548
35.83	555
42.879999999999995	552
44.33	545
51.379999999999995	544
23.830000000000002	559
30.880000000000003	556
32.33	548
39.38	547
29.73	553
36.78	551
38.230000000000004	541
45.28	540
30.76	555
37.81	552
39.26	546
46.31	545
36.66	550
43.71	548
45.16	540
52.21	539
26.48	556
33.53	553
34.980000000000004	544
42.03	543
32.38	552
39.43	549
40.88	540
47.93	539
33.41	553
40.46	550
41.91	543
48.96	542
39.31	549
46.36	546
47.81	539
54.86	538
15.84	573
22.89	570
24.340000000000003	562
31.39	561
21.740000000000002	565
28.79	562
30.240000000000002	552
37.290000000000006	551
22.770000000000003	569
29.82	566
31.270000000000003	560
38.32	559
28.67	562
35.72	559
37.17	551
44.22	550
18.490000000000002	569
25.54	566
26.990000000000002	558
34.040000000000006	557
24.39	564
31.439999999999998	561
32.89	551
39.94	550
25.42	566
32.47	563
33.92	557
40.97	556
31.320000000000004	561
38.370000000000005	558
39.82000000000001	550
46.870000000000005	549
19.32	568
26.37	565
27.82	557
34.870000000000005	556
25.22	560
32.27	557
33.72	547
40.77	546
26.25	564
33.300000000000004	561
34.75	555
41.800000000000004	554
32.150000000000006	557
39.2	554
40.650000000000006	546
47.7	545
21.97	564
29.020000000000003	561
30.470000000000002	553
37.52	552
27.870000000000005	559
34.92	556
36.370000000000005	546
43.42	545
28.900000000000002	561
35.95	558
37.400000000000006	552
44.45	551
34.800000000000004	556
41.85	553
43.300000000000004	545
50.35	544
20.060000000000002	568
27.11	565
28.560000000000002	557
35.61	556
25.96	562
33.01	559
34.46	549
41.510000000000005	548
26.990000000000002	564
34.040000000000006	561
35.49	555
42.540000000000006	554
32.89	559
39.94	556
41.39	548
48.44	547
22.71	565
29.759999999999998	562
31.21	554
38.260000000000005	553
28.61	561
35.66	558
37.11	548
44.16	547
29.64	562
36.69	559
38.14	553
45.19	552
35.540000000000006	558
42.59	555
44.040000000000006	547
51.09	546
23.54	564
30.590000000000003	561
32.040000000000006	553
39.09	552
29.439999999999998	558
36.49	555
37.94	545
44.99	544
30.470000000000002	560
37.52	557
38.97	551
46.02	550
36.370000000000005	555
43.42	552
44.870000000000005	544
51.92	543
26.189999999999998	561
33.24	558
34.69	550
41.74	549
32.09	557
39.14	554
40.59	544
47.64	543
33.120000000000005	558
40.17	555
41.620000000000005	549
48.67	548
39.02	554
46.07	551
47.52	543
54.57	542
21.200000000000003	564
28.25	561
29.700000000000003	553
36.75	552
27.1	558
34.150000000000006	555
35.6	545
42.650000000000006	544
28.130000000000003	560
35.18	557
36.63	551
43.68	550
34.03	555
41.08	552
42.53	544
49.58	543
23.85	560
30.900000000000002	557
32.35	549
39.400000000000006	548
29.750000000000004	557
36.8	554
38.25	544
45.3	543
30.78	557
37.83	554
39.28	548
46.33	547
36.68000000000001	554
43.730000000000004	551
45.18000000000001	543
52.230000000000004	542
24.68	559
31.730000000000004	556
33.18	548
40.230000000000004	547
30.580000000000002	553
37.63	550
39.08	540
46.13	539
31.61	555
38.660000000000004	552
40.11	546
47.160000000000004	545
37.510000000000005	550
44.56	547
46.010000000000005	539
53.06	538
27.330000000000002	555
34.38	552
35.83	544
42.88	543
33.230000000000004	552
40.28	549
41.730000000000004	539
48.78	538
34.260000000000005	552
41.31	549
42.760000000000005	543
49.81	542
40.160000000000004	549
47.21	546
48.660000000000004	538
55.71	537
25.42	562
32.47	559
33.92	551
40.97	550
31.32	556
38.370000000000005	554
39.82	544
46.870000000000005	543
32.35	558
39.400000000000006	555
40.85	549
47.900000000000006	548
38.25	553
45.3	551
46.75	543
53.8	542
28.07	559
35.120000000000005	556
36.57	547
43.620000000000005	546
33.97	555
41.019999999999996	552
42.47	543
49.519999999999996	542
35.0	556
42.05	553
43.5	546
50.55	545
40.900000000000006	552
47.95	549
49.400000000000006	542
56.45	541
28.900000000000002	558
35.95	555
37.400000000000006	547
44.45	546
34.8	552
41.85	550
43.3	540
50.35	539
35.83	554
42.88	551
44.33	545
51.38	544
41.730000000000004	549
48.78	547
50.230000000000004	539
57.28	538
31.55	555
38.6	552
40.05	543
47.1	542
37.45	551
44.5	548
45.95	539
53.0	538
38.480000000000004	552
45.53	549
46.980000000000004	542
54.03	541
44.38	548
51.43	545
52.88	538
59.93	537
